0 93
0 367
0 601
0 1407
0 1484
1 1013
1 1081
1 1205
1 1498
2 422
2 676
2 704
2 910
2 1038
2 1501
3 22
3 576
3 1110
4 125
4 316
4 359
4 407
4 819
4 1000
4 1264
4 1549
5 82
5 211
5 766
5 1213
5 1259
5 1330
5 1344
5 1523
5 1533
6 233
6 248
6 572
6 636
6 1143
6 1215
6 1386
7 184
7 630
7 1320
7 1340
8 730
9 1104
10 1138
10 1492
11 88
11 98
11 499
11 547
11 693
11 916
11 1469
12 253
12 369
12 386
12 484
12 556
12 674
12 732
12 860
12 930
12 978
12 1005
12 1123
12 1197
12 1217
12 1526
12 1542
12 1588
13 35
13 108
13 132
13 599
13 703
13 1295
13 1316
14 459
15 789
15 878
15 1548
16 68
16 76
16 191
16 214
16 283
16 387
16 391
16 410
16 456
16 512
16 536
16 750
16 843
16 881
16 884
16 981
16 1023
16 1180
16 1224
16 1283
16 1399
16 1476
16 1536
16 1569
17 1129
18 317
18 349
18 470
18 633
18 873
18 892
18 904
18 944
18 1003
18 1048
18 1159
18 1296
18 1328
18 1432
18 1592
19 736
19 1269
20 1423
21 1479
22 576
22 1110
23 1063
23 1069
23 1286
24 112
24 133
24 400
24 720
24 892
24 984
24 1522
25 731
25 836
25 1118
25 1327
25 1369
26 470
27 614
27 748
27 881
27 1096
27 1124
27 1127
27 1209
27 1404
27 1536
28 1124
29 30
29 63
29 586
29 957
29 1130
29 1160
29 1347
30 63
30 64
30 127
30 324
30 586
30 957
30 1160
30 1235
30 1508
31 51
31 69
31 114
31 128
31 154
31 171
31 191
31 239
31 254
31 275
31 348
31 356
31 396
31 449
31 456
31 616
31 627
31 632
31 728
31 742
31 824
31 847
31 959
31 973
31 1008
31 1022
31 1025
31 1034
31 1073
31 1086
31 1166
31 1175
31 1203
31 1270
31 1346
31 1404
31 1420
31 1487
31 1497
31 1517
31 1543
31 1558
31 1598
31 1600
32 1433
33 121
33 1391
34 152
34 162
35 132
35 599
35 703
35 1295
35 1316
36 584
36 1475
37 71
37 179
37 221
37 243
37 372
37 403
37 441
37 461
37 474
37 484
37 570
37 607
37 608
37 617
37 732
37 827
37 854
37 930
37 1012
37 1046
37 1100
37 1214
37 1277
37 1464
37 1585
37 1612
38 57
38 68
38 69
38 113
38 115
38 165
38 210
38 214
38 215
38 234
38 259
38 275
38 374
38 394
38 401
38 447
38 512
38 513
38 522
38 526
38 527
38 545
38 553
38 563
38 600
38 614
38 677
38 687
38 724
38 778
38 838
38 881
38 931
38 981
38 987
38 998
38 1014
38 1050
38 1067
38 1103
38 1105
38 1127
38 1133
38 1192
38 1209
38 1249
38 1258
38 1283
38 1323
38 1354
38 1375
38 1399
38 1404
38 1466
38 1511
38 1554
39 787
39 899
39 1261
40 1358
41 92
41 169
41 175
41 289
41 331
41 347
41 355
41 399
41 656
41 810
41 927
41 945
41 967
41 1056
41 1101
41 1115
41 1151
41 1191
41 1231
41 1309
41 1317
41 1421
42 434
42 437
42 455
42 488
42 517
42 521
42 631
42 667
42 791
42 1136
42 1228
42 1352
42 1426
42 1477
42 1590
43 1621
44 280
44 1109
44 1288
45 164
46 1565
47 277
48 230
49 1368
50 771
50 935
51 68
51 69
51 76
51 113
51 114
51 128
51 144
51 150
51 154
51 165
51 191
51 206
51 214
51 215
51 234
51 239
51 263
51 275
51 356
51 387
51 394
51 396
51 401
51 447
51 456
51 512
51 536
51 545
51 551
51 560
51 563
51 603
51 614
51 616
51 632
51 677
51 681
51 687
51 688
51 745
51 760
51 838
51 843
51 847
51 881
51 884
51 931
51 973
51 981
51 987
51 998
51 1008
51 1022
51 1025
51 1050
51 1065
51 1103
51 1105
51 1127
51 1133
51 1166
51 1171
51 1175
51 1180
51 1192
51 1203
51 1209
51 1218
51 1258
51 1270
51 1283
51 1326
51 1375
51 1399
51 1404
51 1466
51 1476
51 1487
51 1511
51 1517
51 1520
51 1536
51 1600
52 71
52 441
52 484
52 607
52 732
52 930
52 1046
52 1464
52 1612
53 1182
54 290
54 733
54 894
54 1007
54 1281
54 1447
55 366
55 462
55 548
55 1218
55 1512
55 1539
56 104
56 129
56 200
56 267
56 268
56 310
56 360
56 361
56 557
56 613
56 638
56 654
56 679
56 767
56 875
56 879
56 926
56 1183
56 1188
56 1273
56 1325
56 1337
56 1427
56 1488
56 1515
57 68
57 113
57 115
57 210
57 214
57 215
57 234
57 275
57 374
57 394
57 401
57 447
57 512
57 513
57 522
57 526
57 527
57 545
57 563
57 600
57 614
57 623
57 677
57 696
57 724
57 838
57 874
57 881
57 931
57 987
57 1050
57 1103
57 1105
57 1127
57 1133
57 1192
57 1249
57 1258
57 1323
57 1354
57 1375
57 1399
57 1404
58 116
58 130
58 188
58 351
58 438
58 525
58 555
58 565
58 620
58 699
58 702
58 996
58 1170
58 1300
58 1333
58 1356
58 1376
58 1431
58 1496
58 1581
58 1605
59 511
59 1045
60 880
61 1360
62 668
63 64
63 127
63 316
63 350
63 429
63 826
63 943
63 975
63 1070
63 1130
63 1160
63 1235
63 1357
63 1480
63 1508
64 429
64 975
65 251
65 1075
65 1093
65 1506
66 420
66 459
66 552
66 869
66 1429
67 247
67 574
67 880
67 910
68 69
68 102
68 113
68 114
68 115
68 165
68 210
68 214
68 215
68 234
68 259
68 263
68 374
68 387
68 394
68 401
68 410
68 447
68 456
68 512
68 526
68 527
68 545
68 560
68 563
68 600
68 614
68 677
68 687
68 724
68 745
68 750
68 760
68 778
68 838
68 843
68 881
68 884
68 931
68 965
68 981
68 987
68 998
68 1050
68 1103
68 1105
68 1127
68 1133
68 1192
68 1209
68 1218
68 1249
68 1258
68 1266
68 1270
68 1283
68 1323
68 1366
68 1373
68 1375
68 1399
68 1404
68 1466
68 1487
68 1511
68 1536
68 1545
68 1554
69 114
69 128
69 144
69 154
69 165
69 191
69 206
69 215
69 239
69 259
69 263
69 275
69 348
69 370
69 387
69 394
69 397
69 401
69 439
69 447
69 456
69 512
69 526
69 536
69 560
69 600
69 614
69 616
69 677
69 687
69 745
69 750
69 760
69 778
69 838
69 843
69 881
69 884
69 931
69 981
69 987
69 998
69 1050
69 1065
69 1073
69 1103
69 1105
69 1127
69 1133
69 1192
69 1203
69 1209
69 1218
69 1249
69 1258
69 1270
69 1283
69 1326
69 1342
69 1375
69 1399
69 1404
69 1437
69 1466
69 1487
69 1507
69 1511
69 1520
69 1536
69 1543
70 156
70 266
71 105
71 179
71 194
71 198
71 221
71 243
71 372
71 403
71 441
71 461
71 474
71 484
71 595
71 607
71 608
71 617
71 732
71 827
71 845
71 930
71 978
71 1012
71 1046
71 1092
71 1122
71 1123
71 1208
71 1214
71 1217
71 1277
71 1428
71 1464
71 1542
71 1585
71 1612
71 1616
72 719
72 970
72 1128
72 1313
72 1604
73 1211
74 253
74 484
74 732
74 978
74 1005
74 1526
74 1588
75 96
75 1247
76 263
76 275
76 283
76 391
76 439
76 456
76 850
76 1023
76 1180
76 1224
76 1305
76 1404
76 1476
76 1507
76 1550
76 1569
77 119
77 143
77 297
77 305
77 311
77 379
77 395
77 534
77 549
77 666
77 672
77 714
77 994
77 1107
77 1112
77 1200
77 1202
77 1206
77 1382
77 1486
77 1555
78 987
78 1249
79 401
79 512
79 689
79 998
79 1065
79 1399
80 865
80 1321
80 1370
80 1419
80 1442
81 418
82 211
82 766
82 1161
82 1213
82 1259
82 1330
82 1344
82 1523
82 1533
82 1562
83 1071
83 1516
84 304
84 433
84 583
84 759
84 821
84 1016
84 1575
85 166
85 300
85 573
85 773
85 954
85 1069
85 1361
86 214
86 582
86 749
86 769
86 1176
87 120
87 337
87 353
87 882
88 98
88 499
88 547
88 587
88 887
88 915
88 979
88 1094
88 1097
88 1125
88 1169
88 1469
88 1607
89 1583
90 910
91 217
91 330
91 333
91 441
91 595
91 607
91 710
91 757
91 889
91 1012
91 1046
91 1054
91 1122
91 1174
91 1428
91 1532
91 1577
91 1616
92 169
92 175
92 289
92 331
92 347
92 355
92 383
92 399
92 656
92 727
92 810
92 927
92 945
92 967
92 1101
92 1115
92 1151
92 1191
92 1231
92 1309
92 1421
93 367
93 601
93 1407
93 1484
94 277
94 314
95 279
95 1140
95 1212
96 247
96 425
96 597
96 698
96 855
96 909
97 1516
98 547
98 916
99 107
99 241
99 968
99 999
99 1194
99 1556
100 836
100 1327
101 1385
102 191
102 273
102 410
102 456
102 536
102 560
102 614
102 700
102 884
102 971
102 981
102 987
102 1133
102 1158
102 1203
102 1218
102 1229
102 1245
102 1355
102 1399
102 1456
102 1497
102 1520
102 1536
102 1541
102 1554
103 308
103 1550
104 129
104 267
104 268
104 310
104 360
104 361
104 445
104 557
104 613
104 638
104 654
104 679
104 767
104 875
104 879
104 886
104 926
104 1183
104 1188
104 1254
104 1273
104 1325
104 1337
104 1427
104 1437
104 1488
104 1515
105 221
105 403
105 441
105 608
105 617
105 1464
105 1612
106 228
106 235
106 240
106 269
106 301
106 382
106 535
106 593
106 605
106 646
106 751
106 795
106 830
106 832
106 862
106 921
106 950
106 1109
106 1267
106 1279
106 1307
106 1331
106 1345
106 1409
106 1422
106 1439
106 1440
106 1443
106 1471
106 1472
106 1519
106 1559
106 1594
106 1617
106 1620
107 241
107 999
107 1556
108 132
108 703
108 1295
109 362
110 230
110 602
111 1052
111 1450
111 1513
112 892
112 984
112 1522
113 115
113 165
113 210
113 214
113 215
113 234
113 259
113 263
113 387
113 394
113 401
113 447
113 512
113 522
113 526
113 527
113 536
113 545
113 553
113 563
113 600
113 614
113 623
113 677
113 687
113 724
113 745
113 750
113 760
113 778
113 838
113 881
113 931
113 987
113 998
113 1050
113 1067
113 1103
113 1105
113 1127
113 1133
113 1192
113 1209
113 1249
113 1258
113 1283
113 1323
113 1354
113 1375
113 1399
113 1404
113 1466
113 1511
113 1545
113 1574
113 1579
114 128
114 144
114 150
114 165
114 191
114 206
114 215
114 239
114 263
114 275
114 374
114 387
114 394
114 396
114 397
114 401
114 447
114 456
114 526
114 527
114 545
114 560
114 563
114 611
114 614
114 616
114 653
114 681
114 745
114 760
114 778
114 843
114 847
114 881
114 884
114 931
114 981
114 987
114 998
114 1022
114 1025
114 1042
114 1065
114 1073
114 1103
114 1124
114 1127
114 1133
114 1171
114 1192
114 1209
114 1249
114 1258
114 1270
114 1283
114 1289
114 1323
114 1354
114 1375
114 1399
114 1404
114 1420
114 1437
114 1466
114 1487
114 1507
114 1511
114 1520
114 1558
115 165
115 210
115 214
115 215
115 234
115 387
115 394
115 401
115 447
115 512
115 513
115 522
115 526
115 545
115 553
115 563
115 600
115 614
115 677
115 687
115 724
115 838
115 881
115 931
115 1050
115 1103
115 1105
115 1133
115 1192
115 1209
115 1249
115 1258
115 1283
115 1375
115 1399
116 130
116 181
116 188
116 351
116 393
116 438
116 525
116 555
116 565
116 620
116 699
116 702
116 996
116 1107
116 1170
116 1300
116 1333
116 1356
116 1376
116 1431
116 1496
116 1581
116 1605
117 1141
117 1561
118 991
118 1038
118 1187
118 1367
119 143
119 297
119 305
119 311
119 379
119 395
119 534
119 549
119 666
119 672
119 714
119 994
119 1112
119 1149
119 1200
119 1202
119 1206
119 1382
119 1486
119 1500
119 1555
120 337
120 353
120 375
120 644
120 882
120 1058
120 1077
120 1490
121 883
121 1391
122 486
122 492
122 648
122 1250
123 575
123 1055
124 323
125 316
125 359
125 407
125 499
125 592
125 819
125 1000
125 1079
125 1083
125 1264
125 1549
126 193
126 758
126 863
126 890
126 1074
126 1336
127 170
127 316
127 350
127 499
127 507
127 514
127 559
127 776
127 943
127 946
127 988
127 1070
127 1160
127 1165
127 1235
127 1348
127 1439
127 1463
127 1508
128 191
128 206
128 239
128 275
128 396
128 632
128 728
128 847
128 884
128 920
128 1022
128 1166
128 1175
128 1270
128 1283
128 1289
128 1404
128 1487
128 1538
128 1543
128 1558
128 1600
129 268
129 310
129 360
129 361
129 557
129 613
129 638
129 654
129 679
129 767
129 875
129 879
129 886
129 926
129 1183
129 1188
129 1273
129 1325
129 1337
129 1427
129 1488
129 1515
130 181
130 188
130 351
130 393
130 395
130 438
130 525
130 555
130 565
130 620
130 699
130 702
130 996
130 1170
130 1300
130 1333
130 1356
130 1376
130 1431
130 1496
130 1581
130 1605
131 288
131 336
131 384
131 402
131 639
131 961
131 1135
131 1199
131 1408
132 405
132 599
132 703
132 1295
133 400
133 720
133 892
133 984
133 1522
134 650
135 287
135 543
135 735
136 291
136 1314
136 1610
137 523
137 578
137 588
137 755
137 1089
137 1130
137 1380
137 1392
137 1398
137 1411
138 1276
139 169
139 289
139 331
139 347
139 355
139 1101
139 1151
139 1191
139 1231
139 1309
140 669
140 1535
141 278
141 501
141 684
141 837
141 1154
141 1334
141 1459
141 1489
141 1566
142 652
142 1006
142 1505
143 297
143 305
143 311
143 379
143 395
143 534
143 549
143 666
143 714
143 994
143 1200
143 1206
143 1382
143 1555
144 150
144 191
144 216
144 263
144 275
144 295
144 373
144 392
144 456
144 531
144 551
144 570
144 637
144 688
144 734
144 745
144 884
144 981
144 1096
144 1126
144 1174
144 1275
144 1310
144 1377
144 1437
144 1507
145 740
146 444
147 413
147 957
148 616
149 1072
150 191
150 215
150 531
150 551
150 570
150 637
150 688
150 843
150 884
150 1018
150 1124
150 1174
150 1204
150 1218
150 1377
150 1404
150 1520
151 746
152 162
153 195
153 431
153 548
153 929
153 971
153 1218
153 1229
153 1245
153 1265
153 1512
153 1541
154 191
154 239
154 254
154 348
154 449
154 632
154 728
154 745
154 847
154 884
154 973
154 1018
154 1022
154 1025
154 1175
154 1203
154 1218
154 1270
154 1326
154 1543
154 1600
155 256
155 717
155 868
155 872
155 1057
156 266
157 182
157 377
157 499
157 1094
157 1483
158 647
158 737
158 905
158 991
158 1367
159 189
159 238
159 288
159 380
159 390
159 504
159 519
159 695
159 922
159 1090
159 1451
160 426
160 1573
161 170
161 350
161 514
161 604
161 673
161 701
161 776
161 946
161 988
161 1059
161 1070
161 1148
161 1154
161 1165
161 1566
163 836
163 1118
163 1327
165 191
165 210
165 214
165 215
165 234
165 239
165 263
165 275
165 374
165 387
165 394
165 397
165 401
165 447
165 512
165 526
165 527
165 536
165 545
165 553
165 560
165 563
165 600
165 614
165 677
165 681
165 687
165 724
165 745
165 750
165 778
165 838
165 843
165 844
165 881
165 931
165 981
165 987
165 998
165 1014
165 1050
165 1065
165 1103
165 1105
165 1127
165 1133
165 1178
165 1192
165 1209
165 1249
165 1258
165 1270
165 1283
165 1323
165 1324
165 1375
165 1399
165 1404
165 1437
165 1445
165 1466
165 1511
165 1524
165 1554
166 300
166 573
166 773
166 954
167 226
167 342
167 618
167 634
167 649
167 705
167 707
167 1286
167 1298
167 1349
167 1378
167 1384
167 1402
168 1145
168 1519
169 175
169 289
169 331
169 347
169 355
169 399
169 656
169 727
169 810
169 927
169 945
169 967
169 1056
169 1101
169 1115
169 1151
169 1191
169 1231
169 1282
169 1309
169 1421
170 350
170 514
170 604
170 673
170 701
170 776
170 946
170 988
170 1059
170 1070
170 1148
170 1154
170 1165
170 1566
171 191
171 239
171 275
171 356
171 396
171 449
171 616
171 627
171 728
171 742
171 813
171 824
171 847
171 884
171 959
171 973
171 1008
171 1022
171 1025
171 1034
171 1086
171 1166
171 1175
171 1252
171 1270
171 1420
171 1517
171 1543
171 1558
171 1598
171 1600
172 1549
173 194
173 253
173 556
173 732
173 978
173 1005
173 1123
173 1197
173 1526
173 1588
174 532
175 289
175 331
175 347
175 355
175 383
175 399
175 656
175 810
175 927
175 945
175 967
175 1056
175 1101
175 1115
175 1151
175 1191
175 1231
175 1309
175 1421
176 287
176 431
176 466
176 664
176 743
176 888
176 997
176 1002
176 1060
176 1284
176 1341
176 1512
176 1560
177 470
177 986
178 455
179 243
179 372
179 403
179 461
179 474
179 484
179 570
179 617
179 732
179 827
179 930
179 1012
179 1046
179 1100
179 1214
179 1277
179 1464
179 1585
179 1612
180 1468
181 351
181 393
181 438
181 525
181 555
181 565
181 620
181 699
181 702
181 996
181 1107
181 1170
181 1234
181 1300
181 1333
181 1356
181 1376
181 1431
181 1496
181 1581
181 1605
182 293
182 499
182 1094
182 1483
183 1369
184 630
184 1320
184 1340
185 685
185 1237
185 1260
186 316
186 454
186 490
186 499
186 564
186 819
186 993
186 1244
186 1293
186 1417
186 1519
186 1549
187 489
187 816
188 351
188 393
188 438
188 525
188 555
188 565
188 620
188 699
188 702
188 996
188 1170
188 1300
188 1333
188 1356
188 1376
188 1431
188 1581
188 1605
189 220
189 238
189 368
189 380
189 390
189 437
189 504
189 506
189 519
189 530
189 658
189 686
189 695
189 744
189 764
189 922
189 1090
189 1189
189 1228
189 1410
189 1451
189 1453
189 1593
190 354
190 504
190 922
190 1090
190 1451
191 214
191 215
191 239
191 263
191 273
191 275
191 348
191 356
191 394
191 396
191 410
191 449
191 456
191 526
191 551
191 614
191 616
191 627
191 632
191 728
191 745
191 750
191 778
191 801
191 824
191 843
191 847
191 884
191 959
191 971
191 973
191 981
191 987
191 998
191 1008
191 1018
191 1022
191 1025
191 1034
191 1086
191 1127
191 1166
191 1175
191 1203
191 1218
191 1224
191 1245
191 1249
191 1270
191 1326
191 1366
191 1399
191 1404
191 1438
191 1465
191 1487
191 1517
191 1520
191 1536
191 1543
191 1598
191 1600
192 718
192 1110
193 758
193 863
193 890
193 1074
193 1336
194 198
194 221
194 253
194 386
194 403
194 441
194 484
194 556
194 607
194 617
194 732
194 788
194 845
194 930
194 978
194 1005
194 1012
194 1046
194 1092
194 1122
194 1123
194 1174
194 1208
194 1217
194 1464
194 1467
194 1526
194 1542
194 1585
194 1588
194 1612
195 273
195 282
195 287
195 410
195 431
195 466
195 487
195 502
195 548
195 619
195 700
195 711
195 743
195 888
195 929
195 965
195 971
195 977
195 981
195 982
195 987
195 1047
195 1106
195 1158
195 1218
195 1229
195 1245
195 1265
195 1284
195 1366
195 1375
195 1399
195 1438
195 1456
195 1497
195 1512
195 1520
195 1536
195 1541
195 1560
196 691
196 1536
197 326
197 817
198 441
198 732
198 845
198 930
198 1012
198 1046
198 1123
198 1174
198 1208
198 1217
198 1467
198 1542
198 1612
199 1010
200 310
200 767
200 879
200 1325
201 515
201 636
201 822
201 953
202 219
202 637
202 914
202 1142
202 1314
202 1540
202 1552
202 1586
203 721
204 1278
205 1021
206 275
206 394
206 447
206 456
206 603
206 611
206 760
206 884
206 920
206 1289
206 1404
206 1487
206 1538
206 1558
207 802
208 1083
209 1504
210 214
210 215
210 234
210 259
210 275
210 287
210 374
210 387
210 394
210 401
210 431
210 447
210 512
210 513
210 522
210 526
210 536
210 545
210 560
210 563
210 600
210 614
210 619
210 677
210 724
210 750
210 778
210 838
210 843
210 881
210 931
210 981
210 987
210 998
210 1050
210 1065
210 1073
210 1105
210 1127
210 1133
210 1192
210 1209
210 1229
210 1249
210 1258
210 1265
210 1323
210 1354
210 1375
210 1399
210 1404
210 1445
210 1466
210 1487
210 1511
210 1520
210 1536
210 1545
210 1554
210 1579
211 766
211 1213
211 1259
211 1330
211 1344
211 1523
211 1533
212 281
212 1013
212 1081
212 1205
212 1498
213 374
214 215
214 234
214 259
214 263
214 275
214 374
214 387
214 394
214 401
214 427
214 447
214 512
214 513
214 522
214 526
214 527
214 536
214 545
214 560
214 563
214 600
214 614
214 619
214 677
214 687
214 689
214 724
214 745
214 748
214 750
214 778
214 838
214 843
214 844
214 881
214 884
214 929
214 931
214 981
214 987
214 998
214 1050
214 1065
214 1103
214 1105
214 1127
214 1133
214 1178
214 1192
214 1209
214 1218
214 1249
214 1258
214 1265
214 1283
214 1323
214 1355
214 1366
214 1373
214 1375
214 1399
214 1404
214 1445
214 1456
214 1466
214 1511
214 1512
214 1536
214 1545
214 1554
215 234
215 275
215 374
215 387
215 394
215 401
215 421
215 447
215 456
215 469
215 512
215 513
215 526
215 527
215 536
215 545
215 551
215 553
215 560
215 563
215 598
215 600
215 614
215 623
215 677
215 681
215 687
215 688
215 724
215 745
215 750
215 760
215 778
215 838
215 843
215 881
215 884
215 931
215 981
215 987
215 998
215 1050
215 1065
215 1103
215 1105
215 1127
215 1133
215 1178
215 1192
215 1204
215 1209
215 1249
215 1258
215 1283
215 1323
215 1354
215 1375
215 1399
215 1404
215 1437
215 1507
215 1520
215 1554
216 295
216 373
216 734
216 1126
216 1230
216 1275
217 330
217 333
217 441
217 595
217 607
217 710
217 732
217 757
217 889
217 930
217 1012
217 1046
217 1054
217 1122
217 1123
217 1174
217 1532
217 1616
218 893
219 914
219 1142
219 1540
219 1552
219 1586
220 238
220 368
220 380
220 390
220 437
220 504
220 506
220 519
220 530
220 658
220 686
220 695
220 744
220 764
220 922
220 1090
220 1410
220 1451
220 1453
220 1593
221 372
221 403
221 441
221 484
221 607
221 608
221 617
221 732
221 845
221 930
221 1012
221 1046
221 1123
221 1208
221 1214
221 1217
221 1277
221 1464
221 1542
221 1585
221 1612
222 414
223 450
224 849
224 858
225 398
226 342
226 618
226 634
226 649
226 705
226 707
226 1286
226 1298
226 1349
226 1378
226 1384
226 1402
226 1619
227 933
228 235
228 382
228 535
228 593
228 646
228 751
228 830
228 1345
228 1422
228 1440
228 1443
228 1617
229 539
229 544
229 857
229 902
229 1029
230 270
230 602
231 246
232 272
232 358
232 591
232 805
233 248
233 572
233 1143
233 1215
234 259
234 275
234 374
234 394
234 401
234 447
234 512
234 513
234 522
234 526
234 527
234 536
234 545
234 560
234 563
234 600
234 614
234 623
234 677
234 687
234 724
234 745
234 750
234 778
234 838
234 881
234 931
234 981
234 998
234 1050
234 1067
234 1084
234 1103
234 1105
234 1127
234 1133
234 1178
234 1192
234 1209
234 1248
234 1249
234 1258
234 1324
234 1354
234 1375
234 1399
234 1404
234 1466
234 1511
234 1524
234 1545
234 1554
235 382
235 472
235 528
235 535
235 593
235 605
235 646
235 751
235 830
235 1109
235 1345
235 1422
235 1440
235 1443
235 1519
235 1587
235 1617
236 315
236 574
236 779
236 898
236 1458
237 332
237 464
237 518
237 561
237 765
237 1319
237 1485
238 255
238 312
238 368
238 380
238 390
238 437
238 504
238 506
238 519
238 530
238 658
238 686
238 695
238 744
238 762
238 764
238 922
238 1090
238 1152
238 1189
238 1372
238 1410
238 1451
238 1453
238 1593
239 275
239 348
239 356
239 396
239 449
239 616
239 627
239 632
239 728
239 760
239 824
239 847
239 884
239 959
239 973
239 1008
239 1022
239 1025
239 1166
239 1175
239 1203
239 1270
239 1326
239 1346
239 1404
239 1465
239 1487
239 1517
239 1543
239 1600
240 269
240 795
240 921
240 950
240 1267
240 1279
240 1331
240 1409
240 1439
240 1440
240 1443
240 1594
240 1617
240 1620
241 999
242 836
242 1327
243 372
243 461
243 570
243 617
243 827
243 930
243 1277
243 1464
243 1585
243 1612
244 1582
245 806
245 1095
245 1308
245 1371
245 1534
247 425
247 505
247 597
247 698
247 855
247 880
247 909
247 1470
247 1568
248 572
248 1143
248 1215
248 1386
249 1029
250 303
251 1075
252 712
252 1018
252 1225
253 369
253 386
253 484
253 551
253 556
253 674
253 732
253 930
253 978
253 1005
253 1092
253 1123
253 1174
253 1197
253 1217
253 1526
253 1542
253 1588
255 312
255 762
255 1152
255 1372
256 717
256 868
256 1057
257 286
257 485
258 1409
259 263
259 374
259 387
259 394
259 401
259 410
259 447
259 456
259 512
259 545
259 560
259 563
259 600
259 614
259 687
259 745
259 750
259 778
259 838
259 881
259 884
259 931
259 965
259 981
259 987
259 1065
259 1103
259 1105
259 1127
259 1133
259 1192
259 1209
259 1218
259 1245
259 1249
259 1283
259 1323
259 1355
259 1373
259 1375
259 1399
259 1404
259 1511
259 1536
259 1545
260 815
260 1381
261 318
261 533
261 901
261 955
262 1091
262 1529
263 275
263 401
263 447
263 456
263 512
263 526
263 536
263 603
263 614
263 632
263 745
263 750
263 760
263 843
263 881
263 884
263 981
263 987
263 998
263 1014
263 1103
263 1124
263 1127
263 1218
263 1224
263 1249
263 1270
263 1283
263 1326
263 1399
263 1404
263 1437
263 1466
263 1476
263 1507
263 1511
263 1520
263 1536
263 1589
264 406
264 798
265 404
265 440
265 470
265 485
265 550
267 268
267 310
267 360
267 361
267 557
267 613
267 679
267 767
267 875
267 879
267 926
267 1188
267 1273
267 1325
267 1515
268 310
268 360
268 361
268 445
268 557
268 613
268 638
268 654
268 679
268 767
268 875
268 879
268 926
268 1183
268 1188
268 1273
268 1325
268 1337
268 1427
268 1437
268 1488
268 1515
269 795
269 921
269 950
269 1267
269 1279
269 1331
269 1409
269 1439
269 1443
269 1620
271 905
271 1367
272 591
272 805
273 282
273 410
273 431
273 487
273 536
273 548
273 619
273 700
273 711
273 778
273 929
273 965
273 971
273 977
273 981
273 982
273 987
273 1047
273 1158
273 1203
273 1218
273 1229
273 1245
273 1323
273 1355
273 1366
273 1399
273 1438
273 1456
273 1487
273 1497
273 1512
273 1520
273 1541
274 1219
275 374
275 387
275 394
275 396
275 401
275 447
275 449
275 456
275 512
275 522
275 526
275 545
275 551
275 560
275 563
275 600
275 603
275 614
275 616
275 632
275 677
275 681
275 688
275 724
275 728
275 745
275 750
275 760
275 778
275 838
275 843
275 844
275 847
275 881
275 884
275 931
275 973
275 981
275 987
275 998
275 1008
275 1022
275 1025
275 1042
275 1050
275 1073
275 1096
275 1103
275 1105
275 1116
275 1127
275 1133
275 1166
275 1171
275 1175
275 1178
275 1192
275 1204
275 1209
275 1249
275 1258
275 1270
275 1283
275 1289
275 1323
275 1326
275 1354
275 1375
275 1399
275 1404
275 1420
275 1465
275 1466
275 1487
275 1507
275 1511
275 1517
275 1520
275 1536
275 1543
275 1545
275 1554
275 1558
275 1600
275 1619
276 685
277 452
278 684
278 837
278 1459
279 1140
279 1212
280 1109
280 1288
281 1013
281 1081
281 1205
281 1498
282 410
282 431
282 487
282 548
282 614
282 700
282 711
282 888
282 965
282 971
282 977
282 1158
282 1218
282 1229
282 1245
282 1366
282 1438
282 1456
282 1541
282 1560
283 1023
283 1180
283 1224
283 1404
283 1569
284 538
285 1369
286 485
286 591
287 431
287 466
287 526
287 543
287 545
287 619
287 664
287 700
287 743
287 888
287 965
287 981
287 1002
287 1229
287 1265
287 1284
287 1341
287 1399
287 1512
287 1541
287 1554
287 1560
288 336
288 384
288 402
288 961
288 1135
288 1199
288 1408
288 1451
289 331
289 347
289 355
289 383
289 399
289 656
289 727
289 810
289 927
289 945
289 967
289 1056
289 1101
289 1115
289 1151
289 1191
289 1231
289 1309
289 1421
290 733
290 894
290 1001
290 1007
290 1281
290 1447
291 559
291 811
291 1314
291 1463
291 1610
292 662
292 912
292 1020
292 1187
293 499
293 1094
294 990
295 373
295 734
295 1126
295 1230
295 1275
295 1310
296 1322
297 305
297 311
297 379
297 395
297 476
297 534
297 549
297 666
297 672
297 714
297 994
297 1112
297 1139
297 1149
297 1202
297 1206
297 1382
297 1486
297 1555
298 492
298 775
299 641
300 573
300 773
301 832
301 862
301 1267
301 1307
301 1440
301 1471
301 1472
301 1559
301 1594
301 1617
302 1364
304 433
304 583
304 759
304 821
304 1016
304 1575
305 311
305 379
305 395
305 534
305 549
305 666
305 672
305 994
305 1112
305 1139
305 1149
305 1200
305 1202
305 1206
305 1382
305 1486
305 1555
306 1066
307 1257
307 1422
307 1567
309 838
309 1209
310 360
310 361
310 557
310 613
310 638
310 654
310 679
310 767
310 875
310 879
310 926
310 1183
310 1188
310 1254
310 1273
310 1325
310 1337
310 1427
310 1488
310 1515
311 379
311 395
311 534
311 549
311 666
311 672
311 714
311 994
311 1200
311 1202
311 1206
311 1382
311 1486
311 1500
311 1555
312 762
312 1152
312 1372
313 475
315 505
315 779
315 825
315 898
315 912
315 1458
316 359
316 407
316 454
316 490
316 499
316 564
316 592
316 697
316 819
316 993
316 1000
316 1079
316 1083
316 1121
316 1160
316 1244
316 1264
316 1293
316 1417
316 1463
316 1519
316 1549
317 349
317 470
317 633
317 873
317 892
317 904
317 944
317 1003
317 1048
317 1105
317 1209
317 1296
317 1328
317 1432
317 1592
318 533
318 621
318 901
318 955
318 966
319 358
319 855
320 766
321 439
321 612
321 850
321 951
321 1051
321 1452
321 1550
321 1559
322 574
324 350
324 559
324 586
324 776
324 1070
324 1409
324 1463
324 1508
325 1070
327 529
327 748
327 1159
327 1448
328 1287
329 1528
330 333
330 441
330 595
330 607
330 710
330 757
330 889
330 1012
330 1046
330 1054
330 1122
330 1123
330 1174
330 1532
330 1616
331 347
331 355
331 383
331 399
331 656
331 727
331 810
331 927
331 945
331 967
331 1056
331 1101
331 1115
331 1151
331 1191
331 1231
331 1309
331 1317
331 1421
332 464
332 518
332 561
332 765
332 1319
332 1485
333 441
333 595
333 607
333 710
333 732
333 757
333 889
333 1012
333 1046
333 1054
333 1122
333 1174
333 1532
333 1616
334 1186
335 423
335 629
335 657
335 841
335 867
335 1066
335 1503
336 384
336 402
336 639
336 961
336 1135
336 1199
336 1408
337 353
337 375
337 644
337 882
337 1058
337 1077
337 1490
338 749
338 769
338 1176
339 1441
340 777
341 1251
342 618
342 634
342 649
342 705
342 707
342 1286
342 1298
342 1349
342 1378
342 1384
342 1402
343 1351
344 1394
345 925
346 1232
346 1613
347 355
347 383
347 399
347 656
347 727
347 810
347 927
347 945
347 967
347 1056
347 1101
347 1115
347 1151
347 1191
347 1231
347 1282
347 1309
347 1421
348 467
348 632
348 728
348 801
348 847
348 884
348 959
348 1022
348 1270
348 1326
348 1342
348 1404
348 1517
348 1543
348 1600
349 470
349 633
349 873
349 892
349 904
349 944
349 1003
349 1048
349 1159
349 1296
349 1328
349 1592
350 514
350 604
350 673
350 701
350 776
350 943
350 946
350 988
350 1059
350 1070
350 1148
350 1154
350 1165
350 1508
350 1566
351 393
351 438
351 525
351 555
351 565
351 620
351 699
351 702
351 996
351 1170
351 1300
351 1333
351 1356
351 1376
351 1431
351 1496
351 1581
351 1605
352 983
352 1576
353 375
353 644
353 882
353 1058
353 1077
353 1490
353 1570
354 695
355 383
355 399
355 656
355 727
355 810
355 927
355 945
355 967
355 1056
355 1101
355 1115
355 1151
355 1191
355 1231
355 1309
355 1317
355 1421
356 381
356 396
356 428
356 449
356 616
356 627
356 728
356 742
356 813
356 824
356 847
356 959
356 973
356 1008
356 1022
356 1025
356 1034
356 1086
356 1166
356 1175
356 1252
356 1270
356 1420
356 1517
356 1543
356 1558
356 1598
356 1600
357 511
358 947
358 1210
359 407
359 499
359 592
359 819
359 1000
359 1079
359 1083
359 1264
359 1549
360 361
360 557
360 613
360 638
360 654
360 679
360 767
360 875
360 879
360 926
360 1183
360 1188
360 1273
360 1325
360 1337
360 1427
360 1488
360 1515
361 557
361 613
361 638
361 654
361 679
361 767
361 875
361 879
361 926
361 1183
361 1188
361 1273
361 1325
361 1337
361 1427
361 1488
361 1515
362 1095
363 716
364 906
365 419
365 495
365 592
365 713
365 714
365 819
365 870
365 1107
365 1264
365 1272
365 1446
365 1562
366 462
366 1539
367 601
367 1407
367 1484
368 380
368 390
368 437
368 504
368 506
368 519
368 530
368 695
368 744
368 764
368 922
368 1090
368 1189
368 1410
368 1451
368 1453
368 1593
369 386
369 484
369 674
369 930
369 978
369 1005
369 1526
369 1588
370 632
370 801
370 1342
371 1201
372 403
372 441
372 461
372 474
372 484
372 570
372 617
372 732
372 827
372 854
372 930
372 1012
372 1046
372 1214
372 1277
372 1464
372 1585
372 1612
373 1038
373 1126
373 1230
374 387
374 394
374 401
374 447
374 512
374 513
374 526
374 536
374 545
374 560
374 600
374 614
374 677
374 724
374 750
374 760
374 778
374 838
374 843
374 881
374 931
374 981
374 987
374 998
374 1050
374 1065
374 1103
374 1105
374 1127
374 1133
374 1192
374 1209
374 1249
374 1258
374 1323
374 1353
374 1375
374 1399
374 1404
374 1445
374 1466
374 1520
374 1545
374 1554
375 644
375 882
375 1058
375 1490
376 771
376 829
376 905
376 924
376 935
376 1038
376 1163
376 1367
376 1414
377 1553
378 1614
379 395
379 534
379 549
379 666
379 714
379 994
379 1200
379 1206
379 1382
379 1555
380 390
380 434
380 437
380 504
380 506
380 519
380 530
380 658
380 686
380 695
380 744
380 764
380 877
380 922
380 1090
380 1189
380 1228
380 1352
380 1410
380 1451
380 1453
380 1593
381 428
381 627
381 742
381 824
381 1166
381 1517
382 535
382 593
382 605
382 646
382 751
382 830
382 1109
382 1345
382 1422
382 1440
382 1443
382 1519
382 1617
383 609
383 927
383 945
383 1101
383 1115
383 1151
383 1231
384 402
384 639
384 961
384 1135
384 1199
384 1408
385 940
386 484
386 551
386 556
386 674
386 732
386 860
386 930
386 978
386 1005
386 1092
386 1123
386 1197
386 1217
386 1526
386 1542
386 1588
387 394
387 401
387 512
387 526
387 536
387 545
387 553
387 560
387 563
387 614
387 677
387 687
387 689
387 724
387 745
387 750
387 778
387 838
387 843
387 881
387 931
387 981
387 998
387 1014
387 1065
387 1103
387 1105
387 1127
387 1133
387 1192
387 1209
387 1249
387 1283
387 1375
387 1399
387 1404
387 1466
387 1520
387 1545
387 1554
388 404
388 440
388 468
388 550
389 803
390 437
390 504
390 506
390 519
390 530
390 658
390 686
390 695
390 744
390 764
390 922
390 1090
390 1189
390 1228
390 1410
390 1451
390 1453
390 1593
391 456
391 1023
391 1180
391 1224
391 1305
391 1437
391 1476
391 1569
392 531
392 1174
392 1532
393 438
393 525
393 555
393 565
393 620
393 699
393 702
393 996
393 1107
393 1170
393 1300
393 1333
393 1356
393 1376
393 1431
393 1496
393 1581
393 1605
394 397
394 401
394 447
394 456
394 469
394 512
394 513
394 522
394 526
394 527
394 536
394 545
394 560
394 563
394 590
394 600
394 614
394 623
394 653
394 677
394 687
394 724
394 745
394 750
394 760
394 778
394 838
394 843
394 844
394 881
394 884
394 931
394 981
394 987
394 998
394 1014
394 1050
394 1067
394 1073
394 1103
394 1105
394 1127
394 1133
394 1178
394 1192
394 1209
394 1249
394 1258
394 1270
394 1283
394 1323
394 1324
394 1354
394 1375
394 1399
394 1404
394 1445
394 1466
394 1511
394 1536
394 1545
394 1554
395 534
395 549
395 565
395 666
395 672
395 699
395 702
395 714
395 994
395 1107
395 1112
395 1200
395 1206
395 1300
395 1376
395 1382
395 1486
395 1555
395 1581
396 449
396 568
396 616
396 627
396 632
396 728
396 742
396 813
396 824
396 847
396 884
396 959
396 973
396 1008
396 1022
396 1025
396 1034
396 1086
396 1166
396 1175
396 1252
396 1270
396 1404
396 1420
396 1517
396 1543
396 1558
396 1598
396 1600
397 447
397 563
397 600
397 614
397 750
397 760
397 778
397 838
397 881
397 931
397 987
397 998
397 1127
397 1178
397 1192
397 1209
397 1249
397 1283
397 1375
397 1437
397 1524
398 983
398 1563
398 1576
399 656
399 810
399 927
399 945
399 967
399 1101
399 1115
399 1151
399 1231
399 1309
399 1317
399 1421
400 720
400 892
400 984
400 1522
401 410
401 431
401 447
401 512
401 513
401 522
401 526
401 527
401 536
401 545
401 560
401 563
401 600
401 614
401 677
401 681
401 687
401 724
401 745
401 750
401 760
401 778
401 838
401 843
401 881
401 884
401 931
401 965
401 981
401 987
401 998
401 1014
401 1050
401 1067
401 1084
401 1103
401 1105
401 1127
401 1133
401 1178
401 1192
401 1209
401 1218
401 1245
401 1249
401 1258
401 1265
401 1266
401 1283
401 1323
401 1354
401 1366
401 1375
401 1399
401 1404
401 1466
401 1511
401 1512
401 1536
401 1541
401 1545
401 1554
402 639
402 961
402 1135
402 1199
402 1408
403 441
403 461
403 474
403 484
403 607
403 608
403 617
403 732
403 827
403 845
403 930
403 1012
403 1046
403 1123
403 1208
403 1217
403 1277
403 1428
403 1464
403 1585
403 1612
404 440
404 468
404 550
404 579
405 703
405 1295
406 798
407 1000
407 1264
407 1549
408 1381
409 615
410 431
410 487
410 526
410 536
410 548
410 570
410 700
410 711
410 750
410 778
410 884
410 888
410 891
410 965
410 971
410 977
410 981
410 982
410 987
410 1018
410 1025
410 1047
410 1106
410 1133
410 1158
410 1203
410 1209
410 1218
410 1229
410 1245
410 1265
410 1366
410 1375
410 1399
410 1438
410 1456
410 1487
410 1497
410 1512
410 1520
410 1536
410 1541
410 1545
410 1560
411 542
411 562
411 1043
411 1102
411 1311
411 1401
412 1020
413 957
414 772
414 1615
415 524
415 1181
416 610
416 839
416 1027
416 1137
416 1280
417 1602
418 1268
418 1383
419 495
419 499
419 592
419 713
419 714
419 819
419 870
419 1264
419 1272
419 1446
419 1562
420 459
420 655
420 692
420 869
420 1150
423 629
423 657
423 841
423 867
423 1066
423 1503
424 480
425 597
425 698
425 909
425 1470
425 1568
426 1573
427 456
427 526
427 689
427 884
427 1127
427 1399
427 1554
427 1589
428 627
428 742
428 1166
428 1517
429 975
429 1235
429 1236
429 1357
429 1480
430 1294
431 466
431 487
431 502
431 526
431 548
431 560
431 614
431 619
431 664
431 689
431 700
431 711
431 743
431 888
431 929
431 965
431 971
431 977
431 981
431 982
431 1002
431 1047
431 1060
431 1084
431 1106
431 1158
431 1218
431 1229
431 1245
431 1265
431 1284
431 1341
431 1366
431 1375
431 1399
431 1438
431 1456
431 1497
431 1512
431 1520
431 1536
431 1541
431 1554
431 1560
432 853
433 583
433 759
433 821
433 1016
433 1575
434 437
434 455
434 488
434 517
434 519
434 521
434 631
434 667
434 791
434 1136
434 1228
434 1352
434 1426
434 1477
434 1590
434 1593
435 1164
436 781
436 1172
436 1362
437 504
437 506
437 519
437 530
437 658
437 686
437 695
437 744
437 764
437 922
437 1090
437 1189
437 1228
437 1352
437 1410
437 1451
437 1453
437 1593
438 525
438 555
438 565
438 620
438 699
438 702
438 996
438 1170
438 1300
438 1333
438 1356
438 1376
438 1431
438 1496
438 1581
438 1605
439 612
439 850
439 951
439 1032
439 1051
439 1180
439 1224
439 1452
439 1550
439 1569
440 468
440 550
441 461
441 484
441 551
441 556
441 595
441 607
441 608
441 617
441 710
441 732
441 757
441 788
441 845
441 854
441 889
441 930
441 1005
441 1012
441 1046
441 1054
441 1092
441 1122
441 1123
441 1174
441 1208
441 1217
441 1277
441 1428
441 1464
441 1526
441 1542
441 1585
441 1588
441 1612
441 1616
442 471
443 496
445 557
445 1427
445 1515
446 785
446 887
447 456
447 512
447 513
447 522
447 526
447 536
447 545
447 560
447 563
447 600
447 614
447 623
447 677
447 687
447 724
447 745
447 750
447 760
447 778
447 838
447 843
447 881
447 884
447 931
447 981
447 987
447 998
447 1014
447 1050
447 1065
447 1103
447 1105
447 1127
447 1133
447 1178
447 1192
447 1209
447 1249
447 1258
447 1283
447 1323
447 1354
447 1375
447 1399
447 1404
447 1445
447 1466
447 1511
447 1536
447 1554
448 763
449 616
449 627
449 632
449 728
449 742
449 824
449 847
449 959
449 973
449 1008
449 1022
449 1025
449 1034
449 1086
449 1166
449 1175
449 1270
449 1404
449 1517
449 1543
449 1558
449 1598
449 1600
451 589
451 898
451 1040
451 1414
453 941
454 490
454 564
454 819
454 993
454 1417
454 1519
454 1549
455 488
455 517
455 521
455 631
455 667
455 791
455 1136
455 1228
455 1352
455 1426
455 1477
455 1590
456 526
456 536
456 545
456 563
456 570
456 614
456 616
456 688
456 712
456 745
456 750
456 760
456 778
456 843
456 847
456 881
456 884
456 981
456 987
456 1014
456 1023
456 1073
456 1103
456 1105
456 1114
456 1124
456 1127
456 1133
456 1175
456 1180
456 1203
456 1218
456 1224
456 1270
456 1283
456 1375
456 1377
456 1399
456 1404
456 1437
456 1466
456 1487
456 1507
456 1511
456 1520
456 1536
457 836
457 1327
458 809
458 1156
459 574
459 881
459 1063
459 1069
459 1103
459 1286
459 1609
460 1021
461 474
461 484
461 570
461 617
461 732
461 827
461 930
461 1012
461 1046
461 1100
461 1277
461 1464
461 1585
461 1612
463 683
464 561
464 1319
465 723
465 820
465 948
465 1412
465 1416
466 664
466 743
466 888
466 965
466 997
466 1060
466 1158
466 1218
466 1229
466 1265
466 1341
466 1399
466 1512
466 1560
467 632
468 550
469 600
469 1014
469 1098
469 1192
470 485
470 633
470 873
470 892
470 904
470 936
470 944
470 986
470 1003
470 1048
470 1226
470 1296
470 1299
470 1328
470 1521
470 1592
471 1041
473 1424
474 570
474 732
474 827
474 854
474 930
474 1277
474 1612
476 549
476 672
476 1508
477 974
478 1339
479 520
479 581
479 625
479 1131
479 1239
479 1241
479 1591
481 523
481 755
481 1392
481 1398
482 531
482 551
482 637
482 688
482 1146
482 1174
482 1377
482 1534
483 777
484 551
484 556
484 595
484 607
484 608
484 617
484 674
484 732
484 827
484 845
484 930
484 978
484 1005
484 1012
484 1046
484 1092
484 1122
484 1123
484 1174
484 1197
484 1208
484 1217
484 1277
484 1428
484 1464
484 1526
484 1542
484 1585
484 1588
484 1612
484 1616
485 591
485 986
486 1250
487 502
487 548
487 619
487 700
487 711
487 743
487 888
487 929
487 971
487 977
487 982
487 1106
487 1158
487 1218
487 1229
487 1245
487 1265
487 1366
487 1375
487 1399
487 1438
487 1456
487 1512
487 1520
487 1541
487 1560
488 517
488 521
488 631
488 667
488 791
488 928
488 1136
488 1228
488 1352
488 1477
488 1590
489 816
490 499
490 564
490 819
490 993
490 1244
490 1293
490 1417
490 1519
490 1549
491 607
491 1012
492 516
492 648
492 775
493 995
494 1027
495 499
495 592
495 713
495 714
495 819
495 870
495 1107
495 1264
495 1272
495 1446
495 1562
497 682
498 655
499 547
499 564
499 592
499 713
499 819
499 887
499 993
499 1094
499 1121
499 1160
499 1244
499 1264
499 1274
499 1417
499 1446
499 1519
499 1549
499 1607
500 574
501 684
501 837
501 1154
501 1334
501 1459
501 1489
501 1566
502 700
502 971
502 981
502 982
502 1218
502 1229
502 1245
502 1399
502 1512
502 1560
503 569
503 624
503 804
504 506
504 519
504 530
504 658
504 686
504 695
504 744
504 764
504 922
504 1090
504 1189
504 1228
504 1410
504 1451
504 1453
504 1593
505 574
505 898
505 912
505 1020
506 519
506 530
506 658
506 686
506 695
506 744
506 764
506 922
506 1090
506 1410
506 1451
506 1453
506 1593
507 559
507 1508
508 1039
509 1303
510 1304
511 1045
512 522
512 526
512 527
512 536
512 545
512 553
512 560
512 563
512 600
512 614
512 677
512 687
512 689
512 724
512 745
512 750
512 778
512 838
512 843
512 844
512 881
512 884
512 931
512 981
512 987
512 998
512 1014
512 1050
512 1065
512 1067
512 1073
512 1103
512 1105
512 1127
512 1133
512 1178
512 1192
512 1209
512 1249
512 1258
512 1283
512 1323
512 1324
512 1354
512 1373
512 1375
512 1399
512 1404
512 1437
512 1466
512 1511
512 1524
512 1536
512 1545
512 1554
513 522
513 527
513 545
513 571
513 600
513 614
513 623
513 838
513 900
513 987
513 1050
513 1105
513 1192
513 1209
513 1258
513 1354
513 1375
514 559
514 604
514 673
514 701
514 776
514 943
514 946
514 988
514 1059
514 1070
514 1148
514 1154
514 1160
514 1165
514 1235
514 1331
514 1463
514 1508
514 1566
517 521
517 631
517 667
517 791
517 1136
517 1228
517 1352
517 1426
517 1477
517 1590
518 561
518 765
518 1319
518 1485
519 530
519 658
519 686
519 695
519 744
519 764
519 922
519 1090
519 1189
519 1228
519 1410
519 1451
519 1453
519 1593
520 581
520 625
520 1131
520 1239
520 1241
520 1591
521 631
521 667
521 791
521 1136
521 1228
521 1352
521 1426
521 1477
521 1590
522 545
522 600
522 677
522 696
522 724
522 838
522 1050
522 1105
522 1127
522 1133
522 1192
522 1209
522 1258
522 1323
522 1324
522 1354
522 1375
523 578
523 588
523 616
523 755
523 1089
523 1130
523 1185
523 1380
523 1392
523 1398
523 1411
524 792
525 555
525 565
525 620
525 699
525 702
525 996
525 1107
525 1170
525 1300
525 1333
525 1356
525 1376
525 1431
525 1496
525 1581
525 1605
526 527
526 536
526 545
526 560
526 563
526 598
526 600
526 614
526 619
526 677
526 687
526 689
526 700
526 724
526 745
526 750
526 760
526 778
526 838
526 843
526 881
526 931
526 981
526 987
526 998
526 1014
526 1050
526 1060
526 1073
526 1103
526 1105
526 1127
526 1133
526 1178
526 1192
526 1209
526 1229
526 1249
526 1265
526 1270
526 1366
526 1375
526 1399
526 1404
526 1437
526 1512
526 1545
526 1554
526 1560
527 536
527 545
527 600
527 614
527 623
527 653
527 687
527 724
527 838
527 881
527 931
527 998
527 1066
527 1103
527 1127
527 1133
527 1192
527 1209
527 1249
527 1375
527 1399
527 1554
528 535
528 593
528 646
528 751
528 1345
528 1422
529 1159
529 1448
530 658
530 686
530 695
530 744
530 764
530 922
530 1090
530 1189
530 1410
530 1451
530 1453
530 1593
531 570
531 637
531 688
531 784
531 843
531 1018
531 1146
531 1174
531 1308
531 1377
531 1534
533 621
533 901
533 955
533 966
534 549
534 666
534 672
534 714
534 994
534 1112
534 1200
534 1206
534 1382
534 1486
534 1500
534 1555
535 593
535 605
535 646
535 751
535 830
535 1109
535 1345
535 1422
535 1440
535 1443
535 1519
535 1617
536 545
536 548
536 560
536 563
536 600
536 614
536 619
536 677
536 687
536 711
536 750
536 760
536 778
536 838
536 843
536 881
536 884
536 931
536 965
536 981
536 982
536 987
536 998
536 1096
536 1103
536 1105
536 1124
536 1127
536 1133
536 1178
536 1192
536 1209
536 1218
536 1249
536 1270
536 1283
536 1323
536 1355
536 1373
536 1375
536 1399
536 1404
536 1438
536 1466
536 1512
536 1536
536 1545
536 1554
537 799
539 544
539 857
539 902
539 1029
540 896
541 1053
541 1434
542 562
542 937
542 1043
542 1102
542 1311
542 1401
543 735
543 981
543 1192
543 1399
544 857
544 902
544 1029
545 553
545 560
545 563
545 600
545 614
545 623
545 677
545 681
545 687
545 689
545 700
545 724
545 745
545 750
545 760
545 778
545 838
545 843
545 881
545 884
545 929
545 931
545 965
545 981
545 987
545 998
545 1050
545 1060
545 1065
545 1066
545 1084
545 1103
545 1105
545 1127
545 1132
545 1133
545 1178
545 1192
545 1209
545 1249
545 1258
545 1265
545 1283
545 1323
545 1324
545 1354
545 1375
545 1399
545 1404
545 1466
545 1487
545 1511
545 1512
545 1536
545 1545
545 1554
546 589
546 671
547 693
547 916
547 1094
547 1469
547 1607
548 619
548 700
548 711
548 743
548 888
548 929
548 971
548 977
548 982
548 1047
548 1158
548 1218
548 1229
548 1245
548 1265
548 1366
548 1375
548 1399
548 1438
548 1456
548 1497
548 1512
548 1520
548 1541
548 1560
549 666
549 672
549 699
549 714
549 994
549 1107
549 1112
549 1139
549 1149
549 1200
549 1202
549 1206
549 1300
549 1382
549 1486
549 1500
549 1555
549 1581
550 579
551 556
551 570
551 635
551 732
551 843
551 884
551 930
551 978
551 1005
551 1025
551 1092
551 1270
551 1297
551 1399
551 1404
551 1465
551 1520
551 1526
551 1588
553 614
553 677
553 838
553 881
553 931
553 1103
553 1133
553 1209
553 1283
553 1354
553 1399
554 1493
555 565
555 699
555 702
555 996
555 1300
555 1333
555 1356
555 1376
555 1431
555 1496
555 1581
555 1605
556 732
556 930
556 949
556 978
556 1005
556 1046
556 1092
556 1123
556 1197
556 1217
556 1526
556 1588
557 613
557 638
557 654
557 679
557 767
557 875
557 879
557 886
557 926
557 1183
557 1188
557 1273
557 1325
557 1337
557 1427
557 1437
557 1488
557 1515
558 1546
559 776
559 811
559 943
559 1463
559 1508
560 563
560 600
560 614
560 677
560 687
560 700
560 724
560 745
560 750
560 778
560 838
560 843
560 881
560 931
560 981
560 987
560 998
560 1047
560 1050
560 1065
560 1103
560 1105
560 1124
560 1127
560 1133
560 1192
560 1203
560 1209
560 1218
560 1229
560 1249
560 1270
560 1283
560 1323
560 1366
560 1375
560 1399
560 1404
560 1437
560 1466
560 1487
560 1512
560 1520
560 1524
560 1536
560 1541
560 1545
560 1554
561 589
561 765
561 1319
561 1485
562 937
562 1043
562 1102
562 1311
562 1401
563 600
563 614
563 677
563 681
563 687
563 724
563 750
563 778
563 838
563 843
563 881
563 888
563 931
563 981
563 987
563 1065
563 1084
563 1105
563 1127
563 1133
563 1192
563 1209
563 1218
563 1249
563 1258
563 1283
563 1354
563 1375
563 1399
563 1404
563 1512
563 1520
563 1536
563 1554
563 1560
564 819
564 993
564 1244
564 1417
564 1519
564 1549
565 620
565 699
565 702
565 996
565 1107
565 1170
565 1234
565 1300
565 1333
565 1356
565 1376
565 1431
565 1496
565 1581
565 1605
566 1292
567 893
568 632
568 728
568 1022
569 624
569 804
570 603
570 615
570 637
570 688
570 827
570 884
570 895
570 1018
570 1124
570 1218
570 1268
570 1277
570 1377
570 1483
570 1599
570 1612
572 1143
572 1215
573 773
573 954
574 768
574 898
574 912
574 1020
574 1415
575 822
575 1055
576 1110
576 1387
577 640
578 588
578 755
578 1089
578 1130
578 1357
578 1380
578 1392
578 1398
578 1411
580 1082
580 1619
581 625
581 1131
581 1239
581 1241
581 1591
582 749
582 769
582 1176
583 759
583 821
583 1016
584 1475
585 733
585 894
585 1007
586 957
586 1347
587 1169
588 755
588 1089
588 1130
588 1380
588 1392
588 1398
588 1411
589 671
589 1559
590 981
590 1394
592 713
592 819
592 870
592 1000
592 1079
592 1083
592 1264
592 1272
592 1446
592 1549
592 1562
593 605
593 646
593 751
593 830
593 1109
593 1345
593 1422
593 1440
593 1443
593 1519
593 1617
594 1061
595 607
595 710
595 732
595 757
595 889
595 930
595 1012
595 1046
595 1054
595 1122
595 1123
595 1174
595 1532
595 1577
595 1612
595 1616
596 1087
597 698
597 1104
597 1455
597 1470
597 1568
598 838
598 881
598 931
598 1050
598 1375
599 703
599 1295
600 614
600 677
600 687
600 724
600 745
600 750
600 760
600 778
600 838
600 843
600 881
600 931
600 981
600 987
600 998
600 1050
600 1065
600 1067
600 1105
600 1127
600 1133
600 1178
600 1192
600 1209
600 1249
600 1258
600 1283
600 1323
600 1324
600 1354
600 1375
600 1399
600 1404
600 1445
600 1466
600 1511
600 1545
600 1554
601 1407
601 1484
603 1218
603 1289
603 1399
604 673
604 701
604 776
604 946
604 988
604 1059
604 1070
604 1148
604 1154
604 1165
604 1566
605 646
605 751
605 830
605 1109
605 1345
605 1422
605 1617
606 1518
607 617
607 710
607 732
607 757
607 845
607 854
607 889
607 930
607 1012
607 1046
607 1054
607 1122
607 1123
607 1174
607 1208
607 1428
607 1464
607 1542
607 1577
607 1585
607 1612
607 1616
608 617
608 732
608 930
608 1464
608 1612
610 839
610 1027
610 1137
610 1280
611 1223
611 1487
612 850
612 951
612 1051
612 1452
612 1550
613 638
613 654
613 679
613 767
613 875
613 879
613 886
613 926
613 1183
613 1188
613 1273
613 1325
613 1337
613 1427
613 1488
613 1515
614 677
614 681
614 687
614 724
614 745
614 750
614 760
614 778
614 838
614 843
614 881
614 884
614 931
614 965
614 981
614 987
614 998
614 1014
614 1065
614 1073
614 1096
614 1103
614 1105
614 1127
614 1133
614 1178
614 1192
614 1209
614 1218
614 1245
614 1249
614 1258
614 1266
614 1270
614 1283
614 1323
614 1354
614 1375
614 1399
614 1404
614 1436
614 1437
614 1445
614 1466
614 1511
614 1512
614 1520
614 1524
614 1536
614 1545
614 1554
615 919
615 1094
615 1483
616 627
616 728
616 755
616 824
616 847
616 884
616 1008
616 1022
616 1025
616 1034
616 1035
616 1086
616 1166
616 1175
616 1203
616 1218
616 1270
616 1392
616 1398
616 1399
616 1404
616 1466
616 1487
616 1517
616 1543
616 1600
617 732
617 827
617 845
617 930
617 1012
617 1046
617 1092
617 1122
617 1123
617 1208
617 1217
617 1277
617 1464
617 1542
617 1585
617 1612
618 634
618 649
618 705
618 707
618 1286
618 1298
618 1349
618 1378
618 1384
618 1402
619 664
619 700
619 711
619 743
619 750
619 888
619 965
619 971
619 981
619 982
619 987
619 1002
619 1158
619 1218
619 1229
619 1245
619 1265
619 1284
619 1341
619 1366
619 1375
619 1399
619 1438
619 1456
619 1497
619 1512
619 1520
619 1541
619 1554
619 1560
620 699
620 702
620 996
620 1170
620 1300
620 1333
620 1356
620 1376
620 1431
620 1496
620 1581
620 1605
621 901
622 1597
623 838
623 1050
623 1103
623 1133
623 1192
623 1354
623 1375
624 804
625 1131
625 1239
625 1241
625 1591
626 1601
627 728
627 742
627 824
627 847
627 973
627 1008
627 1022
627 1025
627 1034
627 1166
627 1175
627 1270
627 1487
627 1517
627 1543
627 1600
628 1153
629 657
629 841
629 1503
630 852
630 1320
630 1340
631 667
631 791
631 1136
631 1228
631 1352
631 1426
631 1477
631 1590
632 728
632 801
632 959
632 973
632 1008
632 1022
632 1086
632 1166
632 1192
632 1270
632 1342
632 1404
632 1517
632 1543
632 1600
633 687
633 873
633 892
633 904
633 944
633 1003
633 1048
633 1105
633 1159
633 1296
633 1328
633 1432
633 1592
634 649
634 705
634 707
634 1286
634 1298
634 1349
634 1378
634 1384
634 1402
634 1619
636 822
637 688
637 829
637 843
637 1174
637 1377
637 1437
638 679
638 761
638 767
638 875
638 879
638 926
638 1183
638 1188
638 1273
638 1325
638 1427
638 1488
638 1515
639 961
639 1135
639 1199
639 1408
642 692
643 721
644 882
644 1058
644 1077
644 1490
645 797
645 1444
646 751
646 830
646 1109
646 1345
646 1422
646 1440
646 1443
646 1519
646 1617
647 905
647 924
649 705
649 707
649 1286
649 1298
649 1349
649 1378
649 1384
649 1402
651 739
651 1078
651 1227
651 1510
651 1514
652 1006
653 992
654 679
654 767
654 875
654 879
654 886
654 926
654 1183
654 1188
654 1273
654 1325
654 1337
654 1427
654 1515
655 692
655 869
655 922
655 1020
656 810
656 927
656 945
656 967
656 1056
656 1101
656 1115
656 1191
656 1231
656 1309
657 841
657 1066
657 1503
658 686
658 695
658 744
658 764
658 922
658 1090
658 1410
658 1451
658 1453
658 1593
659 793
659 1274
659 1343
659 1494
660 1257
661 730
662 1020
662 1196
663 1418
664 743
664 888
664 957
664 1002
664 1229
664 1265
664 1284
664 1341
664 1399
664 1512
664 1560
665 784
666 699
666 714
666 994
666 1200
666 1202
666 1206
666 1300
666 1382
666 1500
666 1555
667 791
667 1136
667 1228
667 1352
667 1426
667 1477
667 1590
669 796
669 1535
670 956
670 1120
672 1112
672 1139
672 1149
672 1202
672 1206
672 1486
673 776
673 837
673 946
673 988
673 1059
673 1070
673 1148
673 1154
673 1165
673 1459
673 1566
674 732
674 930
674 978
674 1005
674 1123
674 1197
674 1217
674 1526
675 1225
676 704
676 818
676 1619
677 687
677 724
677 745
677 750
677 760
677 778
677 838
677 843
677 881
677 931
677 981
677 998
677 1050
677 1065
677 1103
677 1105
677 1127
677 1133
677 1178
677 1192
677 1209
677 1249
677 1283
677 1354
677 1375
677 1399
677 1404
677 1466
677 1511
677 1536
677 1545
677 1554
678 1332
679 767
679 875
679 879
679 926
679 1183
679 1188
679 1273
679 1325
679 1337
679 1427
679 1437
679 1488
679 1515
680 932
681 843
681 881
681 931
681 1065
681 1133
681 1204
681 1209
681 1283
681 1354
681 1404
681 1436
682 917
682 1017
682 1564
684 837
684 1154
684 1334
684 1459
684 1489
684 1566
685 1237
685 1260
686 695
686 744
686 764
686 922
686 1090
686 1228
686 1352
686 1410
686 1451
686 1453
686 1593
687 724
687 745
687 750
687 778
687 838
687 843
687 881
687 884
687 931
687 944
687 981
687 987
687 998
687 1103
687 1105
687 1127
687 1133
687 1178
687 1192
687 1209
687 1249
687 1283
687 1375
687 1399
687 1404
687 1460
687 1466
687 1511
687 1536
687 1545
688 843
688 881
688 884
688 981
688 1174
688 1377
688 1404
688 1466
688 1520
689 700
689 750
689 884
689 931
689 981
689 1073
689 1192
689 1218
689 1249
689 1341
689 1375
689 1399
689 1404
689 1466
689 1512
689 1536
689 1554
689 1619
690 808
690 833
690 1400
690 1413
691 1449
692 869
692 912
692 1020
693 1469
693 1618
694 1015
695 744
695 764
695 922
695 1090
695 1189
695 1410
695 1451
695 1453
695 1593
696 724
696 1050
697 1549
698 1568
699 702
699 996
699 1107
699 1170
699 1300
699 1333
699 1356
699 1376
699 1431
699 1496
699 1581
699 1605
700 711
700 743
700 888
700 929
700 965
700 971
700 977
700 981
700 982
700 1002
700 1047
700 1106
700 1158
700 1203
700 1209
700 1218
700 1229
700 1245
700 1265
700 1284
700 1355
700 1366
700 1375
700 1399
700 1438
700 1456
700 1487
700 1497
700 1512
700 1520
700 1541
700 1560
701 776
701 946
701 988
701 1059
701 1070
701 1148
701 1154
701 1165
701 1566
702 996
702 1107
702 1170
702 1300
702 1333
702 1356
702 1376
702 1431
702 1496
702 1581
702 1605
703 1295
703 1316
704 1038
704 1290
705 707
705 1286
705 1298
705 1335
705 1349
705 1378
705 1384
705 1402
706 1018
707 1298
707 1349
707 1378
707 1384
707 1402
708 1502
709 743
709 888
709 1002
709 1284
709 1341
709 1512
710 757
710 889
710 1012
710 1046
710 1054
710 1122
710 1174
710 1532
711 743
711 888
711 929
711 971
711 977
711 981
711 982
711 1106
711 1158
711 1218
711 1229
711 1245
711 1265
711 1366
711 1375
711 1399
711 1438
711 1456
711 1497
711 1512
711 1520
711 1536
711 1541
711 1560
712 987
712 1018
712 1326
713 819
713 870
713 1264
713 1272
713 1446
713 1562
714 819
714 994
714 1206
714 1264
714 1382
714 1446
714 1508
714 1555
714 1562
715 1474
717 868
717 1057
719 970
719 1128
719 1313
719 1604
720 892
720 984
720 1522
722 777
722 1302
723 1398
724 778
724 838
724 843
724 881
724 931
724 998
724 1050
724 1084
724 1103
724 1105
724 1127
724 1133
724 1192
724 1209
724 1249
724 1258
724 1323
724 1324
724 1354
724 1375
724 1399
725 1440
725 1443
725 1471
725 1559
725 1617
726 1528
727 1101
727 1191
727 1231
727 1309
728 742
728 813
728 824
728 847
728 884
728 959
728 973
728 1008
728 1022
728 1025
728 1034
728 1086
728 1166
728 1175
728 1252
728 1270
728 1404
728 1420
728 1517
728 1543
728 1598
728 1600
729 732
731 1327
732 757
732 827
732 845
732 930
732 949
732 978
732 1005
732 1012
732 1046
732 1092
732 1122
732 1123
732 1174
732 1197
732 1208
732 1217
732 1277
732 1428
732 1464
732 1526
732 1542
732 1585
732 1588
732 1612
732 1616
733 894
733 1001
733 1007
733 1281
733 1447
734 1126
734 1230
734 1275
734 1310
736 1031
736 1269
737 905
737 991
738 1531
739 1078
739 1510
739 1514
740 1162
741 1266
741 1495
742 824
742 847
742 973
742 1008
742 1022
742 1025
742 1166
742 1517
742 1543
742 1598
742 1600
743 888
743 965
743 971
743 977
743 982
743 1002
743 1158
743 1218
743 1229
743 1245
743 1265
743 1284
743 1341
743 1366
743 1375
743 1399
743 1438
743 1456
743 1512
743 1541
743 1560
744 764
744 922
744 1090
744 1189
744 1228
744 1410
744 1451
744 1453
744 1593
745 748
745 750
745 760
745 778
745 801
745 838
745 843
745 844
745 881
745 884
745 931
745 981
745 987
745 998
745 1018
745 1025
745 1096
745 1103
745 1105
745 1127
745 1133
745 1178
745 1192
745 1209
745 1218
745 1249
745 1270
745 1283
745 1323
745 1346
745 1355
745 1375
745 1399
745 1404
745 1466
745 1487
745 1511
745 1536
745 1554
745 1574
747 885
748 1096
748 1124
748 1178
748 1448
749 769
749 1176
750 760
750 778
750 838
750 843
750 881
750 884
750 931
750 981
750 987
750 998
750 1065
750 1103
750 1105
750 1127
750 1133
750 1178
750 1192
750 1209
750 1218
750 1229
750 1245
750 1249
750 1270
750 1283
750 1323
750 1354
750 1373
750 1375
750 1399
750 1404
750 1437
750 1466
750 1511
750 1524
750 1536
750 1545
750 1554
750 1560
751 830
751 1109
751 1345
751 1422
751 1440
751 1443
751 1519
751 1617
752 859
753 835
753 1537
754 785
754 887
755 766
755 911
755 1089
755 1130
755 1185
755 1380
755 1392
755 1398
755 1411
756 1494
757 889
757 1012
757 1046
757 1054
757 1122
757 1123
757 1174
757 1532
757 1577
757 1616
758 863
758 890
758 1074
758 1336
759 1016
759 1575
760 778
760 838
760 843
760 844
760 847
760 881
760 884
760 931
760 981
760 987
760 1073
760 1114
760 1116
760 1127
760 1133
760 1209
760 1249
760 1270
760 1283
760 1375
760 1399
760 1404
760 1437
760 1466
760 1507
760 1511
760 1536
761 1273
762 1152
762 1372
764 922
764 1020
764 1090
764 1189
764 1228
764 1410
764 1451
764 1453
764 1593
765 1319
765 1485
766 1161
766 1213
766 1259
766 1330
766 1344
766 1523
766 1533
766 1562
767 875
767 879
767 926
767 1183
767 1188
767 1254
767 1273
767 1325
767 1337
767 1427
767 1488
767 1515
768 1415
769 1176
770 840
771 935
771 1414
772 1615
773 954
774 804
774 809
776 943
776 946
776 988
776 1059
776 1070
776 1148
776 1154
776 1165
776 1463
776 1508
776 1566
778 838
778 843
778 881
778 884
778 931
778 981
778 987
778 998
778 1025
778 1065
778 1103
778 1105
778 1116
778 1127
778 1133
778 1178
778 1192
778 1209
778 1218
778 1249
778 1258
778 1270
778 1283
778 1323
778 1355
778 1366
778 1373
778 1375
778 1399
778 1404
778 1437
778 1438
778 1466
778 1520
778 1524
778 1536
778 1554
779 825
779 1291
779 1458
780 1473
781 1172
781 1362
782 1288
783 1233
785 887
786 1256
787 899
787 1261
788 1123
788 1208
788 1217
788 1542
789 878
789 1548
790 1447
791 1136
791 1228
791 1352
791 1426
791 1477
791 1590
793 1274
794 918
794 1144
795 921
795 950
795 1267
795 1279
795 1331
795 1409
795 1439
795 1443
795 1594
795 1617
795 1620
796 1535
797 1444
800 1611
801 1218
802 1198
804 809
804 1156
805 1359
806 1371
806 1534
807 851
808 833
808 1400
810 927
810 945
810 967
810 1056
810 1101
810 1115
810 1151
810 1191
810 1231
810 1309
810 1421
811 1463
812 1195
813 824
813 1008
813 1034
813 1086
813 1166
814 1119
815 1381
818 881
818 1171
819 993
819 1000
819 1083
819 1244
819 1264
819 1272
819 1293
819 1417
819 1446
819 1519
819 1549
819 1562
822 1055
822 1454
823 1062
823 1461
824 847
824 973
824 1008
824 1022
824 1025
824 1034
824 1086
824 1166
824 1175
824 1270
824 1487
824 1517
824 1543
824 1598
824 1600
825 1458
826 1236
826 1527
827 930
827 1012
827 1046
827 1100
827 1277
827 1464
827 1585
827 1612
828 1246
829 958
829 1187
829 1377
830 1109
830 1345
830 1422
830 1440
830 1443
830 1519
830 1617
831 1528
832 862
832 1267
832 1307
832 1440
832 1471
832 1472
832 1559
832 1594
832 1617
833 1400
833 1413
834 1068
835 1537
836 1069
836 1118
836 1327
837 1154
837 1334
837 1459
837 1489
837 1519
837 1566
838 843
838 881
838 931
838 981
838 987
838 998
838 1014
838 1050
838 1065
838 1103
838 1105
838 1127
838 1133
838 1178
838 1192
838 1209
838 1249
838 1258
838 1283
838 1323
838 1324
838 1354
838 1375
838 1399
838 1404
838 1437
838 1445
838 1466
838 1511
838 1536
838 1545
838 1554
839 1027
839 1137
839 1280
841 867
841 1503
842 956
842 1120
843 844
843 847
843 881
843 884
843 931
843 981
843 987
843 998
843 1014
843 1018
843 1025
843 1065
843 1103
843 1105
843 1114
843 1127
843 1133
843 1171
843 1174
843 1192
843 1204
843 1209
843 1249
843 1258
843 1283
843 1375
843 1377
843 1399
843 1404
843 1437
843 1466
843 1507
843 1520
843 1525
843 1536
844 881
844 931
844 1127
844 1178
844 1283
844 1399
844 1404
844 1589
845 930
845 1005
845 1012
845 1123
845 1208
845 1217
845 1464
845 1467
845 1526
845 1542
845 1585
845 1612
846 964
846 1167
847 881
847 884
847 959
847 973
847 1008
847 1022
847 1025
847 1034
847 1086
847 1166
847 1175
847 1252
847 1270
847 1346
847 1403
847 1404
847 1420
847 1465
847 1487
847 1517
847 1543
847 1558
847 1598
847 1600
848 1358
849 858
850 951
850 1051
850 1180
850 1224
850 1452
850 1550
854 930
854 1046
854 1214
854 1277
854 1464
854 1612
855 1470
856 891
856 1379
857 902
857 1029
857 1530
859 1028
860 978
860 1005
860 1197
860 1526
860 1588
861 1499
862 1267
862 1307
862 1440
862 1443
862 1471
862 1472
862 1559
862 1594
862 1617
863 890
863 1074
863 1336
864 1312
865 1321
865 1370
865 1442
866 1434
867 1503
868 872
868 1057
869 933
869 1066
870 1264
870 1272
870 1446
870 1562
871 1585
873 892
873 904
873 944
873 1003
873 1048
873 1159
873 1296
873 1328
873 1592
875 879
875 926
875 1183
875 1188
875 1254
875 1273
875 1325
875 1337
875 1427
875 1437
875 1488
875 1515
876 1155
877 1462
878 1548
879 926
879 1183
879 1188
879 1254
879 1273
879 1325
879 1337
879 1427
879 1488
879 1515
881 884
881 931
881 981
881 987
881 998
881 1025
881 1050
881 1065
881 1103
881 1105
881 1127
881 1133
881 1166
881 1171
881 1178
881 1192
881 1204
881 1209
881 1249
881 1258
881 1270
881 1283
881 1323
881 1324
881 1354
881 1375
881 1399
881 1404
881 1437
881 1466
881 1511
881 1520
881 1545
881 1558
881 1619
882 1058
882 1077
882 1490
882 1570
883 1391
884 981
884 987
884 1014
884 1018
884 1022
884 1025
884 1073
884 1103
884 1124
884 1127
884 1133
884 1166
884 1171
884 1175
884 1203
884 1209
884 1218
884 1249
884 1270
884 1283
884 1326
884 1373
884 1375
884 1399
884 1404
884 1437
884 1466
884 1487
884 1507
884 1511
884 1520
884 1536
884 1543
884 1545
884 1600
886 1488
886 1515
887 1094
888 965
888 971
888 981
888 982
888 1084
888 1158
888 1218
888 1229
888 1245
888 1265
888 1284
888 1341
888 1366
888 1399
888 1438
888 1456
888 1512
888 1520
888 1536
888 1541
888 1554
888 1560
889 1012
889 1046
889 1054
889 1122
889 1123
889 1174
889 1428
889 1616
890 1074
890 1336
891 1218
891 1245
891 1379
891 1497
892 904
892 944
892 984
892 1003
892 1048
892 1105
892 1159
892 1296
892 1328
892 1432
892 1522
892 1592
894 1001
894 1007
894 1281
894 1447
895 1082
895 1619
897 960
898 912
898 1002
898 1150
899 1261
901 955
901 966
902 1029
903 1435
904 944
904 1003
904 1048
904 1296
904 1328
904 1592
905 924
905 991
905 1367
905 1414
907 1004
908 1285
909 1470
910 1038
910 1501
910 1584
911 963
911 1113
911 1392
911 1395
911 1398
912 1020
912 1422
912 1559
913 1104
914 1142
914 1540
914 1552
914 1586
917 1017
917 1557
917 1564
918 1144
919 1483
920 1283
920 1289
920 1558
921 950
921 1267
921 1279
921 1331
921 1409
921 1439
921 1443
921 1594
921 1617
921 1620
922 1090
922 1189
922 1228
922 1410
922 1451
922 1453
922 1593
923 980
924 1117
926 1183
926 1188
926 1273
926 1325
926 1337
926 1427
926 1437
926 1488
926 1515
927 945
927 967
927 1056
927 1101
927 1115
927 1151
927 1191
927 1231
927 1309
929 965
929 971
929 981
929 982
929 987
929 1024
929 1047
929 1158
929 1218
929 1229
929 1245
929 1366
929 1375
929 1399
929 1438
929 1456
929 1512
929 1520
929 1541
930 978
930 1005
930 1012
930 1046
930 1092
930 1122
930 1123
930 1174
930 1197
930 1208
930 1217
930 1277
930 1428
930 1464
930 1526
930 1542
930 1585
930 1588
930 1612
930 1616
931 981
931 987
931 998
931 1050
931 1065
931 1084
931 1103
931 1105
931 1114
931 1127
931 1133
931 1178
931 1192
931 1209
931 1249
931 1258
931 1270
931 1283
931 1323
931 1324
931 1354
931 1375
931 1399
931 1404
931 1466
931 1524
931 1536
931 1545
931 1554
933 991
933 1547
934 1125
935 1414
936 1113
937 1102
937 1193
937 1311
937 1390
938 1377
939 1026
942 1174
942 1532
943 988
943 1070
943 1154
943 1160
943 1165
943 1463
943 1508
944 1003
944 1048
944 1159
944 1296
944 1328
944 1592
945 967
945 1056
945 1101
945 1115
945 1151
945 1191
945 1231
945 1309
946 988
946 1059
946 1070
946 1148
946 1154
946 1165
946 1566
947 1210
947 1478
949 1092
950 1267
950 1279
950 1331
950 1409
950 1439
950 1440
950 1443
950 1594
950 1617
950 1620
951 1051
951 1452
951 1550
952 1062
952 1207
956 1120
957 1177
957 1253
957 1347
957 1363
958 1414
959 973
959 1008
959 1022
959 1025
959 1086
959 1166
959 1175
959 1270
959 1404
959 1517
959 1600
961 1135
961 1199
961 1408
962 1571
964 1167
965 971
965 981
965 982
965 987
965 1047
965 1218
965 1229
965 1245
965 1265
965 1341
965 1366
965 1375
965 1399
965 1404
965 1438
965 1460
965 1512
965 1520
965 1536
965 1560
967 1056
967 1101
967 1115
967 1151
967 1191
967 1231
967 1309
967 1421
969 1306
970 1128
970 1313
970 1604
971 977
971 981
971 982
971 1002
971 1047
971 1158
971 1203
971 1218
971 1229
971 1245
971 1265
971 1366
971 1375
971 1399
971 1438
971 1456
971 1497
971 1512
971 1520
971 1536
971 1541
971 1560
972 1393
973 1008
973 1022
973 1025
973 1034
973 1086
973 1166
973 1270
973 1517
973 1543
973 1598
973 1600
975 1235
975 1236
975 1357
975 1480
976 1038
976 1501
977 982
977 1106
977 1158
977 1209
977 1218
977 1229
977 1245
977 1366
977 1399
977 1438
977 1456
977 1497
977 1512
977 1541
978 1005
978 1012
978 1092
978 1123
978 1197
978 1208
978 1217
978 1526
978 1542
978 1588
981 982
981 987
981 998
981 1024
981 1096
981 1103
981 1105
981 1127
981 1133
981 1178
981 1192
981 1209
981 1218
981 1229
981 1245
981 1249
981 1266
981 1270
981 1283
981 1323
981 1355
981 1366
981 1373
981 1375
981 1399
981 1404
981 1438
981 1456
981 1466
981 1487
981 1497
981 1511
981 1512
981 1520
981 1536
981 1541
981 1545
981 1554
981 1560
982 987
982 1106
982 1158
982 1218
982 1229
982 1245
982 1265
982 1355
982 1366
982 1375
982 1399
982 1438
982 1456
982 1460
982 1512
982 1520
982 1536
982 1541
982 1560
983 1576
984 1522
985 1608
986 1173
987 998
987 1024
987 1050
987 1065
987 1096
987 1105
987 1127
987 1133
987 1192
987 1203
987 1209
987 1218
987 1229
987 1249
987 1258
987 1270
987 1283
987 1323
987 1354
987 1355
987 1366
987 1373
987 1375
987 1399
987 1404
987 1437
987 1438
987 1460
987 1466
987 1511
987 1512
987 1520
987 1536
987 1545
988 1059
988 1070
988 1148
988 1154
988 1165
988 1508
988 1566
989 1184
991 1038
991 1367
993 1244
993 1293
993 1417
993 1519
993 1549
994 1200
994 1202
994 1206
994 1382
994 1555
996 1107
996 1170
996 1300
996 1333
996 1356
996 1376
996 1431
996 1496
996 1581
996 1605
997 1060
997 1341
997 1375
997 1512
998 1014
998 1020
998 1050
998 1065
998 1103
998 1105
998 1127
998 1133
998 1178
998 1192
998 1209
998 1249
998 1258
998 1266
998 1270
998 1283
998 1323
998 1375
998 1399
998 1404
998 1445
998 1466
998 1511
998 1536
998 1545
998 1554
999 1030
1000 1121
1000 1264
1000 1549
1001 1447
1002 1020
1002 1150
1002 1229
1002 1284
1002 1341
1002 1422
1002 1512
1003 1048
1003 1159
1003 1296
1003 1328
1003 1592
1005 1012
1005 1092
1005 1123
1005 1174
1005 1197
1005 1208
1005 1217
1005 1526
1005 1542
1005 1588
1007 1281
1007 1447
1008 1022
1008 1025
1008 1034
1008 1086
1008 1166
1008 1175
1008 1270
1008 1420
1008 1487
1008 1517
1008 1543
1008 1558
1008 1595
1008 1598
1008 1600
1009 1621
1011 1580
1012 1046
1012 1054
1012 1122
1012 1123
1012 1174
1012 1197
1012 1208
1012 1217
1012 1277
1012 1428
1012 1464
1012 1526
1012 1542
1012 1585
1012 1612
1012 1616
1013 1081
1013 1205
1013 1498
1014 1105
1014 1127
1014 1133
1014 1209
1014 1249
1014 1266
1014 1375
1014 1399
1014 1404
1014 1466
1014 1536
1014 1554
1016 1575
1017 1557
1017 1564
1018 1025
1018 1203
1018 1218
1018 1225
1018 1326
1018 1399
1018 1487
1019 1220
1020 1150
1020 1422
1022 1025
1022 1034
1022 1086
1022 1166
1022 1175
1022 1270
1022 1404
1022 1420
1022 1465
1022 1487
1022 1517
1022 1543
1022 1598
1022 1600
1023 1180
1023 1224
1023 1305
1023 1476
1023 1569
1024 1355
1024 1366
1024 1520
1025 1034
1025 1086
1025 1105
1025 1166
1025 1175
1025 1203
1025 1218
1025 1252
1025 1270
1025 1403
1025 1404
1025 1465
1025 1487
1025 1517
1025 1543
1025 1598
1025 1600
1027 1137
1027 1280
1029 1509
1029 1615
1031 1269
1033 1379
1034 1086
1034 1166
1034 1175
1034 1252
1034 1270
1034 1517
1034 1543
1034 1598
1034 1600
1036 1603
1037 1071
1037 1516
1038 1187
1038 1367
1038 1414
1038 1501
1038 1520
1040 1242
1040 1257
1042 1258
1043 1311
1043 1401
1044 1430
1046 1054
1046 1122
1046 1123
1046 1174
1046 1208
1046 1217
1046 1277
1046 1428
1046 1464
1046 1532
1046 1542
1046 1577
1046 1585
1046 1612
1046 1616
1047 1158
1047 1218
1047 1229
1047 1245
1047 1366
1047 1375
1047 1399
1047 1438
1047 1487
1047 1497
1047 1512
1047 1541
1048 1105
1048 1159
1048 1296
1048 1328
1048 1592
1049 1065
1050 1103
1050 1105
1050 1127
1050 1133
1050 1192
1050 1209
1050 1249
1050 1258
1050 1283
1050 1324
1050 1353
1050 1354
1050 1375
1050 1399
1051 1452
1051 1550
1052 1450
1052 1513
1054 1122
1054 1174
1056 1101
1056 1115
1056 1151
1056 1191
1056 1231
1056 1309
1059 1070
1059 1148
1059 1154
1059 1165
1059 1566
1060 1341
1060 1375
1060 1399
1060 1512
1060 1554
1062 1207
1063 1069
1063 1286
1064 1433
1065 1103
1065 1105
1065 1127
1065 1133
1065 1192
1065 1209
1065 1249
1065 1270
1065 1283
1065 1323
1065 1353
1065 1375
1065 1511
1065 1545
1065 1554
1067 1192
1069 1223
1069 1286
1069 1405
1069 1491
1069 1532
1070 1148
1070 1154
1070 1165
1070 1508
1070 1566
1071 1516
1073 1116
1073 1171
1073 1192
1073 1289
1073 1377
1073 1396
1073 1404
1073 1466
1073 1554
1074 1336
1076 1518
1077 1490
1078 1227
1078 1510
1078 1514
1079 1083
1079 1264
1080 1329
1081 1205
1081 1498
1082 1619
1083 1264
1083 1549
1084 1103
1084 1375
1084 1399
1085 1398
1086 1166
1086 1270
1086 1517
1086 1543
1086 1598
1086 1600
1088 1481
1089 1380
1089 1392
1089 1398
1089 1411
1090 1189
1090 1410
1090 1451
1090 1453
1090 1593
1091 1529
1091 1572
1092 1123
1092 1174
1092 1526
1092 1542
1092 1585
1092 1588
1093 1506
1094 1169
1094 1263
1094 1607
1095 1308
1095 1534
1096 1124
1096 1133
1096 1218
1096 1283
1096 1520
1096 1536
1099 1222
1101 1115
1101 1151
1101 1191
1101 1231
1101 1309
1101 1317
1101 1421
1102 1311
1102 1401
1103 1105
1103 1127
1103 1133
1103 1192
1103 1209
1103 1249
1103 1258
1103 1283
1103 1323
1103 1354
1103 1375
1103 1399
1103 1404
1103 1466
1103 1511
1103 1536
1103 1545
1104 1455
1105 1127
1105 1133
1105 1159
1105 1178
1105 1192
1105 1209
1105 1218
1105 1249
1105 1258
1105 1270
1105 1283
1105 1323
1105 1354
1105 1355
1105 1375
1105 1399
1105 1404
1105 1466
1105 1511
1105 1520
1105 1536
1105 1545
1105 1554
1106 1134
1106 1158
1106 1209
1106 1218
1106 1245
1106 1366
1106 1375
1106 1399
1106 1438
1106 1512
1106 1520
1106 1525
1106 1536
1106 1541
1106 1606
1107 1170
1107 1300
1107 1333
1107 1356
1107 1376
1107 1431
1107 1446
1107 1496
1107 1581
1107 1605
1108 1191
1108 1309
1109 1288
1109 1345
1109 1422
1109 1443
1109 1617
1111 1338
1112 1139
1112 1149
1112 1202
1112 1206
1112 1486
1114 1127
1114 1404
1114 1437
1115 1151
1115 1191
1115 1231
1115 1282
1115 1309
1116 1404
1118 1327
1121 1549
1122 1123
1122 1174
1122 1208
1122 1217
1122 1542
1122 1585
1122 1612
1122 1616
1123 1174
1123 1197
1123 1208
1123 1217
1123 1428
1123 1464
1123 1467
1123 1526
1123 1542
1123 1585
1123 1588
1123 1612
1124 1377
1124 1399
1124 1536
1126 1230
1126 1275
1126 1310
1127 1133
1127 1178
1127 1192
1127 1209
1127 1218
1127 1249
1127 1258
1127 1270
1127 1283
1127 1323
1127 1354
1127 1373
1127 1375
1127 1399
1127 1404
1127 1437
1127 1466
1127 1487
1127 1511
1127 1536
1127 1545
1127 1554
1128 1313
1128 1604
1130 1235
1130 1357
1130 1380
1130 1392
1130 1398
1130 1411
1131 1239
1131 1241
1131 1591
1133 1178
1133 1192
1133 1209
1133 1218
1133 1229
1133 1245
1133 1249
1133 1258
1133 1266
1133 1283
1133 1323
1133 1354
1133 1355
1133 1373
1133 1375
1133 1399
1133 1404
1133 1437
1133 1445
1133 1466
1133 1511
1133 1512
1133 1524
1133 1536
1133 1545
1133 1554
1135 1199
1135 1408
1136 1228
1136 1352
1136 1426
1136 1477
1136 1590
1137 1280
1138 1492
1139 1149
1139 1206
1140 1212
1141 1561
1142 1540
1142 1552
1142 1586
1143 1215
1145 1519
1146 1308
1146 1534
1147 1150
1148 1154
1148 1165
1148 1566
1149 1202
1149 1206
1149 1486
1150 1422
1151 1191
1151 1231
1151 1309
1151 1317
1151 1421
1152 1372
1154 1160
1154 1165
1154 1334
1154 1459
1154 1489
1154 1519
1154 1566
1157 1315
1158 1203
1158 1218
1158 1229
1158 1245
1158 1265
1158 1366
1158 1375
1158 1399
1158 1438
1158 1456
1158 1497
1158 1512
1158 1541
1158 1560
1159 1328
1159 1448
1160 1397
1160 1508
1160 1574
1161 1213
1161 1259
1161 1330
1161 1344
1161 1523
1161 1562
1162 1321
1162 1370
1163 1367
1165 1508
1165 1566
1166 1175
1166 1252
1166 1270
1166 1404
1166 1420
1166 1487
1166 1517
1166 1543
1166 1558
1166 1598
1166 1600
1168 1216
1170 1300
1170 1333
1170 1356
1170 1376
1170 1431
1170 1496
1170 1581
1170 1605
1171 1404
1171 1619
1172 1362
1174 1208
1174 1286
1174 1308
1174 1377
1174 1526
1174 1532
1174 1534
1174 1542
1175 1203
1175 1252
1175 1270
1175 1346
1175 1404
1175 1487
1175 1517
1175 1543
1175 1598
1175 1600
1178 1192
1178 1209
1178 1249
1178 1283
1178 1323
1178 1375
1178 1399
1178 1404
1178 1437
1178 1511
1178 1524
1178 1536
1178 1554
1179 1192
1180 1224
1180 1305
1180 1437
1180 1476
1180 1507
1180 1569
1183 1188
1183 1273
1183 1325
1183 1427
1183 1488
1183 1515
1184 1255
1185 1392
1185 1398
1187 1367
1187 1388
1187 1551
1188 1273
1188 1325
1188 1337
1188 1427
1188 1515
1189 1410
1189 1451
1189 1453
1189 1593
1190 1553
1191 1231
1191 1309
1192 1209
1192 1249
1192 1258
1192 1270
1192 1283
1192 1323
1192 1324
1192 1354
1192 1375
1192 1399
1192 1404
1192 1466
1192 1536
1192 1545
1197 1217
1197 1526
1197 1588
1199 1408
1200 1206
1200 1382
1200 1500
1200 1555
1202 1206
1202 1486
1202 1555
1203 1218
1203 1245
1203 1270
1203 1355
1203 1366
1203 1438
1203 1456
1203 1487
1203 1517
1204 1283
1205 1498
1206 1382
1206 1486
1206 1555
1208 1217
1208 1464
1208 1467
1208 1526
1208 1542
1208 1585
1208 1612
1209 1218
1209 1229
1209 1249
1209 1258
1209 1283
1209 1323
1209 1324
1209 1354
1209 1355
1209 1366
1209 1375
1209 1399
1209 1404
1209 1437
1209 1438
1209 1445
1209 1466
1209 1511
1209 1512
1209 1520
1209 1536
1209 1545
1209 1554
1213 1259
1213 1330
1213 1344
1213 1523
1213 1533
1214 1277
1214 1585
1214 1612
1217 1318
1217 1428
1217 1467
1217 1526
1217 1542
1217 1585
1217 1588
1217 1612
1218 1229
1218 1245
1218 1249
1218 1265
1218 1270
1218 1326
1218 1355
1218 1366
1218 1373
1218 1375
1218 1399
1218 1404
1218 1438
1218 1456
1218 1460
1218 1466
1218 1487
1218 1497
1218 1512
1218 1520
1218 1536
1218 1541
1218 1545
1218 1560
1221 1367
1223 1286
1223 1491
1224 1305
1224 1437
1224 1476
1224 1569
1227 1510
1227 1514
1228 1352
1228 1410
1228 1426
1228 1451
1228 1453
1228 1477
1228 1590
1228 1593
1229 1245
1229 1265
1229 1284
1229 1341
1229 1355
1229 1366
1229 1375
1229 1399
1229 1438
1229 1456
1229 1497
1229 1512
1229 1520
1229 1541
1229 1554
1229 1560
1230 1275
1231 1309
1231 1317
1231 1421
1231 1437
1232 1613
1233 1271
1234 1300
1235 1357
1235 1480
1236 1357
1236 1480
1237 1260
1238 1415
1239 1241
1239 1591
1240 1509
1240 1615
1241 1591
1242 1257
1243 1260
1244 1293
1244 1417
1244 1519
1244 1549
1245 1265
1245 1355
1245 1366
1245 1375
1245 1399
1245 1438
1245 1456
1245 1460
1245 1497
1245 1512
1245 1520
1245 1536
1245 1541
1245 1545
1245 1560
1249 1258
1249 1283
1249 1323
1249 1353
1249 1354
1249 1373
1249 1375
1249 1399
1249 1404
1249 1437
1249 1466
1249 1511
1249 1524
1249 1536
1249 1545
1249 1554
1249 1589
1252 1517
1252 1598
1252 1600
1253 1363
1258 1283
1258 1323
1258 1354
1258 1375
1258 1399
1258 1404
1258 1466
1258 1511
1258 1525
1258 1579
1259 1330
1259 1344
1259 1523
1259 1533
1259 1562
1262 1406
1263 1607
1264 1272
1264 1446
1264 1549
1264 1562
1265 1284
1265 1366
1265 1375
1265 1399
1265 1438
1265 1456
1265 1512
1265 1541
1265 1560
1266 1375
1266 1399
1267 1279
1267 1307
1267 1331
1267 1409
1267 1439
1267 1440
1267 1443
1267 1471
1267 1472
1267 1559
1267 1594
1267 1617
1267 1620
1268 1383
1270 1283
1270 1399
1270 1404
1270 1465
1270 1466
1270 1487
1270 1507
1270 1511
1270 1517
1270 1536
1270 1543
1270 1598
1270 1600
1272 1446
1272 1562
1273 1325
1273 1427
1273 1488
1273 1515
1275 1310
1277 1464
1277 1585
1277 1612
1279 1331
1279 1409
1279 1439
1279 1440
1279 1443
1279 1594
1279 1617
1279 1620
1281 1447
1283 1323
1283 1354
1283 1375
1283 1399
1283 1404
1283 1466
1283 1511
1283 1520
1283 1536
1284 1341
1284 1399
1284 1512
1284 1560
1286 1298
1286 1349
1286 1378
1286 1384
1286 1402
1286 1405
1286 1491
1286 1532
1289 1396
1289 1420
1289 1538
1289 1558
1293 1417
1293 1549
1295 1316
1296 1328
1296 1432
1296 1592
1298 1335
1298 1349
1298 1378
1298 1384
1298 1402
1300 1333
1300 1356
1300 1376
1300 1431
1300 1496
1300 1581
1300 1605
1301 1350
1305 1476
1305 1569
1307 1440
1307 1443
1307 1471
1307 1472
1307 1559
1307 1594
1307 1617
1308 1534
1309 1317
1309 1421
1311 1401
1313 1604
1314 1610
1319 1485
1320 1340
1321 1370
1321 1419
1321 1442
1323 1373
1323 1375
1323 1399
1323 1404
1323 1437
1323 1438
1323 1466
1323 1511
1323 1520
1323 1554
1325 1337
1325 1427
1325 1437
1325 1488
1325 1515
1326 1487
1328 1592
1330 1344
1330 1523
1330 1533
1330 1562
1331 1409
1331 1439
1331 1440
1331 1443
1331 1594
1331 1617
1331 1620
1333 1356
1333 1376
1333 1431
1333 1496
1333 1581
1333 1605
1334 1459
1334 1489
1334 1519
1334 1566
1335 1349
1335 1378
1335 1384
1337 1427
1337 1515
1338 1374
1341 1375
1341 1399
1341 1512
1341 1520
1341 1554
1341 1560
1343 1494
1344 1523
1344 1533
1344 1562
1345 1422
1345 1440
1345 1443
1345 1519
1345 1617
1346 1543
1349 1378
1349 1384
1349 1402
1352 1426
1352 1477
1352 1590
1353 1375
1354 1375
1354 1399
1354 1404
1354 1511
1355 1366
1355 1375
1355 1399
1355 1438
1355 1456
1355 1466
1355 1487
1355 1497
1355 1520
1355 1536
1356 1376
1356 1431
1356 1496
1356 1581
1356 1605
1357 1480
1365 1596
1366 1375
1366 1399
1366 1438
1366 1456
1366 1466
1366 1487
1366 1497
1366 1512
1366 1520
1366 1536
1366 1541
1367 1414
1370 1419
1370 1442
1371 1534
1373 1375
1373 1399
1373 1438
1373 1524
1373 1536
1375 1399
1375 1404
1375 1438
1375 1466
1375 1497
1375 1511
1375 1512
1375 1520
1375 1524
1375 1536
1375 1541
1375 1545
1375 1554
1375 1560
1375 1579
1376 1431
1376 1496
1376 1581
1376 1605
1377 1457
1378 1384
1378 1402
1380 1392
1380 1398
1380 1411
1382 1500
1382 1555
1384 1402
1388 1551
1389 1469
1392 1398
1398 1411
1399 1404
1399 1438
1399 1456
1399 1466
1399 1487
1399 1497
1399 1511
1399 1512
1399 1520
1399 1524
1399 1536
1399 1541
1399 1545
1399 1554
1399 1560
1399 1619
1400 1413
1403 1598
1404 1465
1404 1466
1404 1487
1404 1507
1404 1511
1404 1517
1404 1520
1404 1536
1404 1543
1404 1545
1404 1554
1404 1600
1407 1484
1409 1439
1409 1440
1409 1443
1409 1463
1409 1508
1409 1594
1409 1617
1409 1620
1410 1451
1410 1453
1410 1593
1412 1416
1414 1422
1415 1549
1417 1519
1417 1549
1420 1487
1420 1517
1420 1558
1422 1440
1422 1443
1422 1519
1422 1559
1422 1587
1422 1617
1425 1566
1426 1477
1426 1590
1427 1488
1427 1515
1428 1542
1428 1612
1428 1616
1431 1496
1431 1581
1431 1605
1437 1476
1437 1507
1437 1511
1437 1515
1437 1554
1437 1569
1438 1456
1438 1497
1438 1512
1438 1520
1438 1541
1438 1560
1439 1440
1439 1443
1439 1594
1439 1617
1439 1620
1440 1443
1440 1471
1440 1472
1440 1559
1440 1594
1440 1617
1440 1620
1443 1471
1443 1472
1443 1519
1443 1559
1443 1594
1443 1617
1443 1620
1446 1562
1450 1513
1451 1453
1451 1593
1452 1550
1453 1593
1455 1602
1456 1497
1456 1512
1456 1520
1456 1536
1456 1541
1459 1489
1459 1566
1460 1520
1463 1508
1464 1542
1464 1585
1464 1612
1465 1517
1465 1598
1466 1511
1466 1536
1466 1545
1470 1568
1471 1472
1471 1559
1471 1594
1471 1617
1472 1559
1472 1594
1472 1617
1476 1569
1477 1590
1482 1578
1486 1555
1487 1497
1487 1517
1487 1520
1487 1543
1487 1558
1487 1600
1488 1515
1489 1566
1494 1544
1496 1581
1496 1605
1497 1512
1497 1536
1497 1541
1501 1584
1509 1615
1510 1514
1511 1536
1512 1520
1512 1536
1512 1541
1512 1554
1512 1560
1512 1589
1517 1543
1517 1558
1517 1598
1517 1600
1519 1549
1519 1617
1520 1536
1520 1541
1520 1554
1520 1560
1520 1589
1523 1533
1523 1562
1524 1554
1526 1542
1526 1588
1532 1534
1536 1541
1536 1545
1538 1558
1540 1552
1540 1586
1541 1560
1542 1585
1542 1588
1542 1612
1543 1595
1543 1598
1543 1600
1545 1589
1552 1586
1554 1560
1557 1564
1558 1600
1559 1594
1559 1617
1581 1605
1585 1588
1585 1612
1594 1617
1594 1620
1598 1600
1612 1616
1617 1620