1 1 0
1 1 2
1 1 2
1 1 4
1 1 4
1 1 4
1 1 5
1 1 4
1 1 4
1 2 0
1 2 0
1 2 2
1 2 2
1 2 2
1 2 2
1 2 4
1 2 5
1 2 4
1 3 0
1 3 3
1 3 2
1 3 4
1 3 4
1 3 4
1 3 4
1 3 4
1 3 5
1 3 4
1 3 5
1 3 4
1 3 4
1 3 4
1 5 4
1 5 4
1 6 0
1 6 0
1 6 2
1 6 4
1 6 5
1 6 4
1 6 4
1 7 2
1 7 4
1 7 5
1 7 4
1 7 4
1 7 4
1 7 4
1 7 4
1 7 4
1 7 4
1 7 4
1 8 2
1 8 2
1 8 3
1 8 5
1 8 4
1 8 4
1 8 4
1 9 4
1 9 5
1 10 1
1 10 4
1 10 4
1 10 4
1 10 5
1 11 2
1 11 2
1 11 2
1 11 4
1 11 4
1 11 4
1 12 0
1 12 4
1 13 0
1 13 2
1 13 4
1 13 4
1 14 4
1 14 5
1 14 4
1 14 5
1 15 0
1 15 2
1 15 4
1 15 4
1 16 2
1 16 2
1 16 5
1 16 4
1 16 5
1 17 1
1 18 2
1 18 4
1 20 0
1 20 2
1 20 2
1 20 4
1 20 4
1 21 0
1 21 2
1 22 0
1 23 4
1 24 1
1 24 4
1 25 2
1 25 4
1 26 0
1 26 3
1 26 4
1 26 4
1 26 4
1 26 4
1 26 4
1 27 3
1 27 5
1 27 4
1 28 0
1 28 3
1 28 4
1 29 4
1 29 4
1 30 0
1 30 2
1 30 2
1 31 1
1 31 2
1 32 2
1 33 0
1 33 4
1 36 4
1 37 4
1 38 4
1 38 4
1 42 2
1 46 2
1 46 2
1 46 2
1 46 2
1 46 3
1 46 4
1 46 4
1 46 4
1 49 4
1 50 0
1 54 2
1 56 0
1 57 4
1 60 1
1 61 4
1 63 1
1 63 0
1 65 4
1 66 1
1 67 4
1 69 2
1 69 4
1 69 4
1 69 4
1 69 4
1 69 4
1 71 2
1 72 2
1 74 3
1 78 4
1 79 4
1 80 4
1 82 3
1 83 2
1 85 0
1 89 4
1 91 4
1 98 4
1 101 2
1 105 2
1 106 3
1 111 0
1 111 2
1 111 4
1 115 4
1 115 4
1 116 4
1 125 4
1 135 2
1 148 4
1 154 5
1 157 2
1 167 4
1 170 2
2 1 0
2 1 0
2 1 0
2 1 2
2 1 2
2 1 2
2 1 4
2 1 5
2 2 3
2 2 2
2 2 4
2 2 4
2 2 4
2 2 4
2 2 4
2 3 0
2 3 0
2 3 2
2 3 2
2 3 4
2 3 4
2 3 5
2 3 4
2 3 5
2 3 4
2 3 4
2 3 4
2 4 4
2 4 4
2 5 5
2 5 4
2 5 5
2 6 0
2 6 0
2 6 2
2 6 4
2 6 4
2 7 0
2 7 2
2 7 2
2 7 2
2 7 3
2 7 2
2 7 2
2 7 2
2 7 2
2 7 4
2 7 4
2 7 4
2 7 4
2 7 4
2 7 4
2 8 2
2 8 4
2 8 4
2 9 4
2 10 2
2 10 2
2 10 2
2 10 4
2 10 5
2 10 4
2 10 4
2 11 0
2 11 0
2 11 2
2 11 4
2 12 0
2 12 5
2 12 4
2 12 4
2 12 4
2 12 4
2 12 4
2 13 0
2 13 2
2 13 4
2 15 2
2 15 4
2 15 4
2 15 4
2 16 0
2 16 2
2 18 4
2 18 4
2 18 5
2 18 4
2 19 0
2 19 4
2 20 2
2 20 2
2 20 4
2 21 5
2 22 2
2 23 4
2 23 4
2 25 1
2 25 0
2 25 4
2 26 1
2 26 2
2 26 2
2 26 4
2 26 4
2 26 4
2 26 4
2 26 4
2 26 4
2 27 0
2 27 2
2 28 0
2 28 3
2 28 4
2 28 4
2 28 4
2 29 0
2 29 2
2 29 5
2 29 4
2 30 2
2 30 2
2 31 0
2 31 1
2 31 0
2 31 4
2 32 0
2 32 0
2 32 4
2 32 5
2 32 4
2 34 0
2 34 0
2 36 4
2 36 4
2 36 4
2 37 0
2 37 0
2 37 4
2 37 5
2 37 4
2 37 4
2 38 2
2 39 2
2 40 2
2 40 4
2 41 2
2 42 2
2 44 0
2 44 4
2 45 2
2 46 2
2 46 2
2 46 4
2 46 4
2 49 2
2 49 4
2 50 0
2 51 2
2 51 5
2 51 4
2 51 4
2 51 4
2 52 2
2 52 5
2 53 4
2 53 4
2 55 0
2 55 2
2 55 4
2 55 4
2 55 4
2 56 0
2 56 2
2 56 4
2 66 2
2 67 4
2 69 4
2 70 4
2 71 4
2 81 0
2 82 5
2 84 2
2 87 1
2 87 0
2 88 2
2 96 2
2 96 4
2 97 2
2 102 4
2 107 4
2 112 4
2 120 4
2 120 4
2 122 0
2 124 4
2 133 5
2 136 3
2 139 4
2 139 4
2 147 4
2 147 4
2 166 4
2 191 2
2 192 4
3 1 0
3 1 2
3 1 2
3 1 2
3 1 2
3 1 4
3 1 4
3 1 4
3 2 2
3 2 4
3 2 4
3 2 4
3 2 4
3 2 5
3 2 4
3 2 4
3 3 3
3 3 3
3 3 2
3 3 2
3 3 2
3 3 2
3 3 2
3 3 3
3 3 4
3 3 4
3 3 4
3 3 4
3 3 4
3 3 4
3 3 4
3 3 5
3 3 4
3 3 4
3 3 4
3 3 4
3 3 4
3 3 4
3 3 4
3 3 4
3 3 4
3 3 4
3 3 5
3 4 1
3 4 4
3 4 4
3 4 4
3 5 3
3 5 4
3 6 0
3 6 0
3 6 0
3 6 3
3 6 4
3 6 4
3 6 4
3 6 4
3 7 2
3 7 2
3 7 2
3 7 2
3 7 2
3 7 3
3 7 4
3 7 4
3 7 5
3 7 4
3 7 4
3 7 4
3 7 4
3 7 4
3 7 4
3 7 4
3 7 5
3 8 5
3 8 4
3 8 5
3 9 0
3 9 0
3 9 2
3 9 4
3 9 4
3 10 1
3 10 0
3 10 3
3 10 2
3 10 2
3 10 2
3 10 4
3 11 0
3 11 3
3 11 2
3 12 0
3 12 0
3 13 2
3 13 4
3 13 4
3 14 0
3 14 2
3 15 2
3 15 5
3 15 4
3 15 4
3 15 4
3 15 4
3 15 4
3 16 1
3 16 2
3 17 2
3 17 4
3 17 4
3 17 4
3 17 4
3 18 1
3 18 0
3 18 2
3 18 2
3 18 4
3 18 4
3 18 4
3 19 0
3 19 0
3 19 3
3 19 4
3 19 4
3 19 4
3 19 4
3 19 4
3 20 2
3 20 3
3 20 4
3 20 4
3 21 0
3 21 2
3 21 4
3 21 4
3 22 3
3 22 4
3 23 4
3 23 5
3 23 4
3 24 1
3 25 0
3 25 2
3 25 2
3 25 4
3 25 4
3 25 5
3 26 0
3 26 2
3 26 4
3 26 4
3 26 5
3 26 4
3 26 4
3 26 4
3 27 0
3 27 4
3 27 4
3 28 0
3 28 0
3 28 0
3 28 4
3 28 4
3 28 4
3 28 4
3 28 4
3 30 1
3 30 2
3 30 4
3 30 4
3 31 4
3 32 0
3 32 2
3 32 2
3 32 4
3 33 0
3 33 4
3 34 0
3 34 2
3 35 0
3 35 4
3 35 4
3 37 0
3 37 0
3 37 0
3 37 1
3 37 3
3 37 2
3 37 2
3 37 4
3 37 4
3 37 4
3 39 2
3 40 1
3 40 2
3 40 2
3 41 0
3 41 2
3 42 1
3 42 2
3 42 2
3 42 4
3 42 4
3 42 4
3 43 1
3 43 4
3 43 4
3 44 2
3 45 2
3 45 5
3 45 4
3 45 4
3 45 4
3 45 4
3 46 0
3 46 5
3 46 4
3 47 4
3 49 4
3 49 4
3 50 4
3 51 3
3 51 4
3 52 1
3 52 1
3 52 5
3 55 2
3 56 5
3 56 4
3 57 2
3 57 4
3 59 4
3 60 2
3 67 4
3 70 0
3 70 3
3 72 0
3 72 4
3 73 4
3 74 4
3 81 1
3 82 2
3 84 2
3 84 4
3 97 2
3 100 4
3 101 4
3 102 0
3 102 4
3 104 2
3 104 4
3 111 1
3 111 0
3 111 4
3 111 4
3 111 4
3 113 4
3 113 5
3 122 1
3 122 0
3 122 2
3 122 4
3 128 0
3 129 2
3 131 5
3 131 4
3 133 2
3 133 4
3 143 4
3 145 0
3 145 2
3 145 4
3 148 0
3 148 2
3 148 4
3 148 4
3 150 4
3 151 2
3 154 3
3 154 5
3 160 1
3 160 2
3 160 2
3 161 2
3 161 5
3 168 4
3 175 0
3 175 2
3 175 2
3 175 2
3 175 2
3 175 4
3 175 5
3 175 4
3 181 2
3 188 4
3 191 2
3 199 4
4 1 1
4 1 4
4 1 4
4 2 4
4 3 4
4 3 4
4 4 4
4 4 4
4 6 0
4 6 4
4 6 4
4 7 4
4 7 4
4 10 2
4 11 0
4 15 4
4 16 4
4 18 4
4 19 4
4 21 4
4 23 2
4 30 4
4 32 4
4 32 4
4 32 4
4 37 4
4 41 2
4 52 2
4 54 0
4 54 2
4 59 2
4 70 2
4 85 4
4 86 2
4 90 2
4 101 0
4 106 4
4 111 4
4 140 4
4 164 4
5 1 2
5 1 4
5 2 4
5 2 4
5 3 4
5 3 4
5 3 4
5 5 4
5 5 4
5 6 4
5 6 5
5 7 2
5 7 5
5 7 4
5 7 4
5 8 4
5 9 4
5 9 4
5 11 4
5 13 4
5 15 4
5 16 4
5 16 4
5 18 4
5 20 2
5 20 4
5 21 4
5 21 4
5 27 4
5 27 4
5 27 4
5 29 4
5 29 4
5 30 4
5 30 4
5 31 2
5 31 2
5 33 4
5 34 1
5 37 3
5 38 0
5 38 4
5 43 4
5 44 3
5 45 4
5 47 5
5 51 4
5 66 1
5 67 4
5 70 4
5 75 0
5 87 3
5 97 4
5 100 4
5 102 2
5 111 1
5 115 2
5 124 1
5 135 4
5 149 4
5 149 5
5 154 2
5 161 3
5 170 0
5 175 0
5 175 2
5 175 4
5 191 2
6 1 0
6 1 4
6 1 5
6 3 5
6 5 0
6 6 2
6 6 4
6 6 4
6 7 2
6 7 4
6 7 4
6 8 2
6 9 5
6 9 5
6 10 2
6 11 2
6 11 4
6 12 4
6 12 5
6 12 4
6 13 3
6 13 2
6 13 4
6 14 4
6 16 4
6 17 3
6 17 4
6 17 4
6 17 4
6 17 4
6 18 3
6 18 2
6 18 4
6 18 4
6 21 4
6 22 0
6 22 0
6 22 4
6 23 2
6 24 4
6 25 4
6 25 4
6 26 4
6 27 4
6 27 4
6 27 4
6 27 4
6 28 4
6 29 4
6 29 4
6 31 1
6 31 5
6 31 4
6 33 3
6 33 2
6 33 4
6 35 4
6 35 4
6 36 2
6 37 4
6 37 4
6 37 5
6 40 0
6 40 1
6 46 4
6 49 4
6 55 0
6 55 2
6 55 4
6 55 4
6 56 1
6 57 5
6 62 4
6 65 4
6 66 3
6 67 4
6 70 0
6 70 4
6 73 4
6 77 2
6 78 4
6 81 0
6 83 4
6 87 0
6 87 4
6 90 0
6 93 2
6 93 3
6 94 4
6 95 4
6 95 4
6 104 4
6 106 4
6 107 2
6 111 0
6 111 4
6 112 4
6 113 2
6 113 4
6 115 4
6 120 0
6 120 2
6 123 2
6 133 2
6 146 4
6 147 2
6 150 2
6 155 2
6 164 2
6 191 4
6 198 2
6 200 0
6 201 4
7 1 0
7 1 4
7 1 4
7 1 5
7 1 4
7 2 2
7 2 2
7 2 2
7 2 4
7 2 4
7 3 2
7 3 4
7 4 0
7 4 1
7 4 0
7 5 4
7 5 4
7 6 3
7 7 1
7 7 2
7 7 3
7 7 2
7 7 2
7 7 2
7 7 4
7 7 4
7 7 5
7 7 5
7 7 4
7 7 4
7 7 4
7 7 5
7 7 4
7 7 4
7 7 4
7 7 4
7 7 4
7 7 5
7 7 4
7 7 5
7 7 4
7 8 4
7 8 4
7 9 4
7 10 0
7 10 4
7 10 4
7 10 4
7 10 4
7 10 4
7 11 0
7 11 2
7 11 4
7 12 0
7 12 1
7 12 0
7 12 0
7 12 4
7 12 4
7 13 1
7 13 4
7 14 2
7 15 4
7 16 4
7 17 4
7 18 0
7 18 2
7 19 0
7 20 5
7 20 4
7 20 4
7 21 1
7 21 0
7 21 1
7 21 2
7 21 4
7 23 0
7 23 0
7 23 4
7 23 4
7 23 4
7 23 4
7 27 2
7 28 0
7 28 2
7 28 2
7 28 4
7 28 4
7 30 4
7 30 4
7 33 2
7 33 4
7 34 5
7 35 0
7 36 2
7 36 3
7 36 4
7 37 1
7 37 0
7 37 0
7 37 0
7 37 2
7 37 2
7 37 4
7 37 4
7 37 4
7 37 4
7 39 4
7 40 2
7 41 4
7 42 0
7 42 2
7 43 1
7 43 4
7 44 4
7 45 2
7 47 4
7 48 3
7 50 2
7 52 0
7 52 4
7 54 2
7 55 2
7 55 3
7 57 0
7 57 0
7 57 3
7 57 3
7 61 0
7 61 2
7 66 2
7 66 2
7 69 2
7 72 1
7 73 2
7 76 4
7 80 2
7 80 5
7 85 2
7 86 0
7 88 0
7 88 4
7 89 2
7 90 0
7 95 2
7 95 2
7 102 3
7 102 4
7 111 2
7 111 5
7 114 4
7 121 2
7 124 2
7 125 0
7 125 0
7 125 2
7 145 1
7 145 2
7 151 2
7 163 2
7 175 2
7 188 4
7 191 2
7 191 2
7 193 4
7 200 2
8 1 4
8 2 4
8 3 4
8 4 4
8 5 4
8 5 4
8 5 4
8 7 4
8 8 1
8 8 4
8 9 4
8 10 4
8 11 0
8 13 2
8 13 5
8 14 2
8 16 2
8 17 4
8 18 0
8 18 5
8 20 4
8 20 4
8 21 4
8 23 4
8 24 0
8 25 2
8 26 5
8 26 4
8 27 0
8 28 0
8 28 0
8 28 2
8 28 4
8 32 4
8 33 2
8 34 0
8 34 4
8 35 2
8 36 0
8 38 0
8 38 4
8 40 2
8 42 2
8 45 1
8 46 4
8 49 4
8 51 0
8 55 2
8 56 1
8 60 4
8 61 4
8 63 3
8 64 0
8 64 4
8 64 4
8 64 4
8 78 2
8 79 4
8 81 4
8 86 2
8 88 4
8 100 2
8 103 0
8 105 0
8 107 2
8 107 4
8 113 0
8 113 4
8 114 2
8 118 4
8 120 4
8 122 0
8 133 4
8 139 2
8 142 4
8 151 2
8 154 2
8 154 5
8 155 4
8 175 1
8 193 4
8 204 2
9 1 4
9 7 4
9 7 4
9 7 4
9 7 4
9 8 4
9 8 4
9 11 4
9 11 4
9 13 2
9 15 4
9 16 2
9 16 4
9 16 4
9 19 4
9 25 5
9 27 4
9 32 2
9 32 4
9 33 4
9 37 2
9 37 2
9 37 5
9 38 5
9 42 2
9 42 4
9 42 4
9 47 2
9 54 4
9 56 5
9 57 4
9 65 2
9 65 2
9 70 2
9 75 2
9 80 4
9 84 2
9 97 0
9 105 0
9 107 2
9 111 4
9 112 2
9 148 2
9 166 2
9 182 2
9 186 4
9 191 4
10 2 4
10 5 0
10 6 2
10 6 2
10 7 0
10 7 2
10 8 4
10 8 4
10 10 4
10 10 5
10 11 0
10 12 0
10 12 0
10 12 0
10 12 2
10 13 2
10 15 2
10 16 0
10 16 2
10 18 4
10 20 1
10 22 0
10 25 0
10 26 0
10 26 2
10 26 4
10 26 4
10 26 4
10 26 4
10 27 0
10 28 0
10 29 4
10 30 4
10 34 2
10 36 4
10 37 1
10 37 0
10 37 2
10 37 4
10 38 2
10 40 4
10 42 0
10 42 0
10 43 2
10 43 2
10 46 1
10 46 2
10 46 2
10 46 5
10 46 5
10 47 0
10 51 4
10 52 4
10 55 2
10 55 2
10 56 4
10 57 2
10 59 4
10 60 0
10 70 5
10 73 2
10 74 2
10 75 0
10 77 5
10 85 3
10 101 0
10 102 0
10 109 4
10 137 2
10 142 5
10 154 3
10 162 2
10 167 0
10 171 2
10 191 1
10 200 4
11 2 0
11 6 2
11 6 4
11 8 2
11 10 0
11 11 4
11 11 5
11 11 4
11 12 1
11 12 4
11 12 4
11 15 4
11 15 4
11 15 4
11 15 4
11 15 4
11 17 4
11 17 4
11 18 4
11 19 4
11 21 1
11 22 2
11 26 4
11 27 2
11 28 4
11 28 4
11 28 4
11 28 4
11 28 4
11 28 4
11 29 1
11 31 4
11 32 1
11 32 4
11 32 4
11 32 5
11 33 0
11 34 4
11 34 4
11 35 2
11 35 4
11 35 4
11 36 4
11 37 0
11 37 2
11 37 4
11 38 2
11 40 5
11 41 0
11 41 0
11 41 2
11 41 2
11 42 2
11 42 4
11 42 4
11 43 2
11 43 4
11 44 0
11 47 4
11 49 0
11 49 5
11 50 4
11 52 2
11 52 2
11 52 5
11 52 4
11 52 4
11 53 2
11 53 3
11 54 5
11 54 4
11 54 4
11 56 4
11 57 1
11 57 2
11 66 4
11 67 3
11 70 2
11 71 4
11 72 4
11 74 1
11 74 3
11 74 2
11 74 5
11 75 0
11 75 1
11 75 4
11 77 5
11 77 4
11 78 4
11 79 2
11 79 4
11 80 2
11 83 2
11 83 2
11 83 4
11 84 4
11 85 2
11 86 0
11 86 1
11 87 0
11 87 0
11 87 2
11 87 2
11 87 2
11 87 4
11 88 2
11 89 2
11 90 0
11 92 4
11 95 5
11 98 0
11 100 0
11 102 4
11 103 2
11 105 4
11 106 2
11 108 0
11 108 2
11 109 4
11 110 4
11 111 0
11 111 3
11 111 4
11 111 4
11 112 2
11 112 3
11 112 4
11 113 4
11 115 4
11 123 0
11 124 4
11 128 4
11 128 4
11 129 2
11 129 4
11 131 2
11 131 4
11 133 4
11 133 4
11 138 4
11 141 4
11 142 2
11 142 2
11 142 2
11 142 4
11 142 4
11 143 0
11 154 2
11 155 0
11 156 0
11 163 0
11 164 0
11 165 2
11 167 4
11 168 0
11 173 0
11 173 2
11 181 2
11 181 4
11 181 4
11 199 2
11 200 4
11 204 3
12 1 4
12 2 4
12 2 4
12 6 4
12 6 4
12 7 1
12 10 4
12 11 0
12 11 2
12 11 5
12 11 4
12 11 4
12 12 4
12 13 2
12 13 2
12 13 4
12 16 4
12 21 4
12 21 5
12 22 4
12 23 2
12 23 4
12 27 0
12 27 4
12 28 0
12 28 2
12 28 4
12 29 4
12 30 2
12 30 4
12 31 4
12 35 4
12 37 0
12 37 2
12 37 4
12 38 1
12 38 0
12 38 4
12 42 4
12 44 4
12 48 4
12 48 4
12 51 4
12 54 4
12 55 2
12 55 2
12 59 0
12 60 4
12 66 4
12 68 4
12 69 2
12 70 4
12 70 5
12 73 0
12 75 2
12 75 4
12 78 4
12 82 4
12 84 4
12 85 4
12 87 3
12 87 4
12 89 2
12 96 0
12 98 4
12 102 2
12 103 4
12 107 0
12 107 3
12 110 0
12 114 4
12 116 5
12 116 4
12 123 2
12 125 0
12 130 4
12 132 4
12 138 4
12 139 5
12 141 4
12 150 4
12 152 0
12 155 4
12 166 2
12 188 2
12 191 2
12 196 4
13 5 4
13 6 0
13 6 1
13 10 4
13 11 2
13 13 4
13 15 1
13 19 4
13 20 2
13 20 4
13 20 4
13 20 5
13 20 5
13 23 0
13 24 2
13 24 4
13 24 4
13 24 4
13 25 0
13 26 2
13 26 5
13 27 2
13 27 2
13 28 5
13 31 2
13 33 4
13 36 2
13 36 2
13 36 4
13 38 2
13 38 2
13 40 2
13 43 0
13 45 2
13 51 0
13 53 4
13 54 5
13 54 5
13 64 2
13 66 2
13 66 4
13 67 3
13 69 3
13 69 5
13 70 4
13 73 4
13 76 2
13 76 2
13 79 1
13 81 4
13 84 5
13 84 4
13 86 3
13 87 4
13 88 1
13 88 3
13 88 4
13 93 4
13 99 5
13 102 0
13 102 3
13 115 0
13 121 4
13 124 2
13 130 4
13 130 4
13 142 3
13 143 2
13 145 4
13 148 2
13 155 2
13 161 2
13 164 2
13 167 2
13 167 2
13 167 4
13 167 4
13 171 4
13 174 2
13 174 2
13 181 4
13 184 4
13 195 4
13 201 4
14 3 4
14 8 2
14 9 4
14 13 0
14 14 4
14 14 4
14 17 4
14 18 5
14 19 2
14 21 2
14 22 5
14 27 2
14 27 2
14 38 4
14 42 2
14 42 2
14 43 2
14 48 4
14 50 2
14 50 3
14 52 0
14 53 4
14 56 4
14 57 0
14 63 5
14 64 0
14 69 4
14 69 4
14 71 0
14 86 2
14 88 1
14 98 2
14 111 0
14 111 4
14 131 1
14 139 4
14 159 0
14 169 4
14 175 0
14 179 4
14 202 3
14 203 0
15 1 2
15 1 2
15 2 4
15 7 0
15 12 5
15 13 4
15 15 4
15 15 4
15 15 4
15 15 4
15 18 4
15 18 4
15 20 4
15 23 4
15 23 5
15 24 0
15 24 2
15 25 2
15 26 4
15 28 2
15 29 5
15 31 1
15 32 3
15 32 5
15 34 4
15 38 4
15 39 0
15 42 2
15 42 3
15 43 4
15 47 2
15 49 2
15 49 4
15 51 4
15 55 2
15 55 4
15 60 0
15 60 4
15 62 2
15 69 4
15 69 4
15 74 4
15 84 2
15 85 2
15 88 4
15 100 3
15 106 0
15 107 3
15 111 2
15 117 2
15 118 2
15 130 4
15 132 0
15 138 3
15 138 4
15 152 4
15 155 5
15 161 3
15 166 0
15 170 2
15 181 4
15 191 2
15 191 3
15 204 3
16 15 4
16 16 4
16 19 3
16 20 4
16 21 2
16 27 2
16 27 2
16 29 2
16 31 4
16 35 2
16 35 4
16 40 4
16 51 4
16 52 2
16 56 4
16 58 1
16 62 4
16 67 2
16 67 4
16 70 4
16 76 0
16 82 5
16 93 4
16 101 4
16 127 4
16 146 4
16 147 4
16 201 4
17 2 4
17 6 4
17 7 2
17 7 5
17 7 4
17 12 2
17 18 3
17 22 0
17 22 4
17 35 4
17 38 4
17 41 2
17 73 0
17 79 4
17 84 0
17 105 1
17 108 2
17 112 0
17 145 4
17 145 4
17 146 2
17 149 4
17 190 2
17 191 2
17 191 2
17 191 2
17 191 2
17 200 1
18 7 0
18 9 2
18 10 0
18 12 0
18 14 2
18 14 4
18 18 4
18 18 4
18 20 0
18 25 2
18 25 2
18 25 2
18 25 4
18 25 4
18 25 4
18 27 4
18 28 0
18 28 4
18 29 3
18 29 4
18 29 4
18 31 0
18 31 4
18 32 4
18 32 5
18 34 2
18 34 4
18 35 2
18 36 2
18 36 4
18 36 4
18 37 1
18 41 0
18 41 4
18 42 2
18 49 0
18 49 4
18 49 4
18 50 4
18 51 2
18 52 2
18 53 2
18 53 4
18 53 4
18 54 0
18 55 2
18 57 4
18 69 4
18 72 2
18 72 4
18 74 4
18 74 4
18 75 2
18 76 4
18 77 0
18 79 4
18 80 4
18 82 2
18 83 4
18 87 4
18 96 0
18 96 0
18 98 2
18 98 4
18 98 4
18 102 0
18 103 2
18 107 2
18 108 2
18 111 4
18 111 4
18 113 2
18 115 2
18 116 4
18 120 2
18 120 2
18 129 4
18 132 4
18 148 4
18 150 2
18 154 0
18 157 0
18 163 2
18 175 0
18 175 2
18 175 4
18 178 0
18 181 2
18 184 4
18 187 2
18 188 4
18 191 2
18 194 4
18 203 0
19 7 4
19 18 2
19 19 2
19 20 4
19 21 4
19 22 4
19 24 0
19 31 0
19 31 4
19 34 4
19 36 0
19 37 4
19 38 4
19 43 3
19 43 2
19 44 1
19 50 2
19 55 4
19 56 4
19 57 4
19 69 2
19 70 4
19 70 4
19 72 0
19 79 1
19 79 2
19 82 2
19 84 3
19 89 4
19 97 0
19 100 2
19 100 2
19 100 4
19 101 2
19 104 0
19 106 1
19 106 2
19 106 2
19 111 2
19 116 0
19 116 4
19 118 4
19 121 4
19 125 1
19 128 4
19 148 0
19 153 0
19 160 4
19 170 4
19 175 4
19 181 0
19 191 0
19 192 4
20 3 3
20 7 3
20 7 2
20 7 4
20 13 1
20 13 4
20 15 2
20 16 4
20 17 0
20 18 4
20 20 4
20 25 4
20 27 2
20 28 4
20 29 2
20 31 2
20 32 5
20 32 4
20 36 0
20 37 2
20 37 4
20 38 1
20 40 4
20 41 4
20 41 4
20 49 2
20 51 4
20 51 4
20 52 4
20 60 4
20 70 2
20 88 1
20 88 0
20 91 0
20 96 3
20 98 4
20 102 2
20 120 2
20 120 4
20 124 0
20 130 2
20 145 2
20 175 5
20 184 4
20 193 5
20 198 2
20 201 5
21 3 4
21 6 4
21 7 4
21 7 4
21 7 4
21 8 0
21 10 4
21 10 4
21 10 4
21 10 4
21 13 4
21 15 0
21 18 4
21 21 0
21 21 0
21 21 0
21 21 3
21 21 4
21 21 4
21 21 4
21 21 4
21 21 4
21 21 4
21 21 4
21 21 4
21 21 4
21 21 4
21 21 4
21 21 5
21 21 4
21 22 4
21 22 4
21 27 4
21 31 4
21 32 2
21 38 4
21 38 4
21 45 0
21 46 3
21 46 2
21 46 4
21 46 4
21 46 4
21 47 2
21 51 0
21 55 2
21 55 2
21 55 3
21 55 2
21 55 2
21 55 2
21 55 3
21 55 2
21 55 2
21 55 4
21 55 5
21 55 5
21 55 4
21 55 4
21 57 0
21 57 2
21 57 4
21 59 0
21 60 4
21 65 0
21 65 4
21 65 4
21 66 2
21 66 2
21 66 3
21 66 2
21 66 4
21 66 4
21 67 5
21 69 4
21 72 2
21 75 4
21 77 0
21 78 2
21 78 2
21 78 2
21 78 2
21 78 4
21 80 2
21 80 2
21 80 2
21 80 2
21 80 2
21 80 4
21 80 4
21 80 5
21 91 1
21 91 2
21 91 4
21 93 4
21 93 4
21 94 0
21 94 2
21 94 2
21 95 2
21 95 4
21 95 4
21 95 4
21 95 5
21 95 5
21 96 5
21 99 3
21 99 2
21 99 2
21 99 3
21 99 4
21 102 4
21 111 2
21 120 2
21 124 4
21 129 4
21 129 4
21 129 4
21 129 4
21 139 4
21 139 4
21 139 4
21 141 4
21 143 4
21 151 0
21 151 2
21 151 3
21 151 2
21 151 2
21 151 2
21 151 3
21 151 2
21 151 2
21 151 2
21 151 5
21 151 4
21 151 4
21 151 4
21 151 4
21 153 0
21 170 4
21 175 3
21 189 1
21 189 2
21 189 2
22 10 2
22 14 2
22 14 4
22 22 2
22 22 4
22 23 4
22 25 4
22 26 4
22 27 4
22 27 4
22 37 4
22 38 4
22 41 0
22 41 4
22 44 5
22 45 4
22 50 2
22 63 0
22 64 0
22 66 0
22 70 4
22 80 2
22 87 0
22 104 2
22 105 0
22 140 3
22 147 2
22 155 2
22 161 4
22 181 2
22 193 2
22 200 2
22 200 4
23 6 4
23 19 2
23 23 4
23 23 4
23 23 4
23 26 4
23 27 0
23 28 2
23 32 4
23 36 2
23 36 2
23 41 4
23 41 4
23 47 2
23 49 4
23 50 4
23 52 0
23 52 2
23 53 0
23 53 0
23 54 0
23 54 4
23 56 4
23 60 4
23 61 4
23 71 1
23 72 1
23 76 0
23 81 0
23 81 0
23 87 2
23 87 2
23 87 4
23 88 0
23 102 4
23 102 4
23 108 4
23 110 2
23 110 2
23 115 2
23 120 3
23 120 2
23 123 0
23 131 4
23 173 4
23 173 4
23 181 2
23 203 2
23 203 3
24 7 0
24 14 4
24 18 4
24 27 0
24 27 2
24 35 3
24 35 4
24 37 4
24 39 2
24 43 0
24 49 4
24 75 0
24 96 3
24 115 0
24 117 0
24 148 0
24 154 4
24 169 4
24 171 2
25 5 4
25 6 4
25 6 5
25 7 4
25 7 4
25 20 2
25 20 2
25 20 4
25 22 4
25 25 0
25 25 2
25 28 4
25 28 4
25 28 4
25 34 2
25 35 1
25 35 2
25 36 2
25 36 4
25 37 4
25 38 4
25 40 2
25 40 3
25 40 2
25 44 4
25 50 2
25 50 3
25 54 5
25 56 2
25 57 3
25 59 4
25 61 2
25 67 2
25 68 2
25 72 2
25 73 2
25 73 2
25 74 2
25 79 4
25 80 4
25 81 0
25 81 4
25 84 0
25 84 0
25 84 2
25 87 4
25 95 4
25 98 2
25 98 2
25 98 2
25 100 1
25 107 4
25 107 4
25 107 4
25 110 3
25 117 4
25 118 4
25 118 4
25 118 4
25 118 5
25 128 4
25 133 2
25 133 2
25 145 0
25 145 2
25 151 0
25 153 2
25 154 5
25 156 2
25 160 4
25 161 2
25 161 2
25 166 4
25 166 4
25 169 2
25 175 0
25 179 0
25 184 2
25 194 0
25 202 2
26 2 4
26 10 0
26 11 2
26 12 0
26 15 2
26 19 0
26 26 4
26 26 4
26 28 0
26 32 2
26 35 0
26 35 0
26 37 3
26 49 3
26 49 2
26 49 4
26 56 4
26 60 2
26 60 4
26 64 3
26 67 2
26 69 4
26 69 4
26 70 2
26 72 0
26 81 2
26 108 0
26 110 4
26 111 4
26 118 3
26 131 0
26 139 4
26 148 2
26 148 2
26 152 4
26 155 2
26 165 2
26 165 3
27 12 2
27 12 4
27 18 4
27 19 2
27 21 5
27 21 4
27 21 5
27 22 2
27 25 4
27 27 4
27 27 4
27 28 3
27 30 5
27 32 4
27 34 4
27 35 2
27 35 4
27 35 4
27 36 4
27 37 4
27 38 2
27 38 4
27 39 4
27 41 4
27 43 2
27 44 2
27 44 4
27 45 2
27 46 4
27 48 0
27 49 3
27 49 4
27 55 3
27 60 0
27 64 2
27 64 4
27 66 4
27 70 2
27 70 4
27 71 4
27 76 2
27 80 4
27 81 5
27 83 0
27 85 4
27 88 2
27 88 2
27 88 3
27 88 4
27 93 2
27 98 0
27 98 4
27 101 2
27 102 2
27 102 4
27 102 4
27 102 4
27 106 2
27 106 4
27 107 4
27 112 0
27 116 4
27 121 2
27 124 4
27 133 4
27 133 4
27 138 2
27 145 3
27 145 4
27 146 0
27 151 2
27 151 2
27 151 4
27 167 0
27 167 2
27 175 1
27 197 0
27 198 2
27 200 4
27 204 0
28 1 4
28 6 4
28 7 4
28 7 4
28 8 5
28 11 0
28 11 2
28 11 4
28 11 4
28 18 4
28 21 4
28 24 4
28 25 2
28 25 4
28 25 4
28 28 4
28 28 4
28 28 4
28 30 0
28 31 4
28 37 4
28 37 4
28 37 4
28 37 4
28 40 2
28 40 4
28 42 2
28 47 2
28 52 4
28 54 4
28 56 4
28 62 4
28 63 2
28 67 1
28 67 2
28 72 3
28 73 5
28 82 4
28 88 4
28 90 0
28 90 3
28 90 4
28 100 4
28 101 4
28 102 4
28 106 4
28 106 4
28 107 2
28 107 5
28 107 4
28 107 5
28 108 2
28 111 3
28 147 0
28 163 5
28 169 2
28 171 4
28 174 2
28 175 3
28 175 2
28 179 4
28 191 2
28 191 2
28 196 2
29 1 4
29 20 4
29 23 4
29 27 4
29 29 2
29 29 4
29 32 3
29 32 2
29 35 2
29 35 2
29 36 3
29 37 4
29 50 0
29 50 2
29 52 2
29 59 0
29 61 2
29 74 4
29 74 4
29 87 2
29 90 0
29 106 4
29 108 5
29 111 4
29 116 1
29 116 2
29 120 4
29 128 4
29 133 2
29 133 5
29 146 1
29 152 3
29 160 2
29 160 2
29 160 4
29 166 2
29 191 2
29 191 2
29 194 4
29 194 5
30 27 4
30 29 4
30 30 4
30 33 4
30 41 3
30 50 0
30 54 3
30 60 4
30 83 2
30 86 4
30 100 3
30 108 4
30 111 2
30 113 4
30 132 5
30 141 2
30 144 2
30 145 4
30 163 4
30 166 0
30 194 4
31 1 4
31 5 4
31 6 4
31 9 4
31 9 4
31 11 2
31 11 4
31 27 4
31 31 2
31 31 4
31 37 4
31 38 4
31 39 4
31 41 4
31 42 4
31 49 4
31 50 2
31 51 2
31 53 4
31 62 0
31 62 2
31 67 2
31 77 0
31 82 5
31 85 2
31 90 2
31 90 2
31 92 1
31 102 2
31 102 2
31 103 4
31 106 2
31 108 2
31 114 0
31 117 1
31 117 2
31 120 0
31 133 4
31 138 2
31 142 2
31 150 0
31 155 0
31 173 4
31 188 0
31 191 2
31 202 4
32 7 1
32 10 2
32 18 4
32 18 4
32 23 4
32 26 4
32 27 4
32 32 4
32 36 4
32 37 3
32 47 2
32 47 4
32 47 4
32 56 2
32 56 3
32 60 4
32 60 4
32 69 4
32 86 2
32 86 4
32 87 2
32 88 4
32 89 1
32 102 0
32 106 3
32 118 0
32 120 0
32 128 1
32 131 0
32 142 0
32 145 5
32 157 2
32 164 0
32 183 0
32 185 3
32 187 4
32 191 2
33 7 2
33 20 4
33 21 0
33 54 2
33 63 2
33 98 0
33 104 0
33 155 2
33 161 2
34 7 4
34 25 0
34 29 4
34 34 4
34 36 2
34 36 2
34 43 4
34 44 2
34 50 2
34 52 0
34 62 4
34 63 0
34 63 2
34 74 2
34 77 2
34 80 0
34 85 2
34 87 0
34 88 1
34 88 2
34 117 2
34 117 2
34 124 1
34 124 2
34 128 1
34 135 2
34 138 0
34 160 2
34 160 5
34 162 2
34 167 0
34 176 2
34 195 0
35 8 4
35 12 3
35 21 3
35 27 4
35 29 2
35 30 5
35 31 2
35 32 4
35 35 3
35 35 4
35 36 2
35 36 4
35 36 4
35 39 0
35 41 4
35 42 2
35 42 2
35 48 2
35 48 2
35 50 2
35 51 3
35 51 4
35 54 4
35 55 2
35 57 2
35 59 0
35 60 4
35 61 2
35 63 4
35 66 2
35 72 2
35 73 2
35 74 0
35 74 2
35 75 0
35 75 5
35 80 4
35 82 2
35 84 5
35 87 0
35 87 4
35 89 1
35 89 4
35 89 5
35 92 4
35 93 2
35 94 4
35 96 2
35 97 2
35 98 3
35 102 0
35 102 5
35 104 3
35 105 0
35 106 0
35 106 2
35 106 4
35 106 4
35 108 2
35 109 0
35 109 3
35 113 2
35 115 2
35 115 4
35 116 4
35 118 2
35 120 0
35 120 1
35 120 2
35 120 2
35 125 1
35 125 2
35 125 4
35 133 4
35 142 4
35 145 0
35 145 4
35 146 4
35 151 2
35 155 0
35 155 4
35 157 2
35 163 1
35 165 3
35 166 1
35 167 4
35 169 2
35 169 5
35 174 4
35 178 2
35 181 4
35 181 4
35 190 2
35 190 4
35 191 2
35 191 2
35 193 3
35 200 2
35 205 4
36 3 4
36 6 0
36 11 2
36 28 2
36 34 2
36 35 4
36 36 4
36 36 4
36 37 2
36 38 4
36 41 4
36 44 2
36 46 4
36 49 4
36 53 2
36 53 2
36 53 4
36 54 2
36 54 2
36 60 4
36 62 2
36 67 2
36 67 2
36 74 4
36 75 2
36 81 3
36 83 4
36 85 3
36 87 2
36 87 3
36 87 4
36 88 0
36 88 2
36 94 2
36 94 4
36 102 2
36 102 4
36 103 0
36 106 2
36 108 2
36 109 3
36 110 2
36 112 4
36 115 2
36 117 0
36 118 2
36 120 3
36 123 2
36 128 0
36 130 3
36 130 2
36 132 4
36 141 3
36 141 4
36 145 4
36 148 5
36 162 0
36 166 3
36 186 2
36 192 4
36 194 4
36 204 1
36 205 3
37 2 2
37 7 2
37 7 3
37 10 0
37 11 3
37 14 2
37 21 2
37 23 0
37 27 4
37 29 0
37 31 4
37 35 4
37 37 2
37 37 3
37 37 2
37 37 3
37 37 4
37 37 5
37 38 4
37 40 0
37 40 4
37 42 2
37 42 2
37 45 2
37 49 4
37 50 0
37 52 0
37 52 0
37 52 5
37 53 0
37 53 0
37 55 2
37 60 2
37 66 4
37 70 4
37 74 2
37 74 5
37 74 4
37 80 4
37 80 5
37 88 4
37 89 0
37 89 2
37 97 2
37 98 0
37 100 2
37 102 2
37 106 0
37 106 2
37 106 2
37 111 3
37 112 2
37 113 4
37 116 2
37 124 1
37 125 0
37 125 0
37 125 2
37 125 2
37 128 0
37 135 2
37 148 2
37 152 3
37 152 2
37 152 5
37 152 4
37 155 0
37 163 2
37 173 0
37 185 0
37 186 0
37 204 2
38 21 2
38 25 3
38 25 4
38 28 2
38 41 2
38 49 4
38 51 4
38 55 3
38 57 3
38 59 2
38 64 1
38 64 2
38 64 2
38 65 0
38 70 3
38 70 5
38 75 2
38 76 0
38 82 2
38 87 2
38 96 2
38 97 0
38 98 0
38 99 5
38 106 4
38 108 1
38 108 2
38 115 2
38 124 4
38 125 4
38 131 4
38 152 2
38 196 0
39 34 4
39 35 0
39 39 2
39 39 4
39 44 0
39 51 4
39 56 2
39 70 4
39 73 2
39 74 2
39 77 2
39 82 0
39 102 2
39 131 2
39 134 0
39 134 0
39 141 0
39 158 3
39 177 2
39 186 2
39 190 0
39 191 2
40 5 1
40 26 4
40 26 4
40 31 2
40 34 2
40 35 4
40 35 5
40 37 0
40 40 0
40 40 0
40 40 2
40 40 5
40 47 0
40 51 4
40 52 3
40 61 1
40 61 0
40 70 4
40 72 2
40 72 4
40 72 4
40 74 0
40 74 4
40 74 4
40 75 4
40 82 4
40 85 2
40 85 4
40 97 4
40 100 4
40 109 0
40 115 3
40 115 4
40 120 4
40 120 4
40 125 2
40 130 4
40 137 4
40 142 2
40 150 4
40 159 1
40 167 4
40 178 0
40 180 2
40 189 4
40 191 1
40 197 1
41 7 5
41 11 4
41 15 0
41 21 2
41 31 2
41 31 4
41 32 0
41 33 2
41 35 4
41 35 5
41 37 2
41 40 2
41 40 4
41 41 2
41 41 4
41 54 2
41 54 2
41 54 2
41 54 4
41 55 4
41 62 2
41 66 4
41 67 4
41 72 2
41 72 4
41 75 2
41 75 4
41 75 4
41 81 4
41 84 4
41 90 0
41 90 2
41 96 0
41 100 4
41 102 4
41 105 0
41 105 4
41 106 2
41 109 0
41 109 4
41 113 2
41 116 2
41 116 4
41 120 2
41 123 0
41 123 4
41 124 2
41 124 4
41 131 2
41 131 2
41 133 4
41 133 5
41 138 2
41 140 2
41 142 0
41 145 4
41 146 2
41 153 2
41 157 4
41 160 2
41 160 4
41 164 2
41 169 0
41 173 4
41 173 4
41 175 5
41 188 2
41 204 4
42 24 4
42 37 2
42 40 4
42 42 4
42 43 4
42 44 0
42 54 2
42 67 4
42 67 4
42 71 4
42 72 4
42 76 2
42 77 4
42 81 5
42 85 4
42 98 2
42 98 5
42 100 2
42 102 4
42 110 4
42 112 2
42 120 4
42 139 1
42 167 4
42 174 2
42 175 3
42 191 2
42 191 2
42 191 2
42 191 4
42 191 4
42 191 4
42 192 2
42 205 4
43 7 3
43 25 2
43 37 5
43 43 2
43 43 2
43 54 1
43 54 0
43 61 2
43 83 0
43 86 2
43 116 0
43 118 2
43 128 2
43 131 0
43 142 1
43 163 1
43 163 0
43 179 5
43 180 4
43 196 2
43 200 0
43 205 2
44 2 2
44 7 2
44 7 4
44 7 4
44 7 4
44 27 2
44 34 5
44 44 4
44 46 2
44 46 3
44 54 4
44 56 2
44 60 4
44 62 4
44 72 4
44 74 2
44 75 4
44 80 4
44 84 5
44 88 2
44 88 2
44 104 4
44 105 2
44 105 4
44 108 2
44 108 2
44 113 1
44 119 4
44 131 2
44 153 0
44 160 2
44 163 4
44 169 3
44 169 2
44 174 2
44 186 4
44 201 2
45 12 2
45 35 2
45 50 0
45 81 0
45 98 0
45 124 4
45 136 4
45 154 0
45 161 4
45 161 4
45 175 4
46 6 2
46 46 2
46 46 4
46 50 0
46 55 0
46 55 3
46 55 4
46 57 0
46 57 2
46 65 4
46 66 4
46 66 4
46 66 4
46 66 4
46 74 2
46 76 1
46 77 2
46 77 2
46 80 4
46 91 0
46 91 0
46 91 2
46 91 2
46 91 5
46 93 2
46 93 4
46 95 3
46 95 2
46 99 2
46 119 3
46 120 3
46 126 1
46 126 0
46 126 2
46 129 0
46 129 2
46 129 2
46 129 4
46 129 4
46 129 4
46 139 3
46 140 4
46 140 4
46 143 2
46 144 2
46 187 2
46 189 2
46 189 4
46 192 1
47 57 4
47 66 2
47 77 2
47 107 2
47 111 4
47 132 0
47 143 4
47 147 4
48 7 3
48 27 4
48 40 4
48 48 2
48 48 2
48 48 2
48 48 4
48 50 5
48 50 4
48 83 5
48 98 4
48 104 3
48 104 4
48 106 2
48 106 4
48 111 1
48 118 0
48 119 2
48 123 4
48 152 4
48 165 2
48 173 4
48 191 5
48 194 4
49 7 3
49 22 2
49 35 4
49 49 5
49 62 2
49 77 2
49 87 2
49 103 2
49 106 0
49 111 2
49 120 2
49 120 4
49 120 4
49 148 0
49 148 2
49 155 2
49 165 3
49 171 0
49 175 0
49 175 2
49 183 2
49 197 2
50 2 4
50 9 4
50 17 0
50 25 4
50 29 4
50 41 2
50 50 1
50 50 4
50 50 4
50 50 4
50 50 4
50 50 4
50 51 4
50 73 0
50 74 5
50 75 4
50 80 4
50 83 2
50 105 0
50 105 2
50 106 2
50 118 2
50 128 4
50 139 2
50 169 0
50 181 2
50 181 2
50 181 4
50 181 4
50 190 4
50 190 4
51 10 2
51 41 2
51 46 2
51 49 2
51 56 2
51 62 4
51 73 0
51 85 4
51 91 0
51 100 0
51 107 0
51 120 0
51 120 4
51 128 4
51 153 2
51 177 4
51 183 5
52 41 2
52 71 1
52 72 0
52 73 1
52 77 4
52 81 0
52 85 0
52 88 0
52 92 2
52 97 5
52 109 4
52 110 4
52 113 4
52 123 2
52 123 2
52 123 4
52 123 4
52 128 4
52 131 2
52 134 0
52 137 0
52 152 4
52 153 5
52 160 4
52 161 0
52 162 2
52 163 2
52 170 4
52 178 3
52 191 2
52 204 2
53 53 1
53 54 2
53 106 4
53 120 5
53 149 1
54 35 4
54 44 4
54 86 4
54 89 4
54 90 4
54 92 2
54 108 0
54 109 4
54 110 3
54 112 4
54 118 4
54 138 0
54 150 4
54 155 2
54 156 4
54 160 2
54 169 0
54 173 2
54 173 2
54 173 4
54 176 0
54 176 4
55 1 4
55 3 4
55 18 4
55 22 0
55 37 4
55 46 2
55 55 2
55 55 2
55 55 2
55 55 4
55 55 5
55 55 4
55 55 4
55 55 4
55 57 2
55 57 4
55 68 4
55 80 0
55 80 4
55 80 4
55 80 5
55 80 4
55 80 4
55 91 0
55 91 5
55 93 2
55 93 3
55 93 4
55 93 4
55 94 4
55 94 4
55 94 4
55 95 0
55 95 2
55 95 3
55 95 5
55 99 2
55 99 5
55 102 3
55 111 2
55 122 0
55 126 3
55 126 4
55 126 4
55 127 4
55 129 4
55 131 1
55 139 0
55 139 2
55 139 5
55 140 2
55 140 4
55 140 4
55 143 0
55 143 4
55 143 4
55 143 4
55 146 4
55 172 1
55 172 2
55 172 4
55 183 0
55 189 4
55 189 4
56 7 4
56 11 0
56 25 5
56 41 4
56 51 4
56 52 4
56 56 3
56 69 4
56 69 4
56 74 4
56 118 1
56 118 2
56 119 5
56 131 2
56 132 0
56 136 4
56 137 2
57 41 2
57 55 2
57 55 2
57 57 0
57 57 2
57 57 2
57 57 2
57 57 4
57 65 4
57 66 4
57 66 4
57 78 2
57 80 4
57 94 4
57 94 4
57 95 4
57 95 4
57 95 5
57 99 4
57 99 4
57 136 2
57 140 4
57 146 4
57 151 2
57 171 4
57 172 4
57 189 4
57 204 0
58 52 4
58 100 2
58 201 2
58 201 2
59 37 5
59 59 0
59 80 4
59 88 4
59 90 4
59 92 4
59 106 2
59 111 4
59 130 4
59 141 2
59 148 5
59 155 4
59 156 4
59 157 3
59 187 3
59 187 2
59 188 4
60 32 4
60 59 2
60 67 0
60 88 1
60 88 3
60 130 3
61 57 3
61 58 4
61 61 4
61 74 4
61 85 5
61 88 0
61 109 3
61 125 5
61 128 2
61 141 2
61 141 2
61 184 4
61 203 4
62 61 0
62 74 4
62 86 4
62 105 4
62 131 0
62 146 2
63 48 0
63 54 3
63 85 2
63 88 2
63 88 3
63 128 4
63 144 2
63 149 0
63 169 3
63 184 0
63 185 5
63 199 0
64 64 4
64 92 2
64 124 2
64 143 5
64 183 4
65 65 0
65 65 2
65 65 2
65 65 2
65 65 2
65 65 2
65 65 4
65 65 4
65 65 4
65 65 4
65 65 4
65 65 4
65 65 4
65 66 4
65 80 4
65 94 4
65 99 2
65 99 2
65 140 3
65 151 3
65 191 2
65 205 2
66 39 2
66 55 2
66 66 4
66 80 4
66 87 0
66 91 2
66 91 5
66 104 2
66 127 2
66 127 2
66 127 4
66 129 1
66 129 0
66 139 3
66 139 5
66 189 2
66 189 2
67 11 4
67 42 0
67 67 4
67 97 0
67 108 4
67 109 4
67 117 4
67 131 2
67 151 2
67 152 2
67 191 3
67 191 2
68 68 2
68 90 2
68 102 2
68 105 2
68 117 2
68 123 4
68 160 4
68 163 4
68 195 2
68 201 4
69 6 2
69 24 2
69 25 4
69 70 2
69 87 2
69 114 4
69 165 2
69 165 5
70 4 4
70 83 4
70 100 3
70 104 4
70 108 1
70 111 1
70 112 3
70 124 2
70 132 4
70 143 4
70 172 4
70 173 2
70 192 0
70 197 4
70 201 2
70 203 0
71 10 2
71 71 2
71 71 4
71 80 4
71 85 4
71 110 5
71 125 4
71 138 2
71 188 4
71 199 4
71 205 4
72 52 3
72 85 2
72 85 3
72 88 4
72 98 4
72 105 4
72 109 4
72 149 0
72 155 2
72 158 4
72 160 2
72 184 4
72 186 4
72 193 0
72 194 2
72 198 2
72 203 4
72 205 0
73 56 0
73 71 5
73 73 1
73 94 2
73 108 2
73 113 4
73 169 0
73 177 4
73 183 2
73 197 2
74 37 0
74 37 2
74 52 2
74 69 0
74 74 1
74 74 2
74 74 2
74 74 2
74 81 3
74 88 2
74 88 2
74 98 2
74 98 2
74 105 4
74 113 3
74 128 2
74 133 5
74 160 2
74 160 2
74 160 4
74 163 3
74 163 5
74 194 2
74 196 2
74 196 4
74 198 4
75 44 5
75 48 4
75 70 4
75 75 3
75 75 4
75 85 2
75 92 2
75 92 2
75 92 3
75 96 2
75 100 2
75 115 4
75 156 0
75 162 1
75 176 0
75 176 2
75 186 2
75 192 1
75 195 2
75 196 0
75 201 2
76 7 4
76 115 2
76 130 4
76 135 2
76 146 4
76 182 4
76 201 4
77 56 2
77 61 3
77 75 2
77 85 2
77 114 2
77 148 4
77 167 2
77 171 4
77 195 4
78 65 4
78 78 2
78 189 2
78 198 4
79 65 4
79 140 3
79 200 4
80 21 4
80 35 4
80 55 0
80 55 4
80 59 4
80 59 5
80 66 4
80 80 4
80 91 2
80 91 2
80 91 4
80 92 4
80 95 4
80 117 2
80 126 2
80 139 2
80 143 4
80 148 4
80 151 4
80 167 1
80 189 2
80 189 4
81 81 2
81 81 5
81 88 4
81 106 2
81 116 4
81 145 2
81 148 4
81 159 1
81 194 0
81 200 2
82 45 2
82 57 2
82 82 4
82 82 4
82 153 5
82 182 2
82 182 2
82 184 2
82 196 4
82 201 4
83 10 5
83 36 2
83 40 2
83 96 4
83 106 4
83 112 4
83 119 2
83 146 4
83 169 4
83 176 4
83 179 4
83 187 4
83 189 2
83 205 5
84 71 3
84 79 0
84 84 0
84 84 0
84 84 5
84 126 3
85 77 0
85 89 0
85 89 2
85 103 1
85 103 4
85 103 4
85 117 4
85 128 4
85 147 2
85 150 2
85 157 2
85 178 5
85 179 4
85 186 4
85 190 2
85 191 4
85 192 0
85 205 0
85 205 0
85 205 4
86 63 5
86 63 4
86 86 4
86 111 4
86 160 2
86 160 5
86 168 0
86 169 1
86 170 3
86 180 3
86 196 0
86 204 2
87 87 4
87 106 3
87 125 0
87 131 0
87 155 0
87 157 2
87 178 0
87 183 0
87 183 2
87 185 4
88 11 0
88 40 2
88 74 4
88 89 4
88 102 2
88 108 3
88 112 2
88 115 2
88 116 3
88 118 2
88 118 3
88 148 4
88 178 2
88 186 2
89 73 2
89 75 2
89 80 4
89 86 2
89 89 0
89 120 2
89 160 0
89 160 4
89 173 4
89 176 2
89 191 2
90 60 4
90 63 0
90 67 2
90 72 4
90 90 2
90 134 0
90 134 0
90 134 2
90 168 3
90 168 4
90 173 4
90 174 2
90 188 3
90 188 4
90 191 2
90 191 2
90 193 4
90 200 0
90 205 0
91 55 0
91 55 2
91 91 3
91 91 2
91 91 4
91 91 4
91 94 4
91 99 4
91 126 0
91 126 4
91 129 4
91 136 2
91 139 3
92 40 4
92 51 4
92 106 2
92 107 5
92 118 4
92 130 2
92 153 5
92 162 4
92 165 4
92 186 2
92 195 4
92 198 4
92 198 4
93 55 4
93 93 2
93 93 2
93 93 2
93 128 4
93 129 2
93 129 2
93 143 2
93 143 4
93 143 4
93 143 5
93 168 0
93 172 2
93 178 0
94 94 1
94 94 0
94 94 2
94 94 2
94 94 2
94 94 2
94 94 2
94 95 2
94 99 4
94 143 2
94 143 4
94 143 4
94 143 4
94 189 2
95 55 2
95 95 0
95 95 0
95 99 4
95 111 2
95 126 0
95 126 0
95 129 0
95 129 4
95 140 2
95 172 2
95 200 0
96 57 4
96 88 3
96 101 4
96 193 2
97 44 4
97 106 2
97 110 4
97 138 2
97 152 4
97 156 1
97 178 2
97 183 2
97 186 3
97 190 3
97 197 4
97 204 4
98 72 3
98 72 2
98 98 4
98 109 4
98 144 0
98 163 0
98 195 0
98 205 4
99 99 1
99 99 2
99 99 2
99 99 4
99 99 4
99 102 4
99 111 2
99 120 3
99 139 2
99 143 0
99 151 1
100 100 4
100 115 2
100 121 5
100 145 4
100 195 2
101 101 0
101 101 0
101 148 2
101 152 2
102 48 0
102 51 4
102 96 2
102 111 2
102 117 0
102 137 0
102 146 0
102 160 2
102 190 1
102 190 0
102 199 2
103 55 2
103 61 4
103 103 2
103 103 2
103 103 4
103 103 4
103 153 4
103 179 4
103 181 2
103 188 4
103 188 4
103 189 2
103 197 4
103 200 2
104 104 2
104 106 4
104 197 0
104 197 3
104 198 2
105 40 4
105 84 4
105 89 2
105 153 1
105 163 2
105 186 2
105 199 2
105 205 2
106 83 2
106 90 0
106 123 3
106 123 2
106 130 4
106 155 4
106 161 2
106 176 2
106 183 1
106 192 4
106 200 1
107 62 2
107 74 0
108 102 4
108 108 2
108 136 0
108 152 4
109 43 2
109 93 5
109 159 4
109 162 2
110 77 4
110 179 0
110 188 4
111 28 4
111 46 0
111 56 1
111 68 5
111 75 2
111 111 1
111 111 2
111 111 2
111 111 2
111 111 4
111 117 2
111 117 2
111 145 0
111 145 3
111 154 2
111 158 4
111 166 3
111 166 3
111 175 4
111 191 5
111 194 2
111 196 2
111 203 4
112 128 2
112 140 2
112 140 2
112 163 2
112 170 4
112 178 0
112 183 3
112 186 2
112 191 3
112 201 4
113 113 4
113 153 0
113 166 2
113 185 0
114 132 0
115 133 2
115 141 3
115 153 2
116 137 3
116 174 2
117 75 4
117 111 2
117 111 5
117 117 2
117 139 4
117 193 5
118 92 2
118 132 0
118 134 2
118 166 1
118 171 0
118 177 2
118 177 2
118 178 2
118 190 3
118 199 0
118 205 2
119 83 5
120 18 4
120 98 2
120 160 0
120 173 1
120 177 4
120 187 4
120 192 0
120 195 1
120 203 0
121 121 3
121 175 0
121 201 4
123 123 2
123 125 5
123 138 4
123 163 1
123 171 0
123 176 2
123 176 4
123 183 0
123 189 4
123 196 2
124 9 4
124 124 4
124 124 4
124 167 4
125 107 4
125 177 4
125 181 4
125 190 2
125 197 0
126 55 2
126 55 4
126 91 5
126 95 4
126 126 2
126 126 2
126 126 2
126 126 4
126 126 4
126 126 4
126 126 4
126 139 4
126 172 4
127 66 2
127 127 2
127 127 4
127 127 4
127 151 3
127 189 0
128 7 4
128 61 2
128 82 4
128 123 2
128 128 0
128 128 2
128 141 4
128 162 2
128 177 4
128 187 4
128 192 1
128 197 4
128 197 4
128 197 4
129 120 2
129 172 4
130 130 2
130 130 4
130 130 5
130 130 4
130 153 2
130 167 4
130 198 0
131 90 2
131 131 2
132 97 2
132 170 2
133 133 2
133 167 2
133 191 2
134 112 2
134 191 3
135 135 4
136 152 4
136 195 4
137 137 1
137 137 4
137 147 5
137 192 4
137 197 0
137 202 4
138 89 0
139 57 2
139 80 2
139 91 2
139 139 5
139 172 4
139 172 5
139 172 4
139 189 2
139 189 2
139 189 2
139 198 4
140 90 2
140 103 2
140 139 2
140 140 2
140 140 3
140 140 2
140 140 4
140 191 2
140 205 4
141 102 2
141 141 2
141 174 2
142 160 4
142 196 2
142 196 3
143 140 2
143 143 1
143 143 0
143 143 2
143 143 5
143 203 2
144 193 0
145 163 3
145 190 0
145 199 0
146 146 2
146 168 2
146 204 2
147 50 4
147 178 2
148 148 0
148 153 2
150 147 2
150 187 4
150 203 4
151 140 4
151 151 2
152 37 4
152 74 1
152 178 2
153 97 4
153 153 0
153 153 2
153 153 2
153 164 2
153 183 1
153 183 2
153 192 0
153 193 2
154 42 0
154 154 2
155 155 3
155 164 3
155 185 1
155 192 0
155 193 2
155 193 4
155 195 2
156 57 2
156 118 4
156 156 2
156 198 2
158 158 4
160 29 4
160 86 2
160 128 4
160 155 2
160 160 2
160 203 4
160 204 0
162 163 4
163 150 1
163 154 0
163 160 0
163 184 0
163 202 2
164 156 2
164 164 2
164 199 2
166 38 4
166 166 0
166 166 5
166 166 5
166 166 5
166 188 4
167 111 2
167 167 2
167 167 4
167 182 1
168 167 2
170 180 2
171 190 2
172 126 2
172 142 0
172 172 3
172 172 2
172 172 4
173 204 2
174 174 3
174 174 2
174 205 4
176 176 1
176 176 5
176 176 5
176 205 4
177 128 4
177 177 4
178 105 4
178 178 4
178 204 4
179 179 2
179 179 4
180 180 2
181 181 2
181 181 2
181 181 2
181 181 2
181 181 4
181 181 4
181 181 4
181 181 4
181 190 2
183 156 2
187 202 0
188 90 2
188 188 1
188 188 4
189 127 4
189 189 4
190 118 4
190 181 2
191 191 3
191 191 3
191 191 3
191 201 4
192 194 4
193 193 2
193 193 2
193 193 2
193 193 3
193 193 4
193 193 5
193 193 4
193 193 4
193 193 5
193 193 4
193 200 3
194 194 2
198 198 1
200 200 3
204 204 2
204 204 2
206 1 0
206 1 0
206 1 4
206 1 4
206 1 4
206 2 2
206 2 4
206 2 4
206 2 4
206 3 1
206 3 2
206 3 2
206 3 4
206 3 4
206 3 4
206 4 4
206 4 4
206 4 4
206 5 4
206 6 3
206 6 2
206 6 2
206 6 2
206 6 4
206 6 4
206 6 4
206 6 5
206 7 0
206 7 2
206 7 4
206 7 4
206 7 4
206 7 4
206 7 5
206 8 0
206 8 0
206 10 0
206 10 2
206 11 1
206 11 0
206 11 2
206 11 2
206 11 2
206 11 4
206 11 4
206 11 4
206 11 4
206 12 4
206 12 4
206 12 4
206 12 4
206 13 4
206 14 4
206 15 4
206 15 4
206 16 0
206 16 1
206 16 2
206 16 4
206 16 4
206 16 4
206 16 4
206 17 4
206 17 4
206 17 4
206 17 4
206 18 4
206 18 4
206 19 4
206 19 5
206 19 4
206 19 4
206 19 4
206 20 0
206 20 0
206 20 1
206 20 0
206 20 4
206 21 4
206 21 4
206 21 4
206 22 4
206 23 4
206 23 4
206 24 2
206 24 4
206 24 4
206 25 1
206 25 4
206 26 2
206 26 2
206 26 4
206 27 5
206 30 4
206 30 4
206 31 2
206 31 3
206 31 4
206 31 4
206 32 4
206 32 4
206 32 4
206 32 4
206 32 4
206 32 4
206 32 4
206 33 4
206 34 4
206 35 0
206 35 0
206 35 2
206 35 2
206 35 5
206 35 4
206 35 4
206 35 4
206 36 5
206 36 4
206 37 0
206 37 2
206 37 2
206 37 2
206 37 4
206 37 4
206 37 4
206 37 5
206 37 4
206 38 0
206 38 4
206 38 4
206 38 4
206 39 2
206 39 2
206 40 0
206 40 4
206 40 4
206 41 2
206 41 2
206 45 1
206 45 4
206 45 4
206 46 1
206 46 0
206 46 2
206 46 2
206 46 3
206 46 4
206 46 4
206 46 4
206 46 4
206 46 4
206 47 4
206 49 2
206 49 2
206 49 4
206 50 0
206 50 4
206 50 4
206 51 2
206 51 4
206 51 4
206 51 4
206 51 4
206 52 0
206 52 2
206 52 4
206 52 4
206 52 4
206 53 1
206 53 2
206 53 2
206 53 2
206 53 5
206 53 4
206 53 4
206 53 4
206 55 2
206 55 2
206 55 2
206 55 4
206 55 4
206 55 4
206 56 0
206 56 4
206 56 4
206 57 0
206 57 2
206 57 3
206 57 2
206 57 2
206 58 4
206 58 4
206 58 4
206 58 4
206 59 4
206 60 4
206 61 0
206 61 2
206 61 4
206 62 4
206 62 4
206 62 5
206 63 0
206 63 2
206 64 2
206 64 4
206 65 0
206 65 3
206 65 2
206 65 2
206 65 3
206 65 5
206 65 5
206 65 4
206 65 4
206 65 4
206 65 4
206 66 3
206 66 2
206 66 2
206 66 2
206 66 2
206 66 5
206 66 4
206 66 4
206 66 4
206 66 4
206 66 4
206 67 3
206 67 4
206 68 4
206 68 4
206 70 2
206 70 4
206 70 4
206 70 4
206 70 4
206 71 5
206 72 2
206 72 2
206 72 4
206 74 0
206 74 2
206 74 3
206 74 4
206 74 4
206 74 4
206 75 2
206 75 2
206 75 4
206 76 0
206 76 3
206 76 3
206 78 2
206 78 2
206 78 2
206 78 2
206 78 2
206 78 2
206 78 4
206 78 4
206 78 4
206 78 4
206 79 5
206 80 2
206 80 2
206 80 2
206 80 2
206 80 4
206 80 4
206 80 4
206 80 4
206 81 4
206 81 4
206 82 4
206 83 4
206 83 4
206 84 1
206 84 2
206 84 4
206 85 2
206 85 4
206 85 4
206 87 2
206 88 2
206 88 4
206 88 4
206 89 1
206 89 2
206 90 2
206 90 2
206 91 0
206 91 2
206 91 2
206 91 2
206 91 2
206 91 4
206 91 4
206 91 4
206 91 4
206 91 4
206 91 4
206 92 0
206 92 2
206 92 4
206 93 2
206 93 2
206 93 2
206 93 2
206 93 2
206 93 5
206 93 4
206 94 4
206 94 4
206 94 4
206 94 4
206 94 4
206 94 4
206 95 0
206 95 1
206 95 0
206 95 2
206 95 4
206 95 4
206 95 4
206 95 4
206 95 4
206 96 4
206 97 0
206 97 3
206 97 2
206 97 2
206 98 0
206 98 4
206 98 4
206 98 5
206 99 2
206 99 3
206 99 2
206 99 3
206 99 4
206 99 5
206 99 4
206 99 4
206 99 4
206 99 4
206 99 4
206 99 4
206 99 4
206 99 4
206 100 4
206 100 4
206 101 1
206 102 2
206 102 4
206 103 2
206 103 4
206 105 4
206 106 0
206 107 4
206 107 4
206 107 4
206 109 1
206 109 2
206 109 2
206 110 4
206 110 4
206 110 4
206 111 0
206 111 1
206 111 2
206 111 2
206 111 2
206 111 4
206 111 4
206 111 4
206 111 4
206 111 4
206 111 4
206 112 2
206 112 2
206 113 2
206 113 4
206 114 2
206 114 4
206 115 2
206 115 2
206 115 4
206 115 4
206 115 4
206 115 4
206 116 2
206 116 4
206 116 4
206 116 4
206 117 2
206 117 2
206 118 2
206 118 4
206 118 4
206 119 2
206 119 4
206 120 2
206 120 2
206 120 2
206 120 4
206 120 4
206 120 4
206 120 5
206 120 4
206 121 2
206 122 1
206 122 1
206 123 2
206 124 2
206 124 4
206 125 4
206 126 2
206 126 4
206 127 1
206 127 3
206 127 3
206 127 4
206 127 4
206 127 4
206 128 3
206 128 3
206 128 2
206 129 2
206 129 5
206 130 4
206 131 3
206 131 2
206 133 4
206 133 4
206 133 4
206 134 2
206 134 3
206 134 2
206 134 5
206 134 4
206 135 2
206 137 1
206 137 4
206 138 4
206 139 2
206 139 2
206 139 4
206 139 4
206 139 4
206 140 1
206 140 1
206 140 2
206 140 2
206 140 2
206 140 2
206 140 4
206 140 4
206 140 4
206 140 4
206 140 5
206 140 4
206 140 4
206 140 4
206 141 2
206 141 4
206 142 2
206 142 2
206 142 4
206 143 2
206 143 2
206 143 2
206 143 2
206 143 4
206 143 4
206 143 4
206 143 5
206 143 4
206 143 4
206 144 0
206 144 2
206 144 3
206 144 2
206 144 2
206 144 2
206 144 4
206 145 4
206 146 3
206 146 4
206 147 1
206 147 2
206 147 2
206 147 4
206 148 2
206 148 2
206 149 0
206 149 1
206 149 2
206 149 2
206 149 2
206 149 4
206 151 2
206 151 2
206 151 2
206 151 4
206 151 4
206 151 4
206 152 0
206 152 0
206 152 2
206 152 4
206 155 2
206 155 4
206 155 4
206 155 4
206 156 0
206 156 2
206 156 4
206 157 0
206 158 4
206 159 0
206 160 4
206 162 2
206 162 4
206 163 2
206 163 2
206 163 4
206 163 4
206 164 1
206 166 1
206 166 3
206 166 3
206 166 2
206 166 3
206 166 4
206 166 4
206 167 2
206 167 4
206 169 4
206 170 2
206 171 2
206 172 4
206 172 5
206 173 0
206 173 2
206 173 2
206 173 4
206 174 5
206 174 4
206 175 2
206 175 4
206 175 4
206 175 4
206 175 4
206 177 0
206 178 0
206 178 2
206 178 4
206 183 0
206 183 2
206 183 2
206 184 2
206 186 2
206 186 4
206 187 4
206 187 4
206 188 4
206 188 4
206 189 0
206 189 1
206 189 3
206 189 3
206 189 4
206 189 4
206 191 2
206 191 3
206 191 2
206 191 2
206 191 3
206 192 3
206 192 3
206 193 0
206 194 2
206 196 4
206 196 4
206 198 0
206 198 2
206 198 2
206 198 4
206 199 5
206 200 4
206 200 4
206 200 5
206 200 4
206 201 3
206 201 4
206 203 0
206 205 0
206 205 3
206 205 4