190 193
34 83
39 51
106 123
157 180
133 180
35 154
25 153
115 153
144 198
5 21
37 90
47 155
65 136
39 181
92 163
149 160
15 16
126 167
112 150
33 40
17 62
93 127
94 190
3 172
30 34
64 66
25 148
115 148
145 167
2 54
15 48
94 146
126 144
146 193
90 133
47 180
34 192
37 133
68 166
6 157
26 169
26 178
2 150
3 115
151 193
16 78
142 193
93 190
6 152
115 157
66 182
165 185
3 153
133 156
119 120
64 65
25 92
34 70
155 180
4 26
92 148
138 145
93 94
3 167
25 149
13 25
115 152
94 193
151 190
16 48
76 126
37 153
76 144
146 151
37 180
51 181
51 126
152 157
115 172
25 117
2 14
66 136
146 190
41 45
13 148
10 112
17 136
65 66
93 146
47 167
26 28
123 162
115 167
