1004
102
1068
107
108
1092
110
127
128
129
140
141
147
156
157
164
17
178
180
193
196
201
202
204
207
229
231
234
235
244
253
255
257
261
2678
27
277
28
288
29
290
2915
294
295
299
30
301
305
306
31
311
312
315
317
327
328
331
334
355
365
366
367
37
380
388
392
400
402
404
414
415
416
418
419
428
430
433
434
440
454
457
463
465
466
469
47
472
473
48
483
485
490
493
497
498
5
500
501
502
503
504
508
509
51
513
518
519
521
522
528
529
539
545
550
559
572
574
575
587
624
625
626
630
647
648
651
654
655
657
659
66
663
664
669
67
670
671
674
688
690
692
693
694
695
697
698
699
700
703
704
709
71
716
718
719
721
725
726
731
732
736
739
742
746
749
754
756
758
768
769
77
771
772
774
786
796
8
811
817
86
9
90
96
