1004 30
1004 366
102 528
1068 736
107 110
107 157
107 28
107 529
107 674
107 703
107 756
107 96
108 277
108 28
1092 519
1092 749
110 288
110 29
110 301
110 528
110 529
110 657
110 674
110 732
128 196
128 231
128 663
128 664
128 77
128 9
129 331
129 334
129 416
129 47
129 490
129 5
129 716
129 774
1320 107
140 235
140 414
140 545
140 587
140 651
140 688
140 694
140 736
141 648
147 255
147 392
147 490
147 648
147 742
149 257
156 157
156 465
156 473
156 698
156 704
156 731
157 110
157 156
157 277
157 28
157 518
157 674
157 732
157 756
164 140
164 545
164 648
164 736
164 768
164 86
180 726
193 231
193 415
193 457
193 67
193 746
196 288
196 31
196 388
196 404
196 648
196 704
196 726
201 509
202 327
204 129
204 331
204 418
204 503
204 539
204 709
207 756
228 651
229 231
229 235
229 37
229 416
229 497
229 671
229 716
231 30
231 367
231 388
231 419
231 498
231 5
231 772
234 147
234 193
234 235
234 513
234 67
234 749
234 768
235 140
235 257
235 334
235 365
235 37
235 648
236 164
236 725
244 235
253 8
254 288
255 193
255 312
255 415
255 419
255 490
255 732
255 746
257 235
257 255
257 365
257 433
257 66
257 694
257 736
261 498
27 742
277 295
277 366
277 465
277 466
277 630
277 756
28 110
28 301
28 529
28 66
28 732
28 754
288 366
288 497
288 704
288 718
288 719
288 9
29 157
29 28
29 521
29 528
29 657
29 756
290 204
2915 147
294 754
294 77
295 466
295 472
295 630
295 697
295 746
295 77
30 229
30 301
30 419
30 498
30 742
30 772
301 110
301 306
301 428
301 539
301 559
305 539
305 772
306 312
306 416
306 47
306 497
306 518
306 796
31 196
31 365
31 433
31 697
31 736
31 8
311 164
311 327
311 434
311 51
311 522
311 587
311 700
312 255
312 311
312 428
312 463
312 522
312 539
312 559
315 334
317 457
327 328
327 415
327 521
327 700
327 703
328 255
328 311
328 434
328 521
328 697
328 703
331 327
331 5
331 503
331 519
331 690
331 8
334 257
334 365
334 648
334 736
334 772
355 490
365 257
365 430
365 433
365 529
365 539
365 694
365 768
365 8
366 295
366 430
366 433
366 466
366 664
366 698
366 731
366 96
367 140
367 164
367 334
367 457
367 490
367 651
367 768
37 147
37 257
37 31
37 365
37 509
37 648
37 746
380 545
388 128
388 231
388 288
388 367
388 404
388 519
388 719
388 768
392 234
392 255
392 490
392 513
392 749
400 67
402 328
404 128
404 30
404 419
404 574
404 664
404 718
414 331
414 428
414 434
414 519
414 690
414 709
415 234
415 392
415 457
415 651
415 742
416 312
416 463
416 509
416 513
416 518
416 700
416 796
418 301
418 312
418 416
418 509
419 229
419 497
419 498
419 559
419 694
419 716
428 416
428 418
428 509
428 559
428 657
43 140
43 404
430 257
430 31
430 334
430 37
430 404
430 749
430 9
433 334
433 37
433 430
433 521
433 736
433 96
434 28
434 327
434 328
434 457
434 51
434 522
434 697
440 732
441 694
446 71
454 367
457 147
457 196
457 255
457 434
457 490
457 742
463 418
463 428
463 539
463 796
463 811
465 466
465 473
465 698
465 721
465 754
465 796
465 811
466 472
466 529
466 630
466 66
466 664
466 700
466 731
469 709
47 204
47 306
47 503
47 519
47 522
47 651
47 774
472 257
472 277
472 366
472 428
472 473
472 630
472 77
473 31
473 466
473 626
473 66
473 698
473 811
48 128
48 234
483 671
483 774
485 768
489 587
490 140
490 234
490 367
490 67
490 746
490 749
493 428
494 295
494 96
497 231
497 30
497 671
497 716
497 719
497 8
498 229
498 234
498 312
498 497
498 671
498 698
498 716
5 140
5 204
5 414
5 518
5 774
5 86
501 29
502 156
503 129
503 328
503 519
503 651
503 709
503 71
503 796
503 86
504 311
508 365
508 663
509 301
509 306
509 312
509 37
509 463
509 67
509 697
509 725
51 327
51 328
51 521
51 697
51 700
51 756
513 234
513 392
513 418
513 545
513 559
513 674
513 749
518 301
518 415
518 418
518 463
518 529
518 559
519 129
519 472
519 5
519 503
519 587
519 71
519 731
519 86
521 311
521 433
521 434
521 697
521 700
521 703
521 719
522 234
522 312
522 327
522 328
522 51
522 521
522 703
528 107
528 28
528 529
528 732
528 754
528 796
529 157
529 29
529 365
529 518
529 674
529 756
539 306
539 365
539 509
539 518
539 690
539 796
545 312
545 367
545 587
545 768
550 698
559 306
559 418
559 539
559 574
559 774
559 796
572 688
574 288
574 388
574 509
574 51
574 663
574 664
574 703
575 193
587 164
587 311
587 367
587 457
587 688
587 725
61 415
624 473
625 37
626 156
626 418
626 465
626 671
626 721
626 725
630 110
630 156
630 366
630 674
630 731
630 77
630 96
646 331
646 490
647 129
647 306
648 164
648 196
648 257
648 31
648 430
648 694
649 301
650 721
650 796
651 164
651 503
651 513
651 545
651 587
651 688
654 559
655 664
655 718
657 107
657 157
657 28
657 513
657 529
659 433
66 156
66 257
66 28
66 465
66 626
66 698
66 709
66 96
663 288
663 404
663 664
663 697
663 698
663 719
664 196
664 288
664 388
664 466
664 704
664 726
664 746
664 9
667 465
669 31
669 529
67 128
67 147
67 392
67 415
67 513
67 742
670 700
670 811
671 231
671 29
671 30
671 331
671 419
671 521
671 626
671 772
674 193
674 29
674 528
674 657
674 754
676 51
683 704
683 86
688 164
688 367
688 545
688 657
688 718
690 392
690 47
690 5
690 519
690 71
690 811
691 721
692 312
693 463
694 235
694 31
694 334
694 8
695 430
697 31
697 311
697 327
697 509
697 522
697 700
698 366
698 51
698 626
698 66
698 721
698 77
698 811
7 204
700 328
700 416
700 434
700 473
700 51
700 522
700 703
703 107
703 110
703 311
703 434
703 51
703 522
703 697
703 8
704 128
704 472
704 574
704 651
704 663
704 718
709 129
709 47
709 518
709 688
709 690
709 71
709 721
71 295
71 331
71 414
71 768
71 774
71 86
711 392
716 129
716 147
716 231
716 30
716 31
716 671
716 726
716 772
718 193
718 196
718 277
718 574
718 663
718 725
718 9
719 128
719 522
719 574
719 66
719 704
719 718
719 77
721 156
721 473
721 513
721 66
721 709
721 726
725 414
725 47
725 503
725 587
725 690
725 721
725 726
725 736
726 513
726 587
726 630
726 648
726 663
726 725
726 772
731 277
731 295
731 37
731 472
731 519
731 77
731 96
732 107
732 255
732 29
732 545
732 657
732 754
732 77
736 140
736 235
736 648
736 694
736 749
736 8
739 690
741 5
742 147
742 193
742 196
742 255
742 388
742 746
742 749
746 234
746 306
746 37
746 392
746 415
746 457
749 147
749 193
749 430
749 457
749 67
749 688
754 107
754 110
754 157
754 529
754 626
754 756
756 463
756 51
756 528
756 657
756 674
756 732
756 754
758 731
758 811
768 140
768 234
768 392
768 587
768 651
768 688
769 255
77 277
77 433
77 528
77 698
77 703
77 719
771 434
772 229
772 334
772 365
772 419
772 497
772 498
774 164
774 204
774 301
774 414
774 418
774 503
774 559
774 709
786 746
796 301
796 416
796 428
796 503
796 518
8 235
8 37
8 430
8 433
8 539
8 703
811 156
811 626
811 66
811 690
811 71
811 721
811 731
817 416
86 204
86 414
86 47
86 545
86 690
86 694
9 196
9 229
9 235
9 388
9 404
9 716
9 719
90 503
90 626
96 107
96 277
96 295
96 463
96 466
96 472
96 626
