1004 157
102 28
102 630
1068 255
107 110
107 157
107 529
107 674
107 756
108 466
1092 388
110 29
110 463
110 529
110 657
110 674
110 732
110 742
128 231
128 367
128 404
128 539
128 663
128 690
129 414
129 418
129 465
129 47
129 490
129 519
129 774
1320 749
140 288
140 301
140 404
140 414
140 457
140 587
140 651
141 147
147 392
147 490
147 648
147 688
147 746
147 768
149 648
153 721
156 157
156 277
156 473
156 719
156 731
156 754
156 8
156 811
157 110
157 156
157 28
157 528
157 732
157 756
164 128
164 140
164 663
164 690
164 86
17 430
180 726
193 234
193 404
193 457
193 697
193 742
193 746
193 749
196 231
196 388
196 419
196 457
196 490
196 519
196 718
2 472
201 503
201 626
202 367
204 129
204 503
204 539
204 587
204 709
204 725
204 86
207 528
207 709
228 518
229 196
229 37
229 415
229 574
229 651
229 664
229 9
231 229
231 367
231 392
231 419
231 664
231 704
234 147
234 193
234 235
234 545
234 67
234 749
235 257
235 334
235 365
235 415
235 434
235 518
235 648
236 690
244 365
253 235
254 30
254 498
254 670
254 768
254 8
255 147
255 193
255 415
255 433
255 746
255 77
257 147
257 235
257 255
257 37
257 416
257 694
257 736
261 498
2678 30
27 257
277 465
277 466
277 528
277 726
277 731
277 811
28 110
28 513
28 674
28 700
28 732
28 754
288 128
288 140
288 367
288 404
288 539
288 574
288 587
288 690
288 706
29 107
29 157
29 28
29 465
29 657
29 67
29 756
290 204
2915 51
294 756
294 77
295 234
295 30
295 433
295 472
295 497
295 754
295 811
299 47
30 37
30 404
30 434
30 498
30 503
30 646
30 772
301 306
301 463
301 539
301 559
301 756
305 306
305 559
306 416
306 418
306 518
306 796
31 235
31 327
31 365
31 433
31 587
31 8
311 327
311 51
311 522
311 700
311 719
311 768
312 311
312 428
312 463
312 518
312 559
314 718
315 254
317 5
327 31
327 328
327 418
327 521
327 700
327 703
328 311
328 521
328 574
328 698
328 703
331 365
331 47
331 5
331 519
331 539
331 646
331 774
334 257
334 430
334 648
334 736
334 772
346 366
346 521
355 331
365 257
365 430
365 433
365 698
365 8
366 231
366 328
366 490
366 574
366 704
366 706
366 725
367 140
367 164
367 334
367 415
367 651
367 690
37 31
37 365
37 434
37 694
37 697
380 400
380 509
388 229
388 231
388 392
388 419
388 519
388 574
388 719
388 742
392 164
392 234
392 388
392 490
392 742
392 749
392 768
400 129
400 327
400 519
400 71
400 796
400 86
402 651
404 164
404 288
404 367
404 419
404 651
414 301
414 331
414 334
414 388
414 400
414 47
414 519
415 193
415 234
415 367
415 457
415 545
415 651
416 257
416 301
416 312
416 463
416 509
416 513
416 518
418 164
418 312
418 327
418 416
418 509
418 539
418 742
419 229
419 457
419 497
419 664
419 726
419 77
419 9
428 306
428 416
428 418
428 472
428 509
428 688
43 519
43 694
43 736
430 31
430 37
430 521
430 574
430 648
430 697
433 255
433 37
433 430
433 703
433 736
433 8
434 257
434 306
434 334
434 37
434 433
434 736
440 663
446 725
446 772
454 434
454 71
457 140
457 255
457 490
457 545
457 648
457 742
463 418
463 428
463 539
463 559
463 648
465 428
465 466
465 473
465 721
465 96
466 110
466 156
466 234
466 626
466 66
466 96
469 129
47 204
47 497
47 5
47 503
47 746
47 774
472 110
472 229
472 473
472 671
472 703
473 545
473 626
473 66
473 704
473 811
473 96
48 157
483 529
483 671
483 774
485 587
489 193
490 193
490 234
490 67
490 749
493 327
497 257
497 366
497 519
497 664
497 718
497 719
498 51
498 522
498 646
498 670
498 671
498 716
498 749
5 128
5 400
5 414
5 418
5 503
5 71
501 29
502 811
503 129
503 295
503 30
503 312
503 331
503 400
503 559
503 709
503 71
503 731
504 311
508 140
508 9
509 107
509 301
509 312
509 463
509 796
51 327
51 328
51 521
51 698
51 700
513 28
513 418
513 545
513 559
513 587
513 674
513 721
518 107
518 235
518 301
518 416
518 418
518 509
518 559
519 196
519 204
519 367
519 5
519 71
519 86
521 311
521 430
521 674
521 700
521 703
521 706
521 768
522 327
522 328
522 51
522 513
522 521
522 703
523 196
523 295
523 392
523 457
523 545
528 107
528 28
528 529
528 626
528 66
528 732
528 754
529 157
529 29
529 674
529 703
529 746
529 756
529 796
539 288
539 306
539 428
539 518
539 688
539 796
545 193
545 255
545 663
545 688
545 71
545 726
545 742
550 107
553 670
559 140
559 306
559 416
559 539
559 796
574 288
574 430
574 472
574 497
574 697
574 706
574 719
574 9
575 490
587 128
587 164
587 367
587 513
587 663
587 96
6 255
61 231
61 234
624 697
625 254
625 31
626 277
626 465
626 472
626 518
626 630
626 721
626 86
630 156
630 277
630 428
630 465
630 466
630 674
632 415
632 716
646 254
646 670
646 694
646 716
646 718
646 726
647 147
648 128
648 257
648 31
648 434
648 463
648 694
649 463
650 328
651 128
651 164
651 288
651 416
651 587
654 433
655 698
657 107
657 157
657 277
657 28
657 513
657 528
657 96
659 301
66 156
66 528
66 626
66 731
66 756
66 77
66 96
663 140
663 288
663 404
663 545
663 651
663 697
663 698
664 196
664 31
664 366
664 388
664 463
664 66
664 9
665 288
667 646
667 754
669 312
67 147
67 29
67 392
67 457
67 472
67 657
67 688
670 295
670 30
670 664
670 671
670 700
670 716
671 254
671 30
671 31
671 327
671 5
671 646
671 718
671 772
674 28
674 521
674 528
674 657
674 725
674 732
674 754
676 700
683 86
688 234
688 255
688 392
688 428
688 490
688 509
688 539
690 140
690 295
690 404
690 513
690 587
690 663
692 796
693 254
693 8
694 235
694 334
694 434
694 529
694 8
695 404
695 66
697 193
697 31
697 365
697 433
697 434
698 311
698 327
698 365
698 521
698 522
698 700
7 334
700 28
700 328
700 51
700 522
700 663
700 703
700 768
703 311
703 51
703 522
703 529
703 698
703 768
703 77
704 156
704 419
704 472
704 497
704 574
704 697
704 718
706 29
706 388
706 473
706 497
706 704
706 719
709 129
709 235
709 434
709 47
709 5
709 71
71 204
71 306
71 331
71 414
71 430
71 503
71 545
71 86
711 164
716 193
716 254
716 30
716 430
716 433
716 671
716 772
718 229
718 366
718 498
718 574
718 671
718 688
718 706
719 196
719 366
719 522
719 704
719 71
719 718
721 156
721 466
721 473
721 66
721 726
725 277
725 366
725 47
725 67
725 690
725 721
725 726
726 193
726 306
726 419
726 513
726 630
726 709
726 725
726 772
731 465
731 473
731 503
731 630
731 657
731 721
731 732
731 96
732 29
732 529
732 657
732 754
732 77
736 235
736 400
736 648
736 694
736 697
739 67
741 746
742 110
742 196
742 255
742 415
742 418
742 67
742 746
742 8
746 392
746 415
746 457
746 545
748 688
749 147
749 415
749 67
749 688
749 725
749 736
754 107
754 156
754 29
754 37
754 529
754 657
754 674
754 756
756 110
756 28
756 301
756 528
756 674
756 77
758 731
758 732
768 147
768 327
768 328
768 392
768 51
768 522
768 698
769 37
769 419
769 742
77 288
77 466
77 513
77 731
77 746
77 756
77 796
771 428
771 465
772 254
772 334
772 498
772 646
772 670
772 694
772 725
774 204
774 312
774 400
774 416
774 503
774 509
774 709
786 768
796 28
796 301
796 312
796 428
796 518
796 529
8 334
8 365
8 37
8 430
8 697
8 742
811 463
811 630
811 66
811 670
811 721
811 731
817 416
86 331
86 414
86 51
86 518
86 626
86 709
86 71
86 774
9 196
9 231
9 365
9 388
9 706
9 716
9 736
90 156
90 96
96 277
96 295
96 626
96 630
96 657
96 811
