102 66
107 29
107 528
107 657
107 694
107 697
107 754
108 698
110 107
110 234
110 28
110 513
110 529
110 756
128 235
128 288
128 388
128 404
128 718
129 204
129 334
129 418
129 419
129 503
129 519
129 690
129 709
129 86
140 164
140 367
140 518
140 742
140 768
141 545
141 697
147 234
147 334
147 67
147 690
147 742
147 749
156 157
156 466
156 626
156 721
156 732
156 811
156 96
157 156
157 257
157 328
157 434
157 463
157 522
164 306
164 367
164 587
164 651
164 688
17 498
193 255
193 67
193 742
193 749
193 8
196 128
196 490
196 574
196 651
196 664
196 726
196 9
201 277
201 301
202 140
204 331
204 416
204 47
204 509
204 671
204 71
204 726
204 774
207 528
207 768
228 415
229 147
229 231
229 327
229 419
229 497
229 498
229 521
229 648
231 229
231 392
231 415
231 419
231 497
231 651
231 8
234 110
234 193
234 392
234 415
234 490
235 234
235 257
235 31
235 37
235 694
235 736
244 457
255 147
255 257
255 457
255 490
255 742
255 749
257 235
257 334
257 37
257 433
257 648
257 742
261 288
27 490
277 28
277 472
277 66
277 731
277 8
277 96
28 107
28 157
28 277
28 29
28 528
28 657
28 756
283 388
288 404
288 415
288 574
288 648
288 663
288 664
29 110
29 365
29 529
29 674
29 754
290 587
2915 648
294 295
294 465
295 277
295 366
295 416
295 528
295 731
295 754
295 96
299 327
30 229
30 231
30 37
30 404
30 521
30 663
30 671
30 716
301 416
301 509
301 539
301 587
301 796
305 503
305 559
306 301
306 428
306 47
306 518
306 559
31 235
31 365
31 37
31 430
31 498
31 648
31 736
311 157
311 312
311 327
311 522
311 703
312 301
312 306
312 418
312 428
312 688
312 703
315 430
327 157
327 328
327 434
327 51
327 587
328 311
328 434
328 463
328 51
328 709
331 414
331 47
331 690
331 71
331 725
331 742
331 86
334 147
334 235
334 365
334 367
334 430
334 694
355 749
365 235
365 31
365 37
365 694
366 147
366 277
366 463
366 472
366 497
366 630
366 66
366 697
367 327
367 419
367 545
367 587
367 688
367 690
37 430
37 433
37 648
37 8
380 67
388 196
388 327
388 663
388 664
388 694
388 768
388 9
392 147
392 255
392 559
392 67
392 746
392 768
400 726
402 651
402 709
404 196
404 388
404 433
404 704
404 9
414 140
414 5
414 559
414 688
414 71
414 774
414 86
415 193
415 255
415 367
415 392
415 466
415 746
416 306
416 418
416 509
416 539
416 545
418 306
418 428
418 513
418 518
418 539
419 129
419 30
419 367
419 392
419 497
419 498
419 522
419 648
419 671
428 107
428 331
428 416
428 518
428 559
428 700
428 796
430 257
430 365
430 433
430 8
430 9
433 31
433 334
433 365
433 434
433 8
434 311
434 463
434 473
434 528
434 697
434 700
440 157
441 312
454 434
457 147
457 193
457 415
457 513
457 746
463 311
463 327
463 521
463 522
463 657
463 697
465 156
465 277
465 311
465 626
465 732
465 77
466 277
466 28
466 295
466 366
466 415
466 465
466 96
469 509
47 129
47 414
47 418
47 559
47 709
47 86
472 295
472 466
472 704
472 731
472 96
473 156
473 465
473 472
473 630
473 721
473 77
483 366
483 463
488 671
490 147
490 392
490 457
490 664
490 746
493 428
493 47
497 30
497 498
497 5
497 671
497 703
497 716
497 719
498 231
498 30
498 328
498 334
498 671
498 716
498 8
5 129
5 140
5 331
5 490
5 519
5 539
5 709
500 742
501 28
501 732
503 204
503 312
503 414
503 47
503 518
503 698
503 774
504 311
508 328
508 433
508 51
509 312
509 414
509 418
509 466
509 539
509 796
51 157
51 521
51 700
51 703
51 754
513 255
513 416
513 657
513 721
513 726
518 301
518 312
518 416
518 509
518 703
519 129
519 204
519 301
519 331
519 414
519 434
519 503
519 587
521 288
521 30
521 327
521 328
521 700
521 703
521 8
522 434
522 463
522 51
522 521
522 529
522 697
522 703
528 110
528 277
528 29
528 434
528 66
528 674
528 756
529 107
529 28
529 528
529 657
529 754
529 77
529 96
539 428
539 513
539 518
539 559
539 796
545 128
545 140
545 164
545 651
545 688
550 107
550 473
550 529
559 277
559 301
559 312
559 392
559 416
559 509
559 513
572 164
574 110
574 128
574 234
574 703
574 704
574 716
574 718
574 719
574 725
575 193
587 140
587 327
587 457
587 545
587 651
587 726
587 768
624 663
624 703
625 255
626 473
626 630
626 698
626 77
626 796
626 811
630 277
630 295
630 466
630 472
630 473
630 756
648 147
648 235
648 288
648 334
648 430
648 736
651 128
651 140
651 196
651 328
651 367
651 457
651 768
654 31
655 472
655 664
655 700
657 110
657 29
657 31
657 528
657 674
657 754
659 306
66 295
66 466
66 472
66 630
66 732
66 811
663 196
663 497
663 574
663 700
663 704
663 718
664 128
664 235
664 288
664 404
664 718
664 719
664 742
667 229
669 521
67 129
67 234
67 415
67 490
67 726
67 749
670 334
671 229
671 231
671 288
671 365
671 697
671 716
674 107
674 110
674 28
674 513
674 529
674 630
674 756
676 29
676 719
688 140
688 301
688 587
688 651
688 749
688 768
690 428
690 503
690 539
690 726
690 736
690 774
690 86
691 736
692 419
693 404
694 257
694 31
694 404
694 648
694 736
695 519
697 107
697 328
697 51
697 521
697 703
697 725
698 156
698 465
698 473
698 503
698 51
698 725
698 732
699 472
7 716
700 157
700 311
700 428
700 522
700 697
700 698
700 704
703 312
703 327
703 463
703 522
703 574
703 700
704 288
704 388
704 473
704 626
704 719
704 9
709 204
709 311
709 331
709 503
709 545
709 774
71 129
71 231
71 5
71 518
71 519
71 690
71 709
71 796
716 229
716 231
716 234
716 255
716 419
716 463
716 574
716 9
718 288
718 365
718 37
718 388
718 430
718 704
718 719
719 196
719 288
719 404
719 663
719 726
719 732
719 77
721 465
721 626
721 694
721 698
721 725
721 811
725 164
725 30
725 51
725 513
725 697
725 718
725 726
726 164
726 193
726 204
726 513
726 67
726 674
726 721
726 725
731 31
731 366
731 466
731 630
731 66
731 77
731 811
732 110
732 473
732 626
732 719
732 721
732 731
732 811
736 193
736 257
736 334
736 418
736 433
736 8
739 128
741 725
742 257
742 415
742 457
742 67
742 749
746 193
746 196
746 234
746 255
746 545
746 742
749 164
749 234
749 255
749 392
749 433
749 457
749 490
754 110
754 28
754 37
754 51
754 528
754 674
756 107
756 29
756 522
756 529
756 657
756 754
758 156
768 164
768 196
768 367
768 430
768 545
769 235
77 156
77 29
77 529
77 67
77 698
77 721
77 732
771 796
772 257
774 129
774 234
774 306
774 47
774 5
774 519
774 746
786 392
796 306
796 312
796 418
796 559
796 71
8 235
8 31
8 365
8 521
8 694
811 465
811 473
811 688
811 698
811 746
811 77
817 539
86 37
86 5
86 503
86 519
86 67
86 71
86 796
9 128
9 257
9 522
9 574
9 663
9 664
90 626
90 630
96 365
96 366
96 630
96 66
96 731
96 756
