1004 366
102 473
102 96
1068 651
107 110
107 156
107 28
107 529
107 674
107 721
107 756
108 630
1092 430
1092 519
110 29
110 528
110 657
110 674
110 732
110 754
110 77
127 774
128 196
128 430
128 490
128 651
128 663
128 664
128 9
129 147
129 328
129 331
129 414
129 47
129 5
129 559
129 774
140 414
140 545
140 587
140 626
140 651
140 664
140 688
141 796
147 193
147 255
147 37
147 392
147 490
147 648
156 157
156 288
156 465
156 473
156 698
156 77
157 156
157 28
157 311
157 327
157 51
157 700
157 8
164 140
164 193
164 545
164 746
164 749
164 768
17 9
178 331
180 726
193 234
193 415
193 457
193 509
193 513
193 726
193 746
196 288
196 388
196 404
196 66
196 704
196 742
196 768
201 559
202 334
204 129
204 418
204 503
204 509
204 519
204 545
204 709
204 736
207 77
229 231
229 235
229 334
229 404
229 497
229 521
229 671
229 716
231 30
231 31
231 328
231 415
231 419
231 498
231 539
234 147
234 157
234 235
234 334
234 539
234 67
234 742
234 749
234 8
235 257
235 312
235 334
235 365
235 433
235 648
244 147
253 156
255 193
255 392
255 415
255 513
255 746
255 96
257 235
257 255
257 694
257 736
257 768
257 8
261 498
261 545
2678 472
27 418
277 295
277 366
277 465
277 466
277 630
28 110
28 529
28 674
28 703
28 754
288 529
288 698
288 704
288 718
288 719
288 8
288 9
29 107
29 28
29 528
29 657
29 756
29 77
290 204
2915 490
294 528
295 466
295 472
295 630
295 657
295 66
295 754
299 434
30 229
30 419
30 498
30 664
30 694
30 703
301 306
301 312
301 428
301 434
301 518
301 688
305 306
306 312
306 416
306 509
306 521
306 774
306 796
31 365
31 433
31 694
31 8
311 328
311 434
311 463
311 700
311 709
312 235
312 311
312 503
312 509
312 539
312 559
312 796
315 404
317 457
327 311
327 37
327 463
327 521
327 703
327 96
328 157
328 327
328 434
328 521
328 697
331 311
331 334
331 5
331 503
331 518
331 519
331 690
334 234
334 257
334 31
334 648
334 736
355 709
365 334
365 430
365 433
365 694
365 718
365 8
366 107
366 295
366 365
366 433
366 466
366 731
366 96
367 140
367 164
367 334
367 490
367 651
367 742
367 768
37 147
37 235
37 257
37 31
37 365
37 796
380 164
388 128
388 140
388 288
388 404
388 415
388 719
392 231
392 234
392 457
392 490
392 528
392 587
392 749
400 67
402 671
404 128
404 229
404 30
404 574
404 664
404 718
414 129
414 157
414 331
414 428
414 47
414 519
414 690
414 736
415 234
415 457
415 522
415 67
415 742
416 312
416 513
416 518
416 559
416 67
416 796
418 301
418 416
418 509
418 796
419 229
419 365
419 367
419 404
419 497
419 498
419 716
428 229
428 306
428 312
428 418
428 509
430 128
430 31
430 334
430 37
430 648
430 718
430 768
433 257
433 37
433 404
433 430
433 736
434 157
434 301
434 327
434 328
434 433
434 522
440 697
454 367
457 196
457 255
457 490
457 651
457 742
457 749
463 157
463 328
463 434
463 703
463 749
465 466
465 473
465 698
465 721
465 731
465 811
466 463
466 472
466 473
466 509
466 630
466 66
466 731
469 388
47 204
47 301
47 306
47 463
47 503
47 726
47 774
472 277
472 366
472 37
472 473
472 630
472 66
473 29
473 626
473 698
473 704
473 732
473 811
48 277
483 466
483 574
485 587
490 196
490 234
490 415
490 67
490 749
493 129
493 428
497 231
497 30
497 31
497 522
497 663
497 671
497 716
498 147
498 229
498 497
498 671
498 697
498 716
498 8
5 164
5 306
5 414
5 518
5 71
5 725
5 774
5 86
500 509
501 29
502 277
503 129
503 295
503 312
503 690
503 709
503 726
503 796
504 311
508 433
508 700
509 204
509 301
509 416
509 518
509 559
51 327
51 328
51 522
51 697
51 698
51 86
513 110
513 418
513 518
513 539
513 559
513 674
518 418
518 428
518 513
518 539
518 559
518 756
519 5
519 671
519 709
519 71
519 742
519 86
521 257
521 306
521 463
521 51
521 522
521 697
521 716
522 157
522 311
522 434
522 700
522 703
522 719
528 107
528 140
528 28
528 392
528 529
528 657
528 754
529 110
529 29
529 418
529 651
529 674
529 756
539 234
539 301
539 306
539 416
539 418
539 690
539 697
545 367
545 416
545 587
545 746
545 768
550 626
559 129
559 306
559 418
559 428
559 539
559 709
572 725
574 288
574 388
574 51
574 663
574 664
574 703
575 736
587 164
587 367
587 688
587 725
624 521
625 255
626 156
626 28
626 465
626 721
626 732
626 754
630 28
630 327
630 366
630 66
630 674
630 731
630 96
647 648
647 721
648 257
648 31
648 365
648 457
648 694
651 164
651 229
651 37
651 529
651 545
651 587
651 688
654 140
655 328
655 472
655 718
657 107
657 28
657 463
657 513
657 529
657 703
657 756
659 503
66 196
66 277
66 366
66 731
66 756
66 96
663 288
663 30
663 404
663 664
663 698
663 719
664 140
664 196
664 388
664 66
664 694
664 704
664 9
669 327
67 147
67 255
67 392
67 416
67 513
67 742
670 51
671 128
671 231
671 30
671 419
671 648
671 694
674 29
674 528
674 657
674 754
688 164
688 312
688 367
688 414
688 545
690 164
690 5
690 519
690 71
690 725
690 774
692 37
693 31
694 107
694 235
694 334
694 365
694 430
694 8
695 664
697 415
697 434
697 463
697 522
697 539
697 700
698 288
698 626
698 674
698 703
698 721
698 77
698 811
699 288
699 704
700 434
700 51
700 521
700 574
700 663
700 703
700 8
703 128
703 28
703 311
703 51
703 521
703 522
703 657
703 697
704 128
704 472
704 574
704 663
704 700
704 718
709 129
709 328
709 47
709 71
709 86
71 204
71 331
71 414
71 416
71 428
71 67
71 86
716 231
716 235
716 257
716 30
716 31
716 671
716 772
718 196
718 574
718 663
718 725
718 9
719 128
719 498
719 574
719 704
719 718
719 725
721 107
721 156
721 473
721 513
721 726
721 732
721 77
725 129
725 255
725 5
725 67
725 721
725 726
725 749
726 497
726 513
726 545
726 587
726 690
726 725
726 732
731 277
731 295
731 472
731 522
731 732
731 811
731 96
732 156
732 367
732 465
732 528
732 698
732 726
732 77
736 235
736 37
736 648
736 694
739 392
742 147
742 193
742 255
742 365
742 367
742 67
742 746
746 392
746 415
746 419
746 457
746 490
746 811
749 147
749 164
749 193
749 67
749 726
749 736
749 746
754 107
754 29
754 529
754 657
754 756
754 796
756 110
756 277
756 28
756 528
756 674
756 688
758 66
768 140
768 257
768 388
768 392
768 587
768 651
768 688
769 257
769 8
77 110
77 465
77 473
77 626
77 719
77 811
771 301
772 235
772 419
772 47
772 497
772 71
774 204
774 312
774 434
774 503
774 709
774 768
786 742
796 301
796 37
796 428
796 465
796 518
796 539
8 157
8 234
8 37
8 430
8 433
8 700
8 736
811 156
811 519
811 626
811 66
811 721
811 732
817 518
86 331
86 414
86 47
86 539
86 587
86 688
86 690
9 196
9 234
9 388
9 404
9 416
9 430
9 719
90 295
96 255
96 277
96 295
96 466
96 472
96 529
96 697
