1004 433
102 157
102 472
1068 457
107 110
107 28
107 466
107 518
107 528
107 529
107 657
107 667
107 674
107 732
107 754
107 756
108 630
1092 545
110 157
110 28
110 288
110 29
110 463
110 51
110 528
110 574
110 657
110 674
110 732
110 754
128 196
128 231
128 388
128 404
128 434
128 47
128 5
128 518
128 663
128 664
128 704
128 719
128 9
129 204
129 312
129 400
129 414
129 416
129 47
129 5
129 503
129 654
129 709
129 726
129 772
129 774
1320 255
1320 736
140 164
140 178
140 193
140 236
140 367
140 414
140 545
140 587
140 651
140 688
140 690
140 709
140 742
141 490
147 193
147 234
147 244
147 255
147 365
147 37
147 392
147 47
147 490
147 648
147 67
147 742
147 749
149 709
156 157
156 277
156 465
156 473
156 493
156 626
156 630
156 66
156 721
156 731
156 811
156 96
157 28
157 29
157 529
157 657
157 674
157 732
157 754
157 756
157 96
164 367
164 392
164 400
164 490
164 522
164 545
164 587
164 651
164 688
164 690
164 774
164 86
17 30
193 231
193 234
193 255
193 404
193 415
193 457
193 489
193 674
193 742
193 746
193 749
196 27
196 288
196 388
196 404
196 457
196 648
196 664
196 671
196 704
196 718
196 726
196 9
201 774
202 559
204 299
204 331
204 416
204 47
204 503
204 519
204 559
204 709
204 71
204 725
204 774
207 295
207 754
228 522
229 231
229 257
229 419
229 497
229 498
229 646
229 671
229 716
229 726
229 748
229 772
229 8
231 30
231 367
231 419
231 498
231 5
231 646
231 671
231 716
231 772
234 235
234 255
234 392
234 415
234 454
234 490
234 632
234 651
234 67
234 742
234 749
235 257
235 315
235 334
235 365
235 434
235 539
235 648
235 671
235 694
235 697
235 71
235 736
253 257
254 694
254 706
255 257
255 392
255 415
255 419
255 457
255 657
255 67
255 742
255 746
255 77
257 334
257 37
257 433
257 434
257 648
257 694
257 736
257 8
257 86
261 698
277 346
277 465
277 466
277 473
277 626
277 646
277 657
277 66
277 721
277 77
277 96
28 29
28 301
28 434
28 501
28 528
28 529
28 657
28 726
28 732
28 754
288 366
288 388
288 497
288 574
288 663
288 670
288 704
288 718
288 719
288 9
29 466
29 521
29 528
29 529
29 647
29 657
29 674
29 709
29 732
29 756
290 587
2915 648
294 463
294 721
295 365
295 366
295 457
295 472
295 630
295 670
295 706
295 71
295 731
295 77
295 811
30 404
30 419
30 463
30 497
30 498
30 529
30 646
30 671
30 716
30 772
301 306
301 366
301 418
301 428
301 48
301 509
301 518
301 539
301 559
301 774
301 796
305 306
306 312
306 400
306 416
306 47
306 509
306 518
306 539
306 559
306 726
306 796
31 315
31 334
31 365
31 37
31 430
31 433
31 498
31 518
31 587
31 648
31 697
31 719
31 8
311 312
311 327
311 328
311 51
311 521
311 522
311 698
311 700
311 703
311 719
311 768
311 771
312 416
312 418
312 428
312 463
312 503
312 504
312 509
312 539
312 559
314 430
317 768
327 328
327 415
327 497
327 51
327 521
327 522
327 669
327 698
327 700
327 703
327 768
328 503
328 51
328 521
328 522
328 574
328 649
328 698
328 700
328 703
328 768
331 334
331 414
331 47
331 5
331 503
331 519
331 587
331 71
331 711
331 725
331 774
331 86
334 367
334 430
334 434
334 545
334 625
334 648
334 694
334 736
334 772
346 671
355 749
365 37
365 430
365 433
365 497
365 648
365 697
365 711
365 756
365 8
366 465
366 472
366 574
366 630
366 670
366 697
366 706
366 731
366 746
367 457
367 545
367 587
367 651
367 664
367 669
367 688
367 690
37 430
37 433
37 472
37 498
37 529
37 6
37 697
37 736
37 8
380 67
388 404
388 519
388 559
388 574
388 664
388 719
388 768
388 769
388 9
392 457
392 490
392 67
392 690
392 746
392 749
392 768
392 786
400 414
400 418
400 5
400 503
400 519
400 71
400 736
400 774
400 86
402 419
402 706
404 419
404 574
404 663
404 664
404 695
404 718
404 9
414 419
414 47
414 5
414 518
414 519
414 659
414 66
414 71
414 86
415 457
415 490
415 513
415 61
415 651
415 67
415 742
415 746
416 418
416 428
416 463
416 509
416 513
416 518
416 66
416 698
416 796
416 8
418 428
418 430
418 463
418 509
418 513
418 518
418 559
418 721
418 8
419 430
419 497
419 498
419 646
419 716
419 772
428 463
428 465
428 469
428 509
428 559
428 688
428 700
428 774
428 796
43 742
43 772
430 433
430 646
430 694
430 697
430 716
430 8
433 697
433 703
433 704
433 718
433 736
433 8
434 648
434 655
434 688
434 694
434 697
434 736
434 8
446 5
446 86
457 490
457 742
457 746
457 749
463 509
463 518
463 539
463 664
463 796
465 466
465 473
465 501
465 626
465 66
465 721
465 731
465 754
465 811
466 473
466 508
466 626
466 651
466 66
466 67
466 670
466 721
466 811
466 96
47 503
47 519
47 651
47 709
47 725
47 774
472 473
472 519
472 630
472 670
472 704
472 706
472 731
472 77
473 66
473 665
473 670
473 700
473 703
473 721
473 811
473 96
483 528
483 646
483 719
485 519
490 646
490 67
490 694
490 736
490 746
490 749
494 626
497 498
497 646
497 671
497 699
497 716
497 772
498 51
498 519
498 646
498 671
498 718
498 772
5 503
5 519
5 694
5 709
5 71
502 732
503 695
503 709
503 725
503 774
503 86
504 796
508 700
509 539
509 650
509 67
509 688
509 700
509 736
51 521
51 522
51 624
51 663
51 698
51 700
51 703
51 768
513 522
513 545
513 559
513 657
513 67
513 674
513 726
513 749
513 77
518 539
518 559
518 796
518 9
519 539
519 71
519 86
521 522
521 632
521 671
521 698
521 700
521 703
521 768
522 698
522 700
522 703
522 704
522 768
528 529
528 674
528 703
528 732
528 754
528 756
528 77
528 796
529 657
529 674
529 692
529 754
529 756
529 96
539 559
539 690
539 726
539 746
539 796
545 587
545 651
545 688
545 690
545 742
545 817
545 86
550 756
559 796
572 71
574 663
574 664
574 704
574 706
574 718
574 719
574 721
575 746
587 651
587 688
587 690
587 718
587 725
587 742
624 697
626 630
626 66
626 721
626 725
626 756
626 77
626 811
626 96
630 670
630 674
630 706
630 71
630 726
630 731
630 77
646 671
646 706
646 716
647 697
648 694
648 736
648 9
651 688
651 690
651 693
655 9
657 674
657 688
657 732
657 756
66 664
66 756
66 77
66 811
66 96
663 664
663 676
663 697
663 698
663 704
663 718
663 719
663 96
664 704
664 772
664 9
667 731
67 725
67 742
67 749
670 676
670 700
670 706
670 726
670 731
671 716
671 718
671 772
674 742
674 754
674 756
683 688
683 725
688 690
688 768
690 725
690 739
694 716
694 736
694 8
697 8
698 700
698 703
698 746
698 768
698 796
700 703
700 768
703 768
703 811
704 718
704 719
704 796
706 731
709 71
709 731
709 774
709 811
709 86
71 742
71 86
716 726
716 772
716 9
718 719
718 9
719 9
719 96
721 725
721 726
721 811
721 96
725 726
725 749
726 741
731 732
731 77
731 796
732 754
732 756
732 77
736 749
742 746
746 749
754 756
754 77
758 77
758 96
769 8
772 8
774 86
811 90
811 96
