1004 277
1004 772
102 465
1068 749
107 110
107 28
107 428
107 529
107 674
107 732
107 756
108 66
108 96
1092 490
1092 86
110 29
110 528
110 657
110 674
110 690
110 694
110 754
128 196
128 574
128 587
128 664
128 703
128 9
129 29
129 416
129 47
129 519
129 67
129 71
129 774
129 86
140 414
140 528
140 545
140 587
140 651
140 688
141 457
147 255
147 334
147 392
147 415
147 490
147 648
149 147
149 331
156 157
156 295
156 465
156 473
156 698
156 77
157 311
157 327
157 521
157 703
157 709
157 768
164 140
164 51
164 513
164 519
164 545
164 768
17 129
17 664
178 418
180 726
193 328
193 415
193 457
193 490
193 725
193 746
196 388
196 404
196 457
196 663
196 719
196 768
201 539
202 306
202 334
204 129
204 31
204 418
204 5
204 503
204 509
204 709
207 107
228 415
229 231
229 463
229 497
229 648
229 671
229 716
229 9
231 235
231 30
231 419
231 498
231 587
231 772
231 8
234 147
234 235
234 457
234 67
234 749
234 77
235 257
235 334
235 365
235 418
235 430
235 648
235 8
244 37
244 434
253 457
255 147
255 193
255 234
255 415
255 430
255 736
255 746
257 235
257 255
257 277
257 31
257 521
257 694
257 697
257 736
261 521
27 196
277 257
277 295
277 366
277 465
277 466
277 630
277 754
28 110
28 257
28 529
28 674
28 754
283 774
288 128
288 196
288 430
288 521
288 704
288 718
288 719
288 721
29 107
29 28
29 312
29 463
29 528
29 657
29 756
290 587
2915 651
2915 796
294 28
294 522
295 466
295 472
295 503
295 630
295 66
295 71
295 756
299 301
30 229
30 312
30 367
30 419
30 463
30 498
30 772
301 140
301 306
301 428
301 434
301 518
301 559
301 657
305 367
306 312
306 418
306 5
306 509
306 539
306 746
31 235
31 365
31 433
31 434
31 697
31 8
311 327
311 328
311 331
311 428
311 434
311 463
311 697
312 311
312 416
312 518
312 539
312 796
314 430
315 234
315 255
317 392
327 110
327 311
327 463
327 522
327 671
327 700
328 157
328 327
328 700
328 703
328 704
328 742
331 204
331 5
331 51
331 519
331 67
331 690
334 147
334 257
334 37
334 414
334 648
334 736
355 768
365 257
365 430
365 433
365 518
365 756
365 8
366 295
366 365
366 37
366 466
366 726
366 731
366 96
367 140
367 164
367 334
367 651
367 732
367 768
37 257
37 31
37 365
37 694
380 688
388 128
388 404
388 519
388 704
388 718
388 742
388 768
392 107
392 193
392 234
392 490
392 749
400 327
402 718
404 128
404 288
404 419
404 664
404 694
404 719
414 331
414 334
414 509
414 519
414 66
414 690
414 774
415 128
415 234
415 457
415 651
415 742
415 749
415 796
416 301
416 428
416 513
416 559
416 796
418 235
418 301
418 312
418 416
418 796
419 147
419 229
419 392
419 497
419 498
419 664
419 716
428 311
428 312
428 509
428 518
428 539
428 688
430 31
430 334
430 37
430 419
430 736
432 30
433 37
433 404
433 430
433 648
433 736
434 157
434 301
434 31
434 327
434 328
434 466
434 521
434 726
440 416
446 5
454 490
457 164
457 255
457 490
457 545
457 67
457 742
463 157
463 29
463 328
463 434
463 51
463 703
463 742
465 466
465 473
465 698
465 721
465 811
466 156
466 472
466 513
466 630
466 66
466 663
466 731
469 47
47 204
47 37
47 503
47 587
47 690
47 725
47 774
472 277
472 366
472 473
472 518
472 626
472 630
472 66
473 626
473 697
473 698
473 700
473 732
473 811
48 235
48 651
483 366
483 721
489 193
490 234
490 67
490 742
490 749
493 311
494 700
497 231
497 30
497 47
497 671
497 716
497 8
498 229
498 28
498 334
498 497
498 671
498 703
498 716
5 129
5 503
5 539
5 688
5 71
5 86
500 67
501 29
501 433
502 328
503 129
503 414
503 519
503 559
503 709
503 796
504 312
508 288
508 51
509 301
509 312
509 416
509 559
509 688
51 311
51 434
51 522
51 697
51 749
513 418
513 545
513 559
513 674
513 754
518 306
518 365
518 418
518 539
518 559
518 709
519 129
519 388
519 47
519 497
519 5
519 694
519 71
519 86
521 311
521 51
521 522
521 697
522 328
522 415
522 463
522 674
522 700
522 703
522 768
522 77
528 107
528 28
528 465
528 529
528 657
528 754
528 77
529 110
529 29
529 66
529 674
529 756
539 301
539 416
539 418
539 509
545 367
545 457
545 490
545 587
545 768
545 86
550 528
553 472
559 306
559 418
559 428
559 529
559 796
572 164
574 196
574 288
574 521
574 663
574 700
574 9
575 193
587 128
587 164
587 367
587 392
587 47
587 688
587 725
624 719
625 128
626 110
626 156
626 295
626 465
626 721
626 732
630 366
630 657
630 66
630 674
630 731
630 96
647 648
648 257
648 31
648 490
648 694
648 8
649 428
651 164
651 234
651 545
651 587
651 688
651 772
654 140
655 433
657 107
657 28
657 301
657 513
657 518
657 529
657 67
657 756
659 388
66 277
66 366
66 71
66 719
66 731
66 96
663 288
663 388
663 466
663 698
663 719
663 754
663 9
664 196
664 288
664 328
664 367
664 388
664 419
664 9
665 671
667 626
667 731
669 31
67 147
67 392
67 513
67 657
67 742
67 746
670 698
671 231
671 30
671 365
671 419
671 463
671 772
674 29
674 522
674 528
674 657
674 749
674 754
676 663
688 164
688 367
688 539
688 545
690 110
690 204
690 5
690 519
690 539
690 709
690 726
692 257
692 327
693 8
694 235
694 334
694 433
694 742
694 796
694 8
695 404
697 157
697 257
697 31
697 327
697 522
697 700
698 147
698 626
698 721
698 746
698 77
698 811
699 498
699 587
700 288
700 463
700 51
700 521
700 703
700 746
703 434
703 463
703 51
703 521
703 522
703 697
703 811
704 404
704 472
704 574
704 663
704 703
704 718
709 129
709 231
709 414
709 47
709 518
709 559
709 71
71 295
71 331
71 388
71 414
71 434
71 47
71 719
71 86
711 509
716 231
716 235
716 30
716 31
716 671
716 71
716 772
718 128
718 365
718 574
718 663
718 664
718 725
719 473
719 522
719 574
719 664
719 704
719 71
719 718
721 156
721 288
721 428
721 473
721 726
721 732
721 77
725 204
725 311
725 497
725 690
725 721
725 726
726 277
726 434
726 513
726 518
726 545
726 574
726 663
726 725
731 277
731 295
731 472
731 697
731 732
731 77
731 96
732 107
732 156
732 465
732 529
732 630
732 698
732 77
736 235
736 365
736 574
736 648
736 694
736 725
739 690
741 725
742 193
742 196
742 255
742 328
742 392
742 694
742 746
742 8
746 147
746 392
746 415
746 457
746 664
746 700
749 147
749 193
749 255
749 67
749 726
754 107
754 277
754 29
754 513
754 529
754 657
754 756
756 110
756 28
756 513
756 528
756 674
758 156
758 811
768 140
768 37
768 522
768 587
768 651
768 688
769 736
77 465
77 473
77 522
77 528
77 626
77 718
77 811
771 503
772 229
772 419
772 497
772 498
772 694
772 726
774 204
774 306
774 331
774 416
774 418
774 503
774 709
786 746
796 277
796 306
796 415
796 428
796 509
796 518
796 694
8 235
8 334
8 37
8 430
8 433
8 742
811 156
811 157
811 229
811 626
811 721
811 732
811 96
817 545
86 128
86 331
86 414
86 690
86 704
86 774
9 196
9 388
9 404
9 433
9 697
9 704
9 716
90 519
90 630
96 140
96 277
96 295
96 301
96 466
96 472
96 796
96 811
