1004 30
1004 366
102 528
1068 736
107 110
107 1320
107 157
107 28
107 528
107 529
107 657
107 674
107 703
107 732
107 754
107 756
107 96
108 277
108 28
1092 519
1092 749
110 157
110 28
110 288
110 29
110 301
110 528
110 529
110 630
110 657
110 674
110 703
110 732
110 754
128 196
128 231
128 388
128 404
128 48
128 663
128 664
128 67
128 704
128 719
128 77
128 9
129 204
129 331
129 334
129 416
129 47
129 490
129 5
129 503
129 519
129 647
129 709
129 716
129 774
140 164
140 235
140 367
140 414
140 43
140 490
140 5
140 545
140 587
140 651
140 688
140 694
140 736
140 768
141 648
147 234
147 255
147 2915
147 37
147 392
147 457
147 490
147 648
147 67
147 716
147 742
147 749
149 257
156 157
156 465
156 473
156 502
156 626
156 630
156 66
156 698
156 704
156 721
156 731
156 811
157 277
157 28
157 29
157 518
157 529
157 657
157 674
157 732
157 754
157 756
164 236
164 311
164 367
164 545
164 587
164 648
164 651
164 688
164 736
164 768
164 774
164 86
180 726
193 231
193 234
193 255
193 415
193 457
193 575
193 67
193 674
193 718
193 742
193 746
193 749
196 288
196 31
196 388
196 404
196 457
196 648
196 664
196 704
196 718
196 726
196 742
196 9
201 509
202 327
204 290
204 331
204 418
204 47
204 5
204 503
204 539
204 7
204 709
204 774
204 86
207 756
228 651
229 231
229 235
229 30
229 37
229 416
229 419
229 497
229 498
229 671
229 716
229 772
229 9
231 30
231 367
231 388
231 419
231 497
231 498
231 5
231 671
231 716
231 772
234 235
234 392
234 415
234 48
234 490
234 498
234 513
234 522
234 67
234 746
234 749
234 768
235 244
235 257
235 334
235 365
235 37
235 648
235 694
235 736
235 8
235 9
236 725
253 8
254 288
255 257
255 312
255 328
255 392
255 415
255 419
255 457
255 490
255 732
255 742
255 746
255 769
257 334
257 365
257 37
257 430
257 433
257 472
257 648
257 66
257 694
257 736
261 498
27 742
277 295
277 366
277 465
277 466
277 472
277 630
277 718
277 731
277 756
277 77
277 96
28 29
28 301
28 434
28 528
28 529
28 657
28 66
28 732
28 754
288 366
288 388
288 497
288 574
288 663
288 664
288 704
288 718
288 719
288 9
29 501
29 521
29 528
29 529
29 657
29 671
29 674
29 732
29 756
294 754
294 77
295 366
295 466
295 472
295 494
295 630
295 697
295 71
295 731
295 746
295 77
295 96
30 301
30 404
30 419
30 497
30 498
30 671
30 716
30 742
30 772
301 306
301 418
301 428
301 509
301 518
301 539
301 559
301 649
301 774
301 796
305 539
305 772
306 312
306 416
306 47
306 497
306 509
306 518
306 539
306 559
306 647
306 746
306 796
31 365
31 37
31 430
31 433
31 473
31 648
31 669
31 694
31 697
31 716
31 736
31 8
311 312
311 327
311 328
311 434
311 504
311 51
311 521
311 522
311 587
311 697
311 700
311 703
312 416
312 418
312 428
312 463
312 498
312 509
312 522
312 539
312 545
312 559
312 692
315 334
317 457
327 328
327 331
327 415
327 434
327 51
327 521
327 522
327 697
327 700
327 703
328 402
328 434
328 503
328 51
328 521
328 522
328 697
328 700
328 703
331 414
331 5
331 503
331 519
331 646
331 671
331 690
331 71
331 8
334 365
334 367
334 430
334 433
334 648
334 694
334 736
334 772
355 490
365 37
365 430
365 433
365 508
365 529
365 539
365 694
365 768
365 772
365 8
366 430
366 433
366 466
366 472
366 630
366 664
366 698
366 731
366 96
367 388
367 454
367 457
367 490
367 545
367 587
367 651
367 688
367 768
37 430
37 433
37 509
37 625
37 648
37 731
37 746
37 8
380 545
388 404
388 519
388 574
388 664
388 719
388 742
388 768
388 9
392 415
392 490
392 513
392 67
392 690
392 711
392 746
392 749
392 768
400 67
404 419
404 43
404 430
404 574
404 663
404 664
404 718
404 9
414 428
414 434
414 5
414 519
414 690
414 709
414 71
414 725
414 774
414 86
415 457
415 518
415 61
415 651
415 67
415 742
415 746
416 418
416 428
416 463
416 509
416 513
416 518
416 700
416 796
416 817
418 428
418 463
418 509
418 513
418 518
418 559
418 626
418 774
419 497
419 498
419 559
419 671
419 694
419 716
419 772
428 463
428 472
428 493
428 509
428 559
428 657
428 796
430 433
430 648
430 695
430 749
430 8
430 9
433 521
433 659
433 736
433 77
433 8
433 96
434 457
434 51
434 521
434 522
434 697
434 700
434 703
434 771
440 732
441 694
446 71
457 490
457 587
457 742
457 746
457 749
463 509
463 518
463 539
463 693
463 756
463 796
463 811
463 96
465 466
465 473
465 626
465 66
465 667
465 698
465 721
465 754
465 796
465 811
466 472
466 473
466 529
466 630
466 66
466 664
466 700
466 731
466 96
469 709
47 503
47 519
47 522
47 651
47 690
47 709
47 725
47 774
47 86
472 473
472 519
472 630
472 704
472 731
472 77
472 96
473 624
473 626
473 66
473 698
473 700
473 721
473 811
483 671
483 774
485 768
489 587
490 646
490 67
490 746
490 749
494 96
497 498
497 671
497 716
497 719
497 772
497 8
498 671
498 698
498 716
498 772
5 518
5 519
5 690
5 741
5 774
5 86
503 519
503 651
503 709
503 71
503 725
503 774
503 796
503 86
503 90
508 663
509 539
509 574
509 67
509 697
509 725
51 521
51 522
51 574
51 676
51 697
51 698
51 700
51 703
51 756
513 545
513 559
513 651
513 657
513 67
513 674
513 721
513 726
513 749
518 529
518 539
518 559
518 709
518 796
519 587
519 690
519 71
519 731
519 86
521 522
521 671
521 697
521 700
521 703
521 719
522 697
522 700
522 703
522 719
528 529
528 674
528 732
528 754
528 756
528 77
528 796
529 657
529 669
529 674
529 754
529 756
539 559
539 690
539 796
539 8
545 587
545 651
545 688
545 732
545 768
545 86
550 698
559 574
559 654
559 774
559 796
572 688
574 663
574 664
574 703
574 704
574 718
574 719
587 651
587 688
587 725
587 726
587 768
626 66
626 671
626 698
626 721
626 725
626 754
626 811
626 90
626 96
630 674
630 726
630 731
630 77
630 96
648 694
648 726
648 736
650 721
650 796
651 688
651 704
651 768
655 664
655 718
657 674
657 688
657 732
657 756
66 698
66 709
66 719
66 721
66 811
66 96
663 664
663 697
663 698
663 704
663 718
663 719
663 726
664 704
664 726
664 746
664 9
67 742
67 749
670 700
670 811
671 716
671 772
674 754
674 756
683 704
683 86
688 709
688 718
688 749
688 768
690 709
690 71
690 725
690 739
690 811
690 86
691 721
694 736
694 8
694 86
697 700
697 703
698 721
698 77
698 811
700 703
703 77
703 8
704 718
704 719
709 71
709 721
709 774
71 768
71 774
71 811
71 86
716 726
716 772
716 9
718 719
718 725
718 9
719 77
719 9
721 725
721 726
721 811
725 726
725 736
726 772
731 758
731 77
731 811
731 96
732 754
732 756
732 77
736 749
736 8
742 746
742 749
746 786
754 756
758 811
