1 2
1 3
1 4
1 5
1 6
1 7
1 8
1 9
1 10
1 11
1 12
1 13
1 14
1 15
1 16
1 17
1 18
1 19
1 20
1 21
1 22
1 23
1 24
1 25
1 26
1 27
1 28
1 29
1 30
1 31
1 33
1 34
1 35
1 36
1 37
1 38
1 39
1 40
1 41
1 42
1 43
1 44
1 45
1 46
1 47
1 48
1 49
1 50
1 51
1 52
1 53
1 54
1 55
1 56
1 57
1 61
1 62
1 63
1 64
1 65
1 66
1 67
1 68
1 69
1 70
1 71
1 72
1 74
1 76
1 77
1 78
1 79
1 81
1 82
1 84
1 85
1 86
1 87
1 88
1 90
1 91
1 92
1 93
1 94
1 95
1 96
1 97
1 99
1 101
1 103
1 104
1 107
1 110
1 111
1 112
1 116
1 117
1 118
1 119
1 121
1 123
1 127
1 128
1 129
1 130
1 131
1 132
1 133
1 134
1 136
1 137
1 139
1 140
1 144
1 147
1 150
1 152
1 153
1 155
1 156
1 158
1 162
1 173
1 174
1 175
1 177
1 178
1 180
1 182
1 184
1 190
1 203
1 207
1 224
1 226
1 229
1 231
1 236
1 240
1 261
1 276
1 283
1 299
1 303
1 399
2 1
2 3
2 4
2 5
2 6
2 7
2 8
2 9
2 10
2 11
2 12
2 13
2 14
2 15
2 16
2 17
2 18
2 19
2 20
2 21
2 22
2 23
2 25
2 26
2 27
2 28
2 29
2 30
2 31
2 32
2 33
2 34
2 35
2 36
2 37
2 38
2 40
2 41
2 42
2 43
2 44
2 45
2 47
2 48
2 49
2 50
2 51
2 52
2 53
2 54
2 55
2 56
2 57
2 58
2 61
2 62
2 63
2 64
2 65
2 66
2 67
2 68
2 69
2 70
2 71
2 72
2 73
2 74
2 75
2 76
2 77
2 79
2 81
2 82
2 85
2 86
2 87
2 88
2 89
2 90
2 91
2 92
2 94
2 95
2 96
2 98
2 100
2 101
2 103
2 104
2 106
2 107
2 110
2 111
2 116
2 117
2 118
2 119
2 120
2 123
2 125
2 128
2 129
2 132
2 133
2 135
2 138
2 139
2 142
2 143
2 150
2 151
2 152
2 153
2 154
2 156
2 164
2 165
2 167
2 172
2 175
2 178
2 182
2 183
2 192
2 194
2 200
2 214
2 228
2 231
2 234
2 264
2 265
2 274
2 373
2 428
3 1
3 2
3 4
3 5
3 6
3 7
3 8
3 9
3 10
3 11
3 12
3 13
3 14
3 15
3 16
3 17
3 18
3 19
3 20
3 21
3 22
3 23
3 24
3 25
3 26
3 27
3 28
3 29
3 30
3 31
3 32
3 33
3 34
3 35
3 36
3 37
3 38
3 39
3 40
3 41
3 42
3 43
3 44
3 45
3 47
3 48
3 49
3 50
3 51
3 52
3 53
3 55
3 56
3 57
3 58
3 59
3 60
3 61
3 62
3 63
3 64
3 65
3 66
3 67
3 68
3 69
3 70
3 73
3 74
3 77
3 78
3 79
3 82
3 85
3 86
3 87
3 88
3 89
3 90
3 91
3 92
3 93
3 97
3 98
3 99
3 101
3 105
3 106
3 107
3 108
3 110
3 113
3 114
3 117
3 121
3 123
3 124
3 125
3 128
3 130
3 131
3 136
3 162
3 163
3 175
3 181
3 182
3 190
3 202
3 209
3 213
3 214
3 219
3 220
3 234
3 241
3 251
3 254
3 255
3 256
3 258
3 273
3 277
3 280
3 284
3 290
3 317
3 361
3 378
3 388
3 440
3 490
4 1
4 2
4 3
4 5
4 6
4 7
4 8
4 9
4 10
4 11
4 12
4 13
4 14
4 15
4 17
4 18
4 19
4 20
4 21
4 22
4 23
4 24
4 25
4 27
4 28
4 29
4 30
4 31
4 32
4 33
4 34
4 35
4 36
4 37
4 38
4 39
4 40
4 41
4 43
4 44
4 45
4 47
4 48
4 49
4 50
4 52
4 53
4 56
4 58
4 59
4 64
4 67
4 70
4 73
4 80
4 82
4 83
4 110
4 113
4 126
4 145
4 148
4 161
4 168
4 176
4 182
4 186
4 215
4 221
4 252
4 259
4 297
4 311
4 352
4 369
4 448
5 1
5 2
5 3
5 4
5 6
5 7
5 8
5 9
5 10
5 11
5 12
5 13
5 14
5 15
5 17
5 18
5 19
5 20
5 21
5 22
5 23
5 24
5 25
5 26
5 27
5 28
5 29
5 30
5 31
5 32
5 33
5 34
5 35
5 36
5 37
5 38
5 39
5 40
5 41
5 42
5 43
5 44
5 45
5 47
5 48
5 49
5 50
5 51
5 52
5 53
5 54
5 58
5 59
5 60
5 62
5 63
5 64
5 66
5 67
5 68
5 69
5 70
5 73
5 75
5 78
5 82
5 86
5 92
5 98
5 110
5 113
5 122
5 126
5 145
5 161
5 168
5 176
5 186
5 201
5 213
5 215
5 234
5 252
5 254
5 259
5 270
5 295
5 329
5 344
5 398
5 421
6 1
6 2
6 3
6 4
6 5
6 7
6 8
6 9
6 10
6 11
6 12
6 13
6 14
6 15
6 16
6 17
6 18
6 19
6 20
6 21
6 22
6 23
6 24
6 25
6 26
6 27
6 28
6 29
6 30
6 31
6 32
6 33
6 34
6 35
6 36
6 37
6 38
6 40
6 41
6 43
6 44
6 45
6 47
6 48
6 49
6 50
6 51
6 52
6 53
6 56
6 58
6 60
6 61
6 64
6 66
6 67
6 69
6 70
6 73
6 75
6 82
6 83
6 86
6 89
6 92
6 106
6 110
6 113
6 114
6 116
6 122
6 125
6 126
6 135
6 145
6 146
6 148
6 153
6 154
6 160
6 164
6 168
6 169
6 175
6 182
6 187
6 199
6 201
6 213
6 214
6 234
6 238
6 254
6 270
6 290
6 316
6 322
6 329
6 339
6 340
6 346
6 347
6 364
6 372
6 377
6 378
6 385
6 389
6 390
6 404
6 409
6 417
6 430
6 439
6 446
6 460
6 465
6 470
6 475
6 477
6 478
6 486
7 1
7 2
7 3
7 4
7 5
7 6
7 8
7 9
7 10
7 11
7 12
7 13
7 14
7 15
7 16
7 17
7 18
7 19
7 20
7 21
7 22
7 23
7 24
7 25
7 26
7 27
7 28
7 29
7 30
7 31
7 32
7 33
7 34
7 36
7 37
7 38
7 40
7 41
7 42
7 43
7 44
7 45
7 47
7 48
7 49
7 50
7 51
7 52
7 53
7 54
7 55
7 56
7 58
7 61
7 62
7 63
7 66
7 67
7 69
7 70
7 72
7 73
7 74
7 75
7 79
7 82
7 85
7 86
7 89
7 91
7 92
7 95
7 96
7 97
7 106
7 109
7 110
7 116
7 118
7 120
7 122
7 124
7 125
7 127
7 135
7 138
7 142
7 143
7 146
7 148
7 151
7 153
7 154
7 156
7 159
7 164
7 165
7 167
7 168
7 169
7 171
7 172
7 175
7 182
7 183
7 192
7 199
7 208
7 214
7 232
7 244
7 254
7 263
7 264
7 265
7 268
7 271
7 272
7 275
7 285
7 288
7 294
7 321
7 324
7 342
7 347
7 359
7 407
7 426
7 427
8 1
8 2
8 3
8 4
8 5
8 6
8 7
8 9
8 10
8 11
8 12
8 13
8 14
8 15
8 16
8 17
8 18
8 19
8 20
8 21
8 22
8 24
8 25
8 26
8 27
8 28
8 29
8 30
8 31
8 32
8 33
8 34
8 35
8 36
8 37
8 38
8 40
8 41
8 42
8 43
8 45
8 47
8 50
8 51
8 52
8 54
8 55
8 56
8 57
8 58
8 61
8 62
8 63
8 65
8 66
8 68
8 71
8 72
8 74
8 76
8 77
8 78
8 79
8 81
8 85
8 86
8 87
8 88
8 89
8 90
8 91
8 94
8 95
8 96
8 97
8 100
8 103
8 104
8 106
8 111
8 112
8 116
8 118
8 119
8 120
8 125
8 127
8 128
8 129
8 132
8 133
8 138
8 141
8 142
8 143
8 148
8 150
8 151
8 153
8 156
8 165
8 182
8 183
8 188
8 189
8 191
8 200
8 206
8 228
8 274
8 298
8 314
8 419
8 434
9 1
9 2
9 3
9 4
9 5
9 6
9 7
9 8
9 10
9 11
9 12
9 13
9 14
9 15
9 17
9 18
9 19
9 20
9 21
9 22
9 23
9 24
9 25
9 26
9 27
9 28
9 29
9 30
9 31
9 33
9 34
9 35
9 36
9 37
9 38
9 39
9 40
9 41
9 42
9 43
9 44
9 45
9 47
9 48
9 49
9 50
9 51
9 52
9 53
9 58
9 60
9 62
9 63
9 64
9 65
9 66
9 67
9 68
9 69
9 70
9 72
9 73
9 78
9 82
9 98
9 105
9 108
9 110
9 113
9 114
9 126
9 160
9 254
9 357
10 1
10 2
10 3
10 4
10 5
10 6
10 7
10 8
10 9
10 11
10 12
10 13
10 14
10 15
10 16
10 17
10 18
10 19
10 20
10 21
10 22
10 23
10 24
10 25
10 26
10 27
10 28
10 29
10 30
10 31
10 32
10 33
10 34
10 36
10 37
10 38
10 39
10 40
10 41
10 42
10 43
10 44
10 45
10 47
10 48
10 49
10 50
10 51
10 52
10 53
10 55
10 56
10 59
10 61
10 63
10 65
10 66
10 67
10 68
10 69
10 74
10 78
10 79
10 82
10 85
10 86
10 89
10 91
10 92
10 103
10 106
10 116
10 117
10 118
10 125
10 128
10 130
10 135
10 150
10 153
10 156
10 164
10 194
10 200
10 220
10 232
10 264
10 301
10 302
10 319
10 320
10 400
10 419
10 458
10 459
10 469
10 471
10 473
11 1
11 2
11 3
11 4
11 5
11 6
11 7
11 8
11 9
11 10
11 12
11 13
11 14
11 15
11 16
11 17
11 18
11 19
11 20
11 21
11 22
11 23
11 25
11 26
11 27
11 28
11 29
11 30
11 31
11 32
11 33
11 34
11 35
11 36
11 37
11 38
11 40
11 41
11 42
11 43
11 44
11 45
11 46
11 47
11 48
11 49
11 50
11 52
11 53
11 55
11 56
11 57
11 58
11 61
11 63
11 64
11 65
11 66
11 67
11 68
11 69
11 70
11 74
11 77
11 78
11 79
11 82
11 86
11 87
11 88
11 90
11 91
11 92
11 93
11 97
11 101
11 103
11 105
11 107
11 108
11 110
11 114
11 117
11 121
11 123
11 124
11 129
11 130
11 131
11 134
11 163
11 175
11 181
11 182
11 190
11 202
11 209
11 213
11 214
11 219
11 234
11 241
11 251
11 253
11 254
11 269
11 278
11 290
11 338
12 1
12 2
12 3
12 4
12 5
12 6
12 7
12 8
12 9
12 10
12 11
12 13
12 14
12 15
12 16
12 17
12 18
12 19
12 20
12 21
12 22
12 24
12 25
12 26
12 27
12 28
12 30
12 31
12 33
12 37
12 38
12 40
12 41
12 42
12 45
12 47
12 51
12 52
12 54
12 55
12 57
12 61
12 62
12 63
12 65
12 68
12 71
12 72
12 74
12 76
12 77
12 78
12 79
12 81
12 87
12 88
12 90
12 91
12 93
12 94
12 97
12 99
12 101
12 103
12 104
12 107
12 111
12 112
12 117
12 119
12 123
12 129
12 131
12 132
12 137
12 139
12 140
12 147
12 155
12 158
12 162
12 177
12 184
12 203
12 207
12 226
12 229
12 235
12 237
12 240
12 293
12 296
12 399
12 481
13 1
13 2
13 3
13 4
13 5
13 6
13 7
13 8
13 9
13 10
13 11
13 12
13 14
13 15
13 17
13 18
13 19
13 20
13 21
13 22
13 23
13 24
13 27
13 28
13 29
13 30
13 32
13 33
13 34
13 37
13 38
13 40
13 43
13 44
13 52
13 56
13 58
13 59
13 60
13 63
13 70
13 73
13 80
13 83
13 110
13 113
13 126
13 145
13 161
13 168
13 176
13 182
13 186
13 198
13 210
13 215
13 243
13 254
13 306
13 325
13 334
13 368
14 1
14 2
14 3
14 4
14 5
14 6
14 7
14 8
14 9
14 10
14 11
14 12
14 13
14 15
14 17
14 18
14 20
14 21
14 22
14 23
14 24
14 26
14 27
14 28
14 29
14 30
14 32
14 33
14 34
14 35
14 36
14 37
14 41
14 43
14 44
14 49
14 53
14 56
14 58
14 59
14 60
14 70
14 73
14 75
14 98
14 109
14 110
14 113
14 115
14 122
14 145
14 146
14 148
14 149
14 159
14 160
14 161
14 171
14 195
14 198
14 204
14 221
14 223
14 225
14 227
14 245
14 246
14 249
14 254
14 289
14 310
14 312
14 344
14 438
14 482
15 1
15 2
15 3
15 4
15 5
15 6
15 7
15 8
15 9
15 10
15 11
15 12
15 13
15 14
15 16
15 17
15 18
15 19
15 20
15 21
15 22
15 23
15 24
15 25
15 26
15 27
15 28
15 29
15 30
15 31
15 33
15 37
15 38
15 40
15 41
15 42
15 45
15 47
15 51
15 52
15 54
15 55
15 57
15 61
15 62
15 63
15 65
15 68
15 71
15 72
15 74
15 76
15 77
15 79
15 81
15 84
15 88
15 90
15 91
15 94
15 95
15 96
15 100
15 101
15 103
15 111
15 129
15 132
15 140
15 141
15 152
15 157
15 158
15 178
15 179
15 188
15 191
15 206
15 211
15 218
15 229
15 231
15 239
15 242
15 286
15 305
15 323
15 381
15 453
16 1
16 2
16 3
16 6
16 7
16 8
16 10
16 11
16 12
16 15
16 18
16 19
16 20
16 21
16 22
16 24
16 25
16 26
16 28
16 30
16 31
16 33
16 37
16 38
16 39
16 40
16 41
16 42
16 45
16 47
16 52
16 54
16 55
16 57
16 61
16 62
16 63
16 65
16 68
16 71
16 72
16 74
16 76
16 77
16 79
16 81
16 87
16 88
16 90
16 94
16 95
16 100
16 101
16 104
16 117
16 132
16 140
16 157
16 158
16 165
16 179
16 182
16 211
16 212
16 218
16 242
16 381
17 1
17 2
17 3
17 4
17 5
17 6
17 7
17 8
17 9
17 10
17 11
17 12
17 13
17 14
17 15
17 18
17 19
17 20
17 21
17 22
17 23
17 24
17 25
17 26
17 27
17 28
17 30
17 31
17 32
17 33
17 34
17 35
17 36
17 37
17 38
17 40
17 41
17 42
17 43
17 45
17 47
17 48
17 50
17 51
17 52
17 54
17 55
17 56
17 57
17 61
17 62
17 63
17 65
17 66
17 68
17 69
17 71
17 72
17 74
17 76
17 77
17 79
17 81
17 85
17 86
17 87
17 88
17 90
17 91
17 95
17 96
17 100
17 101
17 103
17 104
17 112
17 137
17 173
17 179
17 182
17 196
17 214
17 218
17 234
17 242
18 1
18 2
18 3
18 4
18 5
18 6
18 7
18 8
18 9
18 10
18 11
18 12
18 13
18 14
18 15
18 16
18 17
18 19
18 20
18 21
18 22
18 23
18 24
18 25
18 26
18 27
18 28
18 29
18 30
18 31
18 33
18 34
18 37
18 38
18 39
18 40
18 41
18 42
18 45
18 47
18 48
18 49
18 50
18 51
18 52
18 54
18 55
18 57
18 61
18 62
18 63
18 65
18 66
18 67
18 68
18 69
18 70
18 71
18 72
18 74
18 76
18 77
18 78
18 79
18 81
18 82
18 84
18 85
18 86
18 87
18 88
18 89
18 90
18 91
18 92
18 93
18 94
18 95
18 96
18 99
18 100
18 101
18 103
18 104
18 106
18 107
18 111
18 112
18 118
18 119
18 120
18 127
18 128
18 129
18 132
18 133
18 136
18 137
18 138
18 139
18 141
18 142
18 143
18 147
18 150
18 152
18 157
18 158
18 173
18 174
18 178
18 180
18 182
18 328
19 1
19 2
19 3
19 4
19 5
19 6
19 7
19 8
19 9
19 10
19 11
19 12
19 13
19 15
19 16
19 17
19 18
19 20
19 21
19 22
19 23
19 24
19 25
19 26
19 28
19 29
19 30
19 31
19 33
19 37
19 38
19 39
19 40
19 41
19 42
19 45
19 47
19 48
19 49
19 50
19 51
19 52
19 54
19 55
19 57
19 61
19 62
19 63
19 65
19 66
19 68
19 71
19 72
19 76
19 77
19 79
19 84
19 93
19 97
19 99
19 107
19 119
19 127
19 136
19 140
19 141
19 144
19 156
19 166
19 173
19 174
19 180
20 1
20 2
20 3
20 4
20 5
20 6
20 7
20 8
20 9
20 10
20 11
20 12
20 13
20 14
20 15
20 16
20 17
20 18
20 19
20 21
20 22
20 23
20 24
20 25
20 26
20 27
20 28
20 29
20 30
20 31
20 33
20 36
20 37
20 38
20 41
20 42
20 45
20 47
20 52
20 57
20 61
20 62
20 65
20 72
20 74
20 76
20 77
20 81
20 84
20 94
20 95
20 96
20 100
20 101
20 104
20 111
20 148
20 157
20 179
20 206
20 211
20 212
20 242
20 336
20 358
20 382
20 408
20 414
21 1
21 2
21 3
21 4
21 5
21 6
21 7
21 8
21 9
21 10
21 11
21 12
21 13
21 14
21 15
21 16
21 17
21 18
21 19
21 20
21 22
21 24
21 25
21 26
21 27
21 28
21 29
21 30
21 31
21 33
21 37
21 38
21 40
21 41
21 42
21 43
21 45
21 47
21 51
21 52
21 54
21 57
21 61
21 62
21 63
21 65
21 66
21 68
21 71
21 72
21 74
21 76
21 77
21 78
21 79
21 81
21 85
21 88
21 89
21 90
21 91
21 94
21 95
21 96
21 100
21 101
21 103
21 106
21 111
21 118
21 119
21 128
21 129
21 132
21 133
21 138
21 142
21 147
21 150
21 151
21 152
21 158
21 188
21 189
21 191
21 206
21 211
21 229
21 239
21 240
21 281
21 282
21 286
21 323
21 326
21 328
21 335
21 337
21 345
21 366
21 374
21 380
21 384
21 393
21 399
21 422
21 424
21 429
21 461
21 463
22 1
22 2
22 3
22 4
22 5
22 6
22 7
22 8
22 9
22 10
22 11
22 12
22 13
22 14
22 15
22 16
22 17
22 18
22 19
22 20
22 21
22 23
22 24
22 25
22 26
22 29
22 30
22 31
22 33
22 38
22 39
22 40
22 41
22 42
22 45
22 47
22 48
22 49
22 50
22 51
22 52
22 54
22 55
22 57
22 61
22 62
22 63
22 65
22 68
22 69
22 71
22 72
22 74
22 76
22 77
22 78
22 81
22 84
22 91
22 93
22 96
22 101
22 129
22 141
22 157
22 196
22 217
22 239
22 242
22 281
23 1
23 2
23 3
23 4
23 5
23 6
23 7
23 9
23 10
23 11
23 13
23 14
23 15
23 17
23 18
23 19
23 20
23 22
23 27
23 28
23 29
23 32
23 33
23 34
23 35
23 36
23 43
23 44
23 48
23 49
23 50
23 53
23 56
23 58
23 64
23 66
23 67
23 69
23 70
23 73
23 75
23 82
23 86
23 98
23 110
23 113
23 122
23 126
23 146
23 148
23 159
23 160
23 169
23 171
23 175
23 187
23 195
23 201
23 221
23 225
23 227
23 238
23 247
23 254
23 306
23 322
23 375
24 1
24 3
24 4
24 5
24 6
24 7
24 8
24 9
24 10
24 12
24 13
24 14
24 15
24 16
24 17
24 18
24 19
24 20
24 21
24 22
24 25
24 26
24 27
24 30
24 31
24 33
24 35
24 36
24 38
24 39
24 41
24 42
24 45
24 47
24 49
24 51
24 52
24 54
24 61
24 62
24 63
24 66
24 68
24 71
24 78
24 79
24 84
24 85
24 86
24 89
24 92
24 93
24 103
24 106
24 112
24 116
24 118
24 127
24 133
24 166
24 194
25 1
25 2
25 3
25 4
25 5
25 6
25 7
25 8
25 9
25 10
25 11
25 12
25 15
25 16
25 17
25 18
25 19
25 20
25 21
25 22
25 24
25 26
25 28
25 29
25 30
25 31
25 33
25 37
25 38
25 39
25 40
25 41
25 42
25 45
25 47
25 48
25 49
25 50
25 51
25 52
25 54
25 55
25 57
25 61
25 63
25 68
25 71
25 84
25 97
25 99
25 112
25 134
25 136
25 141
25 144
25 173
25 174
25 180
25 341
26 1
26 2
26 3
26 5
26 6
26 7
26 8
26 9
26 10
26 11
26 12
26 14
26 15
26 16
26 17
26 18
26 19
26 20
26 21
26 22
26 24
26 25
26 29
26 30
26 31
26 33
26 37
26 38
26 40
26 41
26 42
26 45
26 47
26 51
26 52
26 54
26 55
26 57
26 62
26 63
26 65
26 66
26 71
26 72
26 76
26 77
26 79
26 81
26 85
26 86
26 88
26 90
26 91
26 95
26 96
26 100
26 101
26 107
26 123
26 129
26 140
26 179
26 239
26 242
27 1
27 2
27 3
27 4
27 5
27 6
27 7
27 8
27 9
27 10
27 11
27 12
27 13
27 14
27 15
27 17
27 18
27 20
27 21
27 23
27 24
27 28
27 29
27 32
27 33
27 34
27 35
27 36
27 37
27 39
27 40
27 41
27 43
27 44
27 48
27 49
27 50
27 59
27 64
27 70
27 73
27 254
28 1
28 2
28 3
28 4
28 5
28 6
28 7
28 8
28 9
28 10
28 11
28 12
28 13
28 14
28 15
28 16
28 17
28 18
28 19
28 20
28 21
28 23
28 25
28 27
28 29
28 30
28 31
28 33
28 34
28 35
28 36
28 37
28 38
28 40
28 41
28 42
28 45
28 47
28 48
28 51
28 52
28 54
28 55
28 61
28 62
28 63
28 65
28 68
28 71
28 72
28 74
28 75
28 76
28 77
28 79
28 81
28 87
28 88
28 90
28 91
28 94
28 95
28 96
28 98
28 100
28 101
28 111
28 129
28 132
28 158
28 178
28 188
28 191
28 380
28 422
29 1
29 2
29 3
29 4
29 5
29 6
29 7
29 8
29 9
29 10
29 11
29 13
29 14
29 15
29 18
29 19
29 20
29 21
29 22
29 23
29 25
29 26
29 27
29 28
29 30
29 31
29 35
29 36
29 38
29 40
29 42
29 51
29 53
29 54
29 56
29 57
29 61
29 62
29 65
29 72
29 76
29 81
29 98
29 100
30 1
30 2
30 3
30 4
30 5
30 6
30 7
30 8
30 9
30 10
30 11
30 12
30 13
30 14
30 15
30 16
30 17
30 18
30 19
30 20
30 21
30 22
30 24
30 25
30 26
30 28
30 29
30 31
30 37
30 38
30 40
30 41
30 42
30 51
30 55
30 61
30 99
30 112
30 144
30 182
30 196
30 341
31 1
31 2
31 3
31 4
31 5
31 6
31 7
31 8
31 9
31 10
31 11
31 12
31 15
31 16
31 17
31 18
31 19
31 20
31 21
31 22
31 24
31 25
31 26
31 28
31 29
31 30
31 33
31 37
31 38
31 40
31 41
31 42
31 45
31 51
31 52
31 54
31 55
31 71
31 84
31 99
31 104
31 112
31 134
31 141
31 144
31 341
32 2
32 3
32 4
32 5
32 6
32 7
32 8
32 10
32 11
32 13
32 14
32 17
32 23
32 27
32 34
32 35
32 36
32 43
32 44
32 53
32 59
32 60
32 80
32 83
32 102
32 197
32 205
32 291
33 1
33 2
33 3
33 4
33 5
33 6
33 7
33 8
33 9
33 10
33 11
33 12
33 13
33 14
33 15
33 16
33 17
33 18
33 19
33 20
33 21
33 22
33 23
33 24
33 25
33 26
33 27
33 28
33 31
33 34
33 35
33 36
33 37
33 38
33 39
33 40
33 41
33 42
33 43
33 44
33 45
33 48
33 49
33 50
33 52
33 54
33 61
33 66
33 67
33 69
33 71
33 78
33 82
33 86
33 92
33 104
33 106
33 117
33 125
33 164
33 195
33 333
33 340
33 360
33 409
33 455
33 462
34 1
34 2
34 3
34 4
34 5
34 6
34 7
34 8
34 9
34 10
34 11
34 13
34 14
34 17
34 18
34 23
34 27
34 28
34 32
34 33
34 35
34 36
34 43
34 44
34 49
34 53
34 56
34 58
34 60
34 70
34 73
34 75
34 110
34 113
34 122
34 145
34 159
34 160
34 161
34 198
34 210
34 243
34 254
34 307
34 308
34 315
35 1
35 2
35 3
35 4
35 5
35 6
35 8
35 9
35 11
35 14
35 17
35 23
35 24
35 27
35 28
35 29
35 32
35 33
35 34
35 36
35 39
35 40
35 41
35 43
35 44
35 49
35 53
35 58
35 59
35 60
35 73
35 75
35 83
35 98
35 243
36 1
36 2
36 3
36 4
36 5
36 6
36 7
36 8
36 9
36 10
36 11
36 14
36 17
36 20
36 23
36 24
36 27
36 28
36 29
36 32
36 33
36 34
36 35
36 43
36 48
36 53
36 58
36 59
36 60
36 70
36 73
36 110
36 126
36 254
37 1
37 2
37 3
37 4
37 5
37 6
37 7
37 8
37 9
37 10
37 11
37 12
37 13
37 14
37 15
37 16
37 17
37 18
37 19
37 20
37 21
37 25
37 26
37 27
37 28
37 30
37 31
37 33
37 38
37 40
37 41
37 42
37 45
37 47
37 48
37 50
37 52
37 55
37 57
37 61
37 63
37 66
37 67
37 68
37 69
37 78
37 85
37 86
37 88
37 89
37 91
37 92
37 93
37 97
37 99
37 103
37 107
37 116
37 117
37 123
37 125
37 130
37 131
37 134
37 136
37 139
37 147
37 150
37 162
37 168
37 180
37 181
37 190
37 194
37 209
37 220
37 224
37 276
37 279
37 301
37 302
37 383
37 413
37 425
38 1
38 2
38 3
38 4
38 5
38 6
38 7
38 8
38 9
38 10
38 11
38 12
38 13
38 15
38 16
38 17
38 18
38 19
38 20
38 21
38 22
38 24
38 25
38 26
38 28
38 29
38 30
38 31
38 33
38 37
38 40
38 41
38 42
38 45
38 47
38 51
38 52
38 54
38 55
38 57
38 61
38 62
38 63
38 65
38 71
38 72
38 74
38 76
38 79
38 81
38 84
38 85
38 87
38 88
38 89
38 91
38 94
38 95
38 96
38 100
38 103
38 104
38 111
38 112
38 128
38 129
39 1
39 3
39 4
39 5
39 9
39 10
39 16
39 18
39 19
39 22
39 24
39 25
39 27
39 33
39 35
39 40
39 41
39 46
39 48
39 49
39 50
39 64
39 67
39 68
39 69
39 78
39 93
39 108
39 121
39 124
40 1
40 2
40 3
40 4
40 5
40 6
40 7
40 8
40 9
40 10
40 11
40 12
40 13
40 15
40 16
40 17
40 18
40 19
40 21
40 22
40 25
40 26
40 27
40 28
40 29
40 30
40 31
40 33
40 35
40 37
40 38
40 39
40 41
40 45
40 46
40 55
40 68
40 78
40 97
40 130
41 1
41 2
41 3
41 4
41 5
41 6
41 7
41 8
41 9
41 10
41 11
41 12
41 14
41 15
41 16
41 17
41 18
41 19
41 20
41 21
41 22
41 24
41 25
41 26
41 27
41 28
41 30
41 31
41 33
41 35
41 37
41 38
41 39
41 40
41 42
41 45
41 47
41 48
41 50
41 51
41 52
41 53
41 54
41 55
41 57
41 67
41 68
41 69
41 71
41 78
41 84
41 147
41 290
42 1
42 2
42 3
42 5
42 7
42 8
42 9
42 10
42 11
42 12
42 15
42 16
42 17
42 18
42 19
42 20
42 21
42 22
42 24
42 25
42 26
42 28
42 29
42 30
42 31
42 33
42 37
42 38
42 41
42 47
42 48
42 50
42 51
42 52
42 55
42 65
42 77
42 88
42 90
42 96
42 137
42 296
43 1
43 2
43 3
43 4
43 5
43 6
43 7
43 8
43 9
43 10
43 11
43 13
43 14
43 17
43 21
43 23
43 27
43 32
43 33
43 34
43 35
43 36
43 44
43 53
43 59
43 122
44 1
44 2
44 3
44 4
44 5
44 6
44 7
44 9
44 10
44 11
44 13
44 14
44 23
44 27
44 32
44 33
44 34
44 35
44 43
44 50
44 53
44 60
44 63
44 69
44 73
44 110
44 210
44 243
44 254
45 1
45 2
45 3
45 4
45 5
45 6
45 7
45 8
45 9
45 10
45 11
45 12
45 15
45 16
45 17
45 18
45 19
45 20
45 21
45 22
45 24
45 25
45 26
45 28
45 31
45 33
45 37
45 38
45 40
45 41
45 47
45 52
45 55
45 61
45 63
45 79
45 112
45 128
45 133
45 166
46 1
46 11
46 39
46 40
46 48
46 49
46 50
46 64
46 67
46 69
46 78
46 105
46 108
46 114
47 1
47 2
47 3
47 4
47 5
47 6
47 7
47 8
47 9
47 10
47 11
47 12
47 15
47 16
47 17
47 18
47 19
47 20
47 21
47 22
47 24
47 25
47 26
47 28
47 37
47 38
47 41
47 42
47 45
47 51
47 52
47 61
47 79
47 85
48 1
48 2
48 3
48 4
48 5
48 6
48 7
48 9
48 10
48 11
48 17
48 18
48 19
48 22
48 23
48 25
48 27
48 28
48 33
48 36
48 37
48 39
48 41
48 42
48 46
48 50
48 64
48 105
48 108
48 124
49 1
49 2
49 3
49 4
49 5
49 6
49 7
49 9
49 10
49 11
49 14
49 18
49 19
49 22
49 23
49 24
49 25
49 27
49 33
49 34
49 35
49 39
49 46
49 64
49 69
49 70
49 82
49 105
49 108
49 114
49 213
49 254
49 270
49 339
49 370
49 376
49 467
49 495
49 499
49 500
50 1
50 2
50 3
50 4
50 5
50 6
50 7
50 8
50 9
50 10
50 11
50 17
50 18
50 19
50 22
50 23
50 25
50 27
50 33
50 37
50 39
50 41
50 42
50 44
50 46
50 48
50 64
50 124
50 254
51 1
51 2
51 3
51 5
51 6
51 7
51 8
51 9
51 10
51 12
51 15
51 17
51 18
51 19
51 21
51 22
51 24
51 25
51 26
51 28
51 29
51 30
51 31
51 38
51 41
51 42
51 47
51 52
51 57
51 62
51 72
51 76
51 81
52 1
52 2
52 3
52 4
52 5
52 6
52 7
52 8
52 9
52 10
52 11
52 12
52 13
52 15
52 16
52 17
52 18
52 19
52 20
52 21
52 22
52 24
52 25
52 26
52 28
52 31
52 33
52 37
52 38
52 41
52 42
52 45
52 47
52 51
52 61
52 63
52 66
52 79
52 85
52 86
52 89
52 116
52 120
52 127
52 138
52 143
52 183
52 192
52 228
52 254
52 274
52 294
52 423
53 1
53 2
53 3
53 4
53 5
53 6
53 7
53 9
53 10
53 11
53 14
53 23
53 29
53 32
53 34
53 35
53 36
53 41
53 43
53 44
53 159
54 1
54 2
54 5
54 7
54 8
54 12
54 15
54 16
54 17
54 18
54 19
54 21
54 22
54 24
54 25
54 26
54 28
54 29
54 31
54 33
54 38
54 41
54 72
54 84
54 179
54 212
54 242
55 1
55 2
55 3
55 7
55 8
55 10
55 11
55 12
55 15
55 16
55 17
55 18
55 19
55 22
55 25
55 26
55 28
55 30
55 31
55 37
55 38
55 40
55 41
55 42
55 45
55 65
55 68
55 84
55 99
55 235
56 1
56 2
56 3
56 4
56 6
56 7
56 8
56 10
56 11
56 13
56 14
56 17
56 23
56 29
56 34
56 109
56 115
56 170
56 185
56 193
56 216
56 222
56 233
56 248
56 250
56 262
56 287
56 300
56 313
56 330
56 331
56 386
56 416
56 450
57 1
57 2
57 3
57 8
57 11
57 12
57 15
57 16
57 17
57 18
57 19
57 20
57 21
57 22
57 25
57 26
57 29
57 37
57 38
57 41
57 51
57 84
57 99
57 141
58 2
58 3
58 4
58 5
58 6
58 7
58 8
58 9
58 11
58 13
58 14
58 23
58 34
58 35
58 36
58 73
58 247
59 3
59 4
59 5
59 10
59 13
59 14
59 27
59 32
59 35
59 36
59 43
59 80
59 83
59 102
59 197
59 205
60 3
60 5
60 6
60 9
60 13
60 14
60 32
60 34
60 35
60 36
60 44
61 1
61 2
61 3
61 6
61 7
61 8
61 10
61 11
61 12
61 15
61 16
61 17
61 18
61 19
61 20
61 21
61 22
61 24
61 25
61 28
61 29
61 30
61 33
61 37
61 38
61 45
61 47
61 52
61 141
61 144
62 1
62 2
62 3
62 5
62 7
62 8
62 9
62 12
62 15
62 16
62 17
62 18
62 19
62 20
62 21
62 22
62 24
62 26
62 28
62 29
62 38
62 51
62 72
62 76
62 81
62 94
62 96
62 188
63 1
63 2
63 3
63 5
63 7
63 8
63 9
63 10
63 11
63 12
63 13
63 15
63 16
63 17
63 18
63 19
63 21
63 22
63 24
63 25
63 26
63 28
63 37
63 38
63 44
63 45
63 52
63 68
63 79
63 103
64 1
64 2
64 3
64 4
64 5
64 6
64 9
64 11
64 23
64 27
64 39
64 46
64 48
64 49
64 50
64 105
64 108
64 254
65 1
65 2
65 3
65 8
65 9
65 10
65 11
65 12
65 15
65 16
65 17
65 18
65 19
65 20
65 21
65 22
65 26
65 28
65 29
65 38
65 42
65 55
65 74
65 140
66 1
66 2
66 3
66 5
66 6
66 7
66 8
66 9
66 10
66 11
66 17
66 18
66 19
66 21
66 23
66 24
66 26
66 33
66 37
66 52
66 254
67 1
67 2
67 3
67 4
67 5
67 6
67 7
67 9
67 10
67 11
67 18
67 23
67 33
67 37
67 39
67 41
67 46
67 69
67 82
68 1
68 2
68 3
68 5
68 8
68 9
68 10
68 11
68 12
68 15
68 16
68 17
68 18
68 19
68 21
68 22
68 24
68 25
68 28
68 37
68 39
68 40
68 41
68 55
68 63
68 107
69 1
69 2
69 3
69 5
69 6
69 7
69 9
69 10
69 11
69 17
69 18
69 22
69 23
69 33
69 37
69 39
69 41
69 44
69 46
69 49
69 67
69 82
70 1
70 2
70 3
70 4
70 5
70 6
70 7
70 9
70 11
70 13
70 14
70 18
70 23
70 27
70 34
70 36
70 49
71 1
71 2
71 8
71 12
71 15
71 16
71 17
71 18
71 19
71 21
71 22
71 24
71 25
71 26
71 28
71 31
71 33
71 38
71 41
71 72
72 1
72 2
72 7
72 8
72 9
72 12
72 15
72 16
72 17
72 18
72 19
72 20
72 21
72 22
72 26
72 28
72 29
72 38
72 51
72 54
72 62
72 71
72 76
72 81
72 84
72 94
72 95
72 96
72 100
72 111
72 157
72 179
72 188
72 379
72 381
73 2
73 3
73 4
73 5
73 6
73 7
73 9
73 13
73 14
73 23
73 27
73 34
73 35
73 36
73 44
73 58
73 75
73 122
73 146
73 187
73 221
73 223
73 227
73 254
74 1
74 2
74 3
74 7
74 8
74 10
74 11
74 12
74 15
74 16
74 17
74 18
74 20
74 21
74 22
74 28
74 38
74 65
75 2
75 5
75 6
75 7
75 14
75 23
75 28
75 34
75 35
75 73
75 159
75 171
75 254
75 438
76 1
76 2
76 8
76 12
76 15
76 16
76 17
76 18
76 19
76 20
76 21
76 22
76 26
76 28
76 29
76 38
76 51
76 62
76 72
76 81
76 96
76 188
77 1
77 2
77 3
77 8
77 11
77 12
77 15
77 16
77 17
77 18
77 19
77 20
77 21
77 22
77 26
77 28
77 42
77 104
78 1
78 3
78 5
78 8
78 9
78 10
78 11
78 12
78 18
78 21
78 22
78 24
78 33
78 37
78 39
78 40
78 41
78 46
79 1
79 2
79 3
79 7
79 8
79 10
79 11
79 12
79 15
79 16
79 17
79 18
79 19
79 21
79 24
79 26
79 28
79 38
79 45
79 47
79 52
79 63
80 4
80 13
80 32
80 59
81 1
81 2
81 8
81 12
81 15
81 16
81 17
81 18
81 20
81 21
81 22
81 26
81 28
81 29
81 38
81 51
81 62
81 72
81 76
81 96
81 188
81 206
81 211
82 1
82 2
82 3
82 4
82 5
82 6
82 7
82 9
82 10
82 11
82 18
82 23
82 33
82 49
82 67
82 69
83 4
83 6
83 13
83 32
83 35
83 59
83 102
83 197
83 205
84 1
84 15
84 18
84 19
84 20
84 22
84 24
84 25
84 31
84 38
84 41
84 54
84 55
84 57
84 72
85 1
85 2
85 3
85 7
85 8
85 10
85 17
85 18
85 21
85 24
85 26
85 37
85 38
85 47
85 52
85 127
86 1
86 2
86 3
86 5
86 6
86 7
86 8
86 10
86 11
86 17
86 18
86 23
86 24
86 26
86 33
86 37
86 52
86 89
86 254
87 1
87 2
87 3
87 8
87 11
87 12
87 16
87 17
87 18
87 28
87 38
87 177
88 1
88 2
88 3
88 8
88 11
88 12
88 15
88 16
88 17
88 18
88 21
88 26
88 28
88 37
88 38
88 42
88 101
88 137
89 2
89 3
89 6
89 7
89 8
89 10
89 18
89 21
89 24
89 37
89 38
89 52
89 86
89 143
89 192
89 254
90 1
90 2
90 3
90 8
90 11
90 12
90 15
90 16
90 17
90 18
90 21
90 26
90 28
90 42
90 177
91 1
91 2
91 3
91 7
91 8
91 10
91 11
91 12
91 15
91 17
91 18
91 21
91 22
91 26
91 28
91 37
91 38
92 1
92 2
92 3
92 5
92 6
92 7
92 10
92 11
92 18
92 24
92 33
92 37
93 1
93 3
93 11
93 12
93 18
93 19
93 22
93 24
93 37
93 39
93 190
94 1
94 2
94 8
94 12
94 15
94 16
94 18
94 20
94 21
94 28
94 38
94 62
94 72
94 111
94 191
94 286
95 1
95 2
95 7
95 8
95 15
95 16
95 17
95 18
95 20
95 21
95 26
95 28
95 38
95 72
95 157
96 1
96 2
96 7
96 8
96 15
96 17
96 18
96 20
96 21
96 22
96 26
96 28
96 38
96 42
96 62
96 72
96 76
96 81
96 141
96 218
96 242
97 1
97 3
97 7
97 8
97 11
97 12
97 19
97 25
97 37
97 40
97 99
98 2
98 3
98 5
98 9
98 14
98 23
98 28
98 29
98 35
99 1
99 3
99 12
99 18
99 19
99 25
99 30
99 31
99 37
99 55
99 57
99 97
100 2
100 8
100 15
100 16
100 17
100 18
100 20
100 21
100 26
100 28
100 29
100 38
100 72
100 420
101 1
101 2
101 3
101 11
101 12
101 15
101 16
101 17
101 18
101 20
101 21
101 22
101 26
101 28
101 88
102 32
102 59
102 83
102 197
103 1
103 2
103 8
103 10
103 11
103 12
103 15
103 17
103 18
103 21
103 24
103 37
103 38
103 63
104 1
104 2
104 8
104 12
104 16
104 17
104 18
104 20
104 31
104 33
104 38
104 77
104 141
105 3
105 9
105 11
105 46
105 48
105 49
105 64
105 254
106 2
106 3
106 6
106 7
106 8
106 10
106 18
106 21
106 24
106 33
106 254
107 1
107 2
107 3
107 11
107 12
107 18
107 19
107 26
107 37
107 68
107 190
108 3
108 9
108 11
108 39
108 46
108 48
108 49
108 64
108 254
109 7
109 14
109 56
109 230
109 300
109 330
109 351
109 355
109 356
109 488
109 489
109 493
110 1
110 2
110 3
110 4
110 5
110 6
110 7
110 9
110 11
110 13
110 14
110 23
110 34
110 36
110 44
111 1
111 2
111 8
111 12
111 15
111 18
111 20
111 21
111 28
111 38
111 72
111 94
111 188
111 196
111 231
112 1
112 8
112 12
112 17
112 18
112 24
112 25
112 30
112 31
112 38
112 45
113 3
113 4
113 5
113 6
113 9
113 13
113 14
113 23
113 34
113 448
114 3
114 6
114 9
114 11
114 46
114 49
114 254
115 14
115 56
115 149
115 204
115 257
115 260
115 266
115 318
115 363
115 371
115 476
116 1
116 2
116 6
116 7
116 8
116 10
116 24
116 37
116 52
116 153
117 1
117 2
117 3
117 10
117 11
117 12
117 16
117 33
117 37
118 1
118 2
118 7
118 8
118 10
118 18
118 21
118 24
119 1
119 2
119 8
119 12
119 18
119 19
119 21
119 434
120 2
120 7
120 8
120 18
120 52
120 143
120 183
120 423
121 1
121 3
121 11
121 39
122 5
122 6
122 7
122 14
122 23
122 34
122 43
122 73
122 146
122 159
122 171
122 195
122 238
122 254
122 377
122 431
122 432
122 464
122 474
123 1
123 2
123 3
123 11
123 12
123 26
123 37
124 3
124 7
124 11
124 39
124 48
124 50
124 254
125 2
125 3
125 6
125 7
125 8
125 10
125 33
125 37
125 254
126 4
126 5
126 6
126 9
126 13
126 23
126 36
127 1
127 7
127 8
127 18
127 19
127 24
127 52
127 85
127 274
128 1
128 2
128 3
128 8
128 10
128 18
128 21
128 38
128 45
129 1
129 2
129 8
129 11
129 12
129 15
129 18
129 21
129 22
129 26
129 28
129 38
130 1
130 3
130 10
130 11
130 37
130 40
131 1
131 3
131 11
131 12
131 37
132 1
132 2
132 8
132 12
132 15
132 16
132 18
132 21
132 28
132 158
133 1
133 2
133 8
133 18
133 21
133 24
133 45
134 1
134 11
134 25
134 31
134 37
135 2
135 6
135 7
135 10
136 1
136 3
136 18
136 19
136 25
136 37
136 180
137 1
137 12
137 17
137 18
137 42
137 88
138 2
138 7
138 8
138 18
138 21
138 52
138 423
139 1
139 2
139 12
139 18
139 37
140 1
140 12
140 15
140 16
140 19
140 26
140 65
141 8
141 15
141 18
141 19
141 22
141 25
141 31
141 57
141 61
141 96
141 104
141 217
141 218
141 242
142 2
142 7
142 8
142 18
142 21
143 2
143 7
143 8
143 18
143 52
143 89
143 120
143 228
144 1
144 19
144 25
144 30
144 31
144 61
144 341
145 4
145 5
145 6
145 13
145 14
145 34
145 254
146 6
146 7
146 14
146 23
146 73
146 122
146 159
146 171
146 195
147 1
147 12
147 18
147 21
147 37
147 41
148 4
148 6
148 7
148 8
148 14
148 20
148 23
148 225
149 14
149 115
149 204
149 267
149 327
149 332
149 387
149 452
149 468
150 1
150 2
150 8
150 10
150 18
150 21
150 37
151 2
151 7
151 8
151 21
152 1
152 2
152 15
152 18
152 21
153 1
153 2
153 6
153 7
153 8
153 10
153 116
153 156
154 2
154 6
154 7
154 254
155 1
155 12
156 1
156 2
156 7
156 8
156 10
156 19
156 153
156 200
157 15
157 16
157 18
157 20
157 22
157 72
157 95
157 196
157 217
158 1
158 12
158 15
158 16
158 18
158 21
158 28
158 132
159 7
159 14
159 23
159 34
159 53
159 75
159 122
159 146
159 171
159 195
159 254
160 6
160 9
160 14
160 23
160 34
160 254
160 315
161 4
161 5
161 13
161 14
161 34
162 1
162 3
162 12
162 37
163 3
163 11
164 2
164 6
164 7
164 10
164 33
165 2
165 7
165 8
165 16
165 274
166 19
166 24
166 45
166 196
166 217
166 341
166 391
167 2
167 7
167 254
168 4
168 5
168 6
168 7
168 13
168 37
169 6
169 7
169 23
170 56
170 313
170 396
170 411
170 435
170 441
170 442
170 443
170 449
170 450
170 451
170 454
170 472
170 492
171 7
171 14
171 23
171 75
171 122
171 146
171 159
171 195
172 2
172 7
172 254
172 321
172 359
173 1
173 17
173 18
173 19
173 25
173 174
174 1
174 18
174 19
174 25
174 173
175 1
175 2
175 3
175 6
175 7
175 11
175 23
176 4
176 5
176 13
177 1
177 12
177 87
177 90
178 1
178 2
178 15
178 18
178 28
179 15
179 16
179 17
179 20
179 26
179 54
179 72
179 212
179 218
179 242
179 367
180 1
180 18
180 19
180 25
180 37
180 136
181 3
181 11
181 37
181 276
182 1
182 2
182 3
182 4
182 6
182 7
182 8
182 11
182 13
182 16
182 17
182 18
182 30
183 2
183 7
183 8
183 52
183 120
183 228
184 1
184 12
185 56
185 193
185 330
185 348
185 349
185 354
185 362
185 401
185 402
185 418
185 436
185 437
185 444
185 447
186 4
186 5
186 13
187 6
187 23
187 73
187 227
188 8
188 15
188 21
188 28
188 62
188 72
188 76
188 81
188 111
188 206
188 211
189 8
189 21
190 1
190 3
190 11
190 37
190 93
190 107
190 383
191 8
191 15
191 21
191 28
191 94
191 434
192 2
192 7
192 52
192 89
192 254
192 265
193 56
193 185
193 394
193 395
193 397
193 405
193 445
193 456
193 487
193 488
193 489
193 497
193 498
194 2
194 10
194 24
194 37
194 319
195 14
195 23
195 33
195 122
195 146
195 159
195 171
196 17
196 22
196 30
196 111
196 157
196 166
196 217
196 231
196 341
196 391
197 32
197 59
197 83
197 102
197 205
198 13
198 14
198 34
199 6
199 7
199 254
199 392
200 2
200 8
200 10
200 156
201 5
201 6
201 23
202 3
202 11
203 1
203 12
204 14
204 115
204 149
205 32
205 59
205 83
205 197
206 8
206 15
206 20
206 21
206 81
206 188
206 211
207 1
207 12
208 7
208 254
208 406
209 3
209 11
209 37
209 224
210 13
210 34
210 44
210 243
210 368
211 15
211 16
211 20
211 21
211 81
211 188
211 206
212 16
212 20
212 54
212 179
212 242
213 3
213 5
213 6
213 11
213 49
213 270
214 2
214 3
214 6
214 7
214 11
214 17
215 4
215 5
215 13
216 56
217 22
217 141
217 157
217 166
217 196
217 218
217 231
217 242
218 15
218 16
218 17
218 96
218 141
218 179
218 217
218 242
218 282
219 3
219 11
220 3
220 10
220 37
221 4
221 14
221 23
221 73
222 56
222 248
223 14
223 73
223 249
224 1
224 37
224 209
224 279
225 14
225 23
225 148
225 254
226 1
226 12
227 14
227 23
227 73
227 187
227 254
228 2
228 8
228 52
228 143
228 183
228 275
228 423
229 1
229 12
229 15
229 21
230 109
230 415
230 483
230 484
231 1
231 2
231 15
231 111
231 196
231 217
232 7
232 10
233 56
233 248
234 2
234 3
234 5
234 6
234 11
234 17
235 12
235 55
236 1
237 12
238 6
238 23
238 122
238 377
239 15
239 21
239 22
239 26
240 1
240 12
240 21
241 3
241 11
242 15
242 16
242 17
242 20
242 22
242 26
242 54
242 96
242 141
242 179
242 212
242 217
242 218
242 367
243 13
243 34
243 35
243 44
243 210
244 7
244 254
245 14
245 254
246 14
246 254
247 23
247 58
248 56
248 222
248 233
249 14
249 223
250 56
250 266
251 3
251 11
252 4
252 5
253 11
254 3
254 5
254 6
254 7
254 9
254 11
254 13
254 14
254 23
254 27
254 34
254 36
254 44
254 49
254 50
254 52
254 64
254 66
254 73
254 75
254 86
254 89
254 105
254 106
254 108
254 114
254 122
254 124
254 125
254 145
254 154
254 159
254 160
254 167
254 172
254 192
254 199
254 208
254 225
254 227
254 244
254 245
254 246
254 258
254 280
254 284
254 288
254 344
255 3
256 3
257 115
257 318
257 371
258 3
258 254
259 4
259 5
260 115
260 267
260 476
261 1
261 299
262 56
263 7
263 324
263 347
264 2
264 7
264 10
265 2
265 7
265 192
266 115
266 250
267 149
267 260
268 7
268 271
268 288
268 407
269 11
270 5
270 6
270 49
270 213
270 329
271 7
271 268
271 321
271 406
272 7
272 294
273 3
274 2
274 8
274 52
274 127
274 165
275 7
275 228
276 1
276 37
276 181
276 425
277 3
278 11
279 37
279 224
280 3
280 254
281 21
281 22
282 21
282 218
283 1
284 3
284 254
285 7
285 343
286 15
286 21
286 94
287 56
287 350
287 485
288 7
288 254
288 268
288 321
288 359
289 14
290 3
290 6
290 11
290 41
291 32
292 304
292 309
292 480
292 482
293 12
294 7
294 52
294 272
295 5
296 12
296 42
297 4
298 8
298 365
299 1
299 261
300 56
300 109
300 351
300 355
300 402
300 403
300 493
301 10
301 37
302 10
302 37
303 1
304 292
304 309
305 15
306 13
306 23
307 34
308 34
309 292
309 304
310 14
311 4
312 14
313 56
313 170
313 396
313 416
313 451
314 8
314 423
315 34
315 160
316 6
317 3
318 115
318 257
319 10
319 194
320 10
321 7
321 172
321 271
321 288
321 359
322 6
322 23
322 417
322 430
322 446
323 15
323 21
324 7
324 263
324 347
325 13
326 21
326 335
327 149
327 332
327 387
328 18
328 21
328 337
329 5
329 6
329 270
330 56
330 109
330 185
330 349
330 402
330 416
330 418
330 433
330 447
331 56
332 149
332 327
332 452
333 33
334 13
335 21
335 326
335 393
336 20
336 382
336 408
337 21
337 328
338 11
339 6
339 49
340 6
340 33
340 360
340 364
341 25
341 30
341 31
341 144
341 166
341 196
342 7
342 466
343 285
344 5
344 14
344 254
345 21
345 412
345 479
346 6
346 446
347 6
347 7
347 263
347 324
348 185
348 362
349 185
349 330
349 353
349 402
349 436
350 287
350 485
350 496
351 109
351 300
351 403
351 493
352 4
353 349
353 354
354 185
354 353
354 437
355 109
355 300
355 403
355 493
356 109
357 9
358 20
359 7
359 172
359 288
359 321
360 33
360 340
360 364
361 3
361 494
362 185
362 348
362 444
363 115
364 6
364 340
364 360
365 298
366 21
367 179
367 242
368 13
368 210
369 4
370 49
370 499
371 115
371 257
372 6
372 390
373 2
373 423
373 427
374 21
375 23
376 49
377 6
377 122
377 238
377 404
378 3
378 6
378 440
379 72
379 420
380 21
380 28
380 422
381 15
381 16
381 72
381 414
382 20
382 336
383 37
383 190
384 21
384 424
384 429
385 6
385 457
386 56
387 149
387 327
388 3
389 6
389 392
390 6
390 372
390 457
391 166
391 196
392 199
392 389
392 464
393 21
393 335
394 193
394 395
394 405
394 488
395 193
395 394
395 405
395 497
396 170
396 313
396 451
397 193
397 456
397 483
398 5
399 1
399 12
399 21
400 10
401 185
401 437
401 444
402 185
402 300
402 330
402 349
402 418
403 300
403 351
403 355
403 493
404 6
404 377
405 193
405 394
405 395
405 487
406 208
406 271
407 7
407 268
408 20
408 336
409 6
409 33
409 455
410 411
410 435
411 170
411 410
412 345
412 479
413 37
414 20
414 381
415 230
415 483
415 484
416 56
416 313
416 330
416 450
416 491
416 492
417 6
417 322
418 185
418 330
418 402
419 8
419 10
420 100
420 379
421 5
421 460
422 21
422 28
422 380
423 52
423 120
423 138
423 228
423 314
423 373
424 21
424 384
425 37
425 276
426 7
427 7
427 373
428 2
429 21
429 384
430 6
430 322
431 122
431 464
432 122
433 330
433 447
434 8
434 119
434 191
435 170
435 410
435 472
436 185
436 349
436 437
437 185
437 354
437 401
437 436
437 444
438 14
438 75
439 6
439 465
440 3
440 378
441 170
441 442
441 443
442 170
442 441
442 443
443 170
443 441
443 442
444 185
444 362
444 401
444 437
445 193
445 456
446 6
446 322
446 346
447 185
447 330
447 433
448 4
448 113
449 170
449 454
450 56
450 170
450 416
450 491
451 170
451 313
451 396
452 149
452 332
453 15
454 170
454 449
455 33
455 409
456 193
456 397
456 445
457 385
457 390
458 10
459 10
460 6
460 421
461 21
462 33
463 21
464 122
464 392
464 431
465 6
465 439
466 342
467 49
468 149
469 10
470 6
471 10
472 170
472 435
473 10
474 122
475 6
476 115
476 260
477 6
478 6
479 345
479 412
480 292
480 482
481 12
482 14
482 292
482 480
483 230
483 397
483 415
483 484
484 230
484 415
484 483
485 287
485 350
485 496
486 6
487 193
487 405
487 488
487 489
488 109
488 193
488 394
488 487
488 489
489 109
489 193
489 487
489 488
490 3
491 416
491 450
491 492
492 170
492 416
492 491
493 109
493 300
493 351
493 355
493 403
494 361
495 49
496 350
496 485
497 193
497 395
497 498
498 193
498 497
499 49
499 370
500 49