Loading graph from files:
    
    clique_150.txt
  ...graph loaded. It has 150 nodes and 11175 edges, 0 of which are self-loops.

The original graph has log2_aut = 872.86
Running for 150 iterations per trial...
Trial 0 for (noise-, noise+) = (0.55718, -nan)


Adding: 

Removing: (0, 2), (0, 6), (0, 10), (0, 12), (0, 13), (0, 15), (0, 19), (0, 20), (0, 21), (0, 22), (0, 23), (0, 24), (0, 26), (0, 27), (0, 29), (0, 30), (0, 31), (0, 33), (0, 34), (0, 35), (0, 37), (0, 38), (0, 42), (0, 43), (0, 44), (0, 47), (0, 50), (0, 51), (0, 53), (0, 54), (0, 55), (0, 57), (0, 59), (0, 62), (0, 64), (0, 66), (0, 67), (0, 73), (0, 75), (0, 77), (0, 78), (0, 79), (0, 80), (0, 82), (0, 84), (0, 85), (0, 86), (0, 88), (0, 90), (0, 91), (0, 92), (0, 93), (0, 94), (0, 97), (0, 99), (0, 100), (0, 101), (0, 102), (0, 103), (0, 104), (0, 107), (0, 108), (0, 110), (0, 111), (0, 112), (0, 113), (0, 114), (0, 116), (0, 119), (0, 123), (0, 124), (0, 125), (0, 126), (0, 129), (0, 130), (0, 131), (0, 132), (0, 133), (0, 134), (0, 135), (0, 136), (0, 137), (0, 141), (0, 143), (0, 144), (0, 146), (0, 147), (0, 148), (0, 149), (1, 4), (1, 7), (1, 8), (1, 9), (1, 10), (1, 11), (1, 12), (1, 13), (1, 14), (1, 15), (1, 17), (1, 19), (1, 21), (1, 24), (1, 26), (1, 29), (1, 30), (1, 31), (1, 33), (1, 34), (1, 36), (1, 39), (1, 40), (1, 43), (1, 44), (1, 45), (1, 47), (1, 48), (1, 49), (1, 50), (1, 51), (1, 52), (1, 53), (1, 55), (1, 58), (1, 60), (1, 61), (1, 63), (1, 65), (1, 66), (1, 67), (1, 68), (1, 72), (1, 73), (1, 79), (1, 80), (1, 81), (1, 82), (1, 84), (1, 86), (1, 95), (1, 96), (1, 98), (1, 99), (1, 100), (1, 101), (1, 103), (1, 106), (1, 108), (1, 110), (1, 111), (1, 113), (1, 115), (1, 117), (1, 120), (1, 121), (1, 123), (1, 124), (1, 126), (1, 127), (1, 128), (1, 131), (1, 136), (1, 137), (1, 138), (1, 140), (1, 141), (1, 143), (1, 144), (1, 146), (1, 147), (1, 148), (2, 3), (2, 5), (2, 7), (2, 10), (2, 11), (2, 12), (2, 15), (2, 16), (2, 20), (2, 23), (2, 24), (2, 27), (2, 28), (2, 29), (2, 30), (2, 32), (2, 33), (2, 35), (2, 36), (2, 39), (2, 40), (2, 41), (2, 42), (2, 44), (2, 45), (2, 46), (2, 47), (2, 50), (2, 51), (2, 52), (2, 54), (2, 57), (2, 59), (2, 62), (2, 64), (2, 65), (2, 67), (2, 68), (2, 69), (2, 70), (2, 71), (2, 72), (2, 74), (2, 75), (2, 76), (2, 77), (2, 79), (2, 80), (2, 81), (2, 82), (2, 84), (2, 86), (2, 87), (2, 89), (2, 90), (2, 91), (2, 94), (2, 96), (2, 98), (2, 99), (2, 102), (2, 105), (2, 107), (2, 108), (2, 111), (2, 113), (2, 118), (2, 119), (2, 121), (2, 122), (2, 123), (2, 124), (2, 125), (2, 126), (2, 128), (2, 131), (2, 133), (2, 134), (2, 135), (2, 137), (2, 138), (2, 139), (2, 141), (2, 143), (2, 144), (2, 148), (2, 149), (3, 4), (3, 6), (3, 7), (3, 11), (3, 12), (3, 15), (3, 16), (3, 18), (3, 19), (3, 21), (3, 22), (3, 23), (3, 24), (3, 25), (3, 26), (3, 27), (3, 29), (3, 31), (3, 33), (3, 34), (3, 35), (3, 36), (3, 37), (3, 38), (3, 40), (3, 41), (3, 43), (3, 47), (3, 48), (3, 49), (3, 50), (3, 51), (3, 53), (3, 55), (3, 56), (3, 57), (3, 61), (3, 62), (3, 63), (3, 66), (3, 67), (3, 70), (3, 72), (3, 78), (3, 82), (3, 83), (3, 84), (3, 85), (3, 88), (3, 89), (3, 90), (3, 91), (3, 92), (3, 93), (3, 98), (3, 99), (3, 102), (3, 104), (3, 105), (3, 106), (3, 107), (3, 110), (3, 112), (3, 113), (3, 114), (3, 115), (3, 117), (3, 119), (3, 122), (3, 125), (3, 126), (3, 127), (3, 132), (3, 133), (3, 134), (3, 136), (3, 137), (3, 138), (3, 139), (3, 141), (3, 143), (3, 144), (3, 149), (4, 5), (4, 9), (4, 10), (4, 13), (4, 14), (4, 18), (4, 19), (4, 20), (4, 21), (4, 22), (4, 26), (4, 27), (4, 29), (4, 33), (4, 36), (4, 39), (4, 40), (4, 42), (4, 43), (4, 44), (4, 45), (4, 46), (4, 47), (4, 49), (4, 50), (4, 51), (4, 52), (4, 53), (4, 54), (4, 56), (4, 58), (4, 61), (4, 62), (4, 63), (4, 64), (4, 67), (4, 69), (4, 70), (4, 71), (4, 72), (4, 73), (4, 75), (4, 76), (4, 79), (4, 80), (4, 81), (4, 82), (4, 83), (4, 84), (4, 85), (4, 87), (4, 88), (4, 89), (4, 90), (4, 91), (4, 93), (4, 94), (4, 96), (4, 98), (4, 101), (4, 103), (4, 104), (4, 105), (4, 106), (4, 108), (4, 109), (4, 110), (4, 111), (4, 112), (4, 113), (4, 114), (4, 115), (4, 116), (4, 117), (4, 120), (4, 122), (4, 124), (4, 127), (4, 128), (4, 129), (4, 130), (4, 132), (4, 134), (4, 135), (4, 136), (4, 137), (4, 139), (4, 140), (4, 141), (4, 142), (4, 143), (4, 144), (4, 145), (4, 146), (4, 147), (4, 149), (5, 6), (5, 8), (5, 10), (5, 12), (5, 14), (5, 15), (5, 18), (5, 21), (5, 22), (5, 24), (5, 25), (5, 26), (5, 28), (5, 29), (5, 30), (5, 35), (5, 36), (5, 37), (5, 38), (5, 39), (5, 40), (5, 41), (5, 42), (5, 43), (5, 44), (5, 45), (5, 46), (5, 47), (5, 48), (5, 49), (5, 53), (5, 54), (5, 55), (5, 56), (5, 58), (5, 59), (5, 61), (5, 64), (5, 65), (5, 67), (5, 72), (5, 73), (5, 74), (5, 75), (5, 76), (5, 78), (5, 79), (5, 80), (5, 81), (5, 82), (5, 85), (5, 87), (5, 88), (5, 89), (5, 90), (5, 91), (5, 93), (5, 94), (5, 97), (5, 98), (5, 99), (5, 100), (5, 101), (5, 102), (5, 106), (5, 107), (5, 108), (5, 109), (5, 110), (5, 111), (5, 112), (5, 113), (5, 114), (5, 116), (5, 117), (5, 120), (5, 121), (5, 126), (5, 127), (5, 128), (5, 129), (5, 130), (5, 131), (5, 132), (5, 133), (5, 139), (5, 141), (5, 142), (5, 143), (5, 144), (5, 146), (5, 147), (6, 9), (6, 10), (6, 11), (6, 12), (6, 14), (6, 15), (6, 17), (6, 18), (6, 19), (6, 20), (6, 22), (6, 25), (6, 27), (6, 29), (6, 31), (6, 33), (6, 34), (6, 35), (6, 36), (6, 38), (6, 39), (6, 41), (6, 42), (6, 43), (6, 44), (6, 46), (6, 47), (6, 48), (6, 49), (6, 50), (6, 51), (6, 54), (6, 55), (6, 56), (6, 57), (6, 58), (6, 59), (6, 60), (6, 62), (6, 63), (6, 67), (6, 68), (6, 69), (6, 71), (6, 72), (6, 73), (6, 76), (6, 78), (6, 79), (6, 81), (6, 85), (6, 86), (6, 87), (6, 89), (6, 91), (6, 92), (6, 94), (6, 95), (6, 96), (6, 98), (6, 99), (6, 100), (6, 101), (6, 102), (6, 103), (6, 104), (6, 105), (6, 107), (6, 109), (6, 110), (6, 111), (6, 113), (6, 114), (6, 115), (6, 116), (6, 118), (6, 119), (6, 124), (6, 126), (6, 129), (6, 131), (6, 132), (6, 134), (6, 137), (6, 140), (6, 141), (6, 147), (6, 148), (6, 149), (7, 8), (7, 9), (7, 10), (7, 11), (7, 12), (7, 15), (7, 18), (7, 19), (7, 21), (7, 23), (7, 24), (7, 25), (7, 27), (7, 28), (7, 31), (7, 32), (7, 34), (7, 36), (7, 37), (7, 38), (7, 40), (7, 42), (7, 46), (7, 49), (7, 50), (7, 51), (7, 52), (7, 53), (7, 54), (7, 56), (7, 57), (7, 58), (7, 59), (7, 60), (7, 63), (7, 64), (7, 65), (7, 66), (7, 68), (7, 70), (7, 71), (7, 72), (7, 73), (7, 75), (7, 77), (7, 79), (7, 82), (7, 83), (7, 84), (7, 86), (7, 87), (7, 91), (7, 93), (7, 94), (7, 95), (7, 97), (7, 98), (7, 102), (7, 103), (7, 104), (7, 105), (7, 106), (7, 111), (7, 114), (7, 115), (7, 116), (7, 120), (7, 121), (7, 122), (7, 123), (7, 124), (7, 127), (7, 129), (7, 130), (7, 132), (7, 135), (7, 136), (7, 137), (7, 139), (7, 140), (7, 142), (7, 144), (7, 146), (7, 148), (8, 10), (8, 12), (8, 14), (8, 15), (8, 17), (8, 18), (8, 19), (8, 20), (8, 21), (8, 22), (8, 25), (8, 26), (8, 27), (8, 29), (8, 30), (8, 31), (8, 35), (8, 38), (8, 39), (8, 40), (8, 42), (8, 43), (8, 45), (8, 46), (8, 47), (8, 49), (8, 50), (8, 51), (8, 52), (8, 55), (8, 56), (8, 57), (8, 59), (8, 61), (8, 64), (8, 65), (8, 66), (8, 68), (8, 69), (8, 72), (8, 74), (8, 75), (8, 76), (8, 78), (8, 79), (8, 81), (8, 84), (8, 85), (8, 87), (8, 89), (8, 93), (8, 95), (8, 97), (8, 98), (8, 99), (8, 100), (8, 101), (8, 105), (8, 107), (8, 111), (8, 116), (8, 117), (8, 119), (8, 121), (8, 122), (8, 126), (8, 127), (8, 128), (8, 130), (8, 131), (8, 134), (8, 135), (8, 136), (8, 137), (8, 138), (8, 140), (8, 143), (8, 145), (8, 146), (8, 147), (8, 148), (9, 11), (9, 17), (9, 18), (9, 20), (9, 22), (9, 24), (9, 27), (9, 28), (9, 29), (9, 30), (9, 31), (9, 33), (9, 37), (9, 39), (9, 41), (9, 44), (9, 45), (9, 47), (9, 48), (9, 49), (9, 52), (9, 53), (9, 56), (9, 57), (9, 58), (9, 60), (9, 67), (9, 68), (9, 71), (9, 72), (9, 76), (9, 77), (9, 78), (9, 80), (9, 81), (9, 82), (9, 84), (9, 85), (9, 88), (9, 89), (9, 90), (9, 93), (9, 94), (9, 95), (9, 97), (9, 98), (9, 99), (9, 100), (9, 101), (9, 102), (9, 103), (9, 104), (9, 105), (9, 106), (9, 108), (9, 111), (9, 114), (9, 116), (9, 118), (9, 119), (9, 120), (9, 121), (9, 125), (9, 126), (9, 127), (9, 128), (9, 129), (9, 131), (9, 132), (9, 133), (9, 135), (9, 136), (9, 140), (9, 141), (9, 142), (9, 145), (9, 147), (9, 148), (9, 149), (10, 11), (10, 14), (10, 15), (10, 17), (10, 18), (10, 19), (10, 20), (10, 21), (10, 23), (10, 25), (10, 27), (10, 30), (10, 31), (10, 32), (10, 35), (10, 36), (10, 37), (10, 41), (10, 43), (10, 45), (10, 47), (10, 49), (10, 51), (10, 52), (10, 53), (10, 54), (10, 56), (10, 58), (10, 60), (10, 61), (10, 63), (10, 66), (10, 67), (10, 68), (10, 69), (10, 70), (10, 71), (10, 76), (10, 77), (10, 78), (10, 80), (10, 81), (10, 83), (10, 85), (10, 86), (10, 89), (10, 90), (10, 92), (10, 93), (10, 94), (10, 97), (10, 98), (10, 100), (10, 101), (10, 102), (10, 103), (10, 104), (10, 105), (10, 108), (10, 112), (10, 113), (10, 114), (10, 116), (10, 119), (10, 120), (10, 123), (10, 124), (10, 125), (10, 126), (10, 127), (10, 128), (10, 129), (10, 130), (10, 131), (10, 133), (10, 135), (10, 136), (10, 139), (10, 140), (10, 141), (10, 143), (10, 144), (10, 148), (10, 149), (11, 12), (11, 13), (11, 14), (11, 17), (11, 18), (11, 19), (11, 20), (11, 21), (11, 22), (11, 23), (11, 25), (11, 26), (11, 28), (11, 29), (11, 30), (11, 31), (11, 34), (11, 37), (11, 39), (11, 42), (11, 45), (11, 46), (11, 47), (11, 49), (11, 50), (11, 51), (11, 54), (11, 59), (11, 61), (11, 62), (11, 63), (11, 65), (11, 67), (11, 68), (11, 69), (11, 71), (11, 74), (11, 75), (11, 79), (11, 80), (11, 83), (11, 85), (11, 86), (11, 87), (11, 88), (11, 91), (11, 92), (11, 93), (11, 95), (11, 98), (11, 99), (11, 100), (11, 102), (11, 103), (11, 106), (11, 107), (11, 108), (11, 109), (11, 110), (11, 111), (11, 112), (11, 113), (11, 115), (11, 117), (11, 118), (11, 119), (11, 121), (11, 123), (11, 124), (11, 125), (11, 126), (11, 127), (11, 129), (11, 131), (11, 133), (11, 134), (11, 135), (11, 136), (11, 138), (11, 139), (11, 140), (11, 143), (11, 145), (11, 146), (11, 147), (12, 14), (12, 17), (12, 18), (12, 19), (12, 20), (12, 21), (12, 22), (12, 23), (12, 25), (12, 26), (12, 27), (12, 28), (12, 30), (12, 31), (12, 32), (12, 33), (12, 36), (12, 37), (12, 38), (12, 39), (12, 40), (12, 42), (12, 43), (12, 45), (12, 46), (12, 47), (12, 48), (12, 50), (12, 52), (12, 53), (12, 56), (12, 57), (12, 58), (12, 59), (12, 61), (12, 63), (12, 64), (12, 67), (12, 68), (12, 69), (12, 71), (12, 73), (12, 74), (12, 76), (12, 78), (12, 80), (12, 81), (12, 83), (12, 84), (12, 86), (12, 89), (12, 90), (12, 92), (12, 93), (12, 94), (12, 95), (12, 97), (12, 99), (12, 101), (12, 105), (12, 107), (12, 110), (12, 112), (12, 113), (12, 117), (12, 119), (12, 120), (12, 121), (12, 122), (12, 123), (12, 124), (12, 126), (12, 131), (12, 132), (12, 134), (12, 136), (12, 139), (12, 140), (12, 143), (12, 144), (12, 145), (12, 146), (12, 147), (13, 15), (13, 20), (13, 21), (13, 25), (13, 26), (13, 27), (13, 29), (13, 31), (13, 32), (13, 33), (13, 34), (13, 35), (13, 38), (13, 39), (13, 41), (13, 44), (13, 46), (13, 51), (13, 52), (13, 54), (13, 55), (13, 56), (13, 57), (13, 58), (13, 59), (13, 60), (13, 61), (13, 63), (13, 64), (13, 66), (13, 71), (13, 72), (13, 73), (13, 75), (13, 79), (13, 80), (13, 83), (13, 87), (13, 88), (13, 89), (13, 90), (13, 91), (13, 93), (13, 94), (13, 96), (13, 97), (13, 98), (13, 99), (13, 101), (13, 102), (13, 103), (13, 104), (13, 106), (13, 107), (13, 108), (13, 109), (13, 111), (13, 112), (13, 114), (13, 117), (13, 121), (13, 122), (13, 124), (13, 128), (13, 130), (13, 132), (13, 133), (13, 135), (13, 136), (13, 139), (13, 142), (13, 145), (13, 146), (13, 148), (13, 149), (14, 15), (14, 16), (14, 17), (14, 19), (14, 20), (14, 22), (14, 23), (14, 24), (14, 25), (14, 26), (14, 28), (14, 29), (14, 30), (14, 31), (14, 32), (14, 33), (14, 36), (14, 37), (14, 38), (14, 39), (14, 40), (14, 41), (14, 43), (14, 44), (14, 47), (14, 50), (14, 51), (14, 53), (14, 54), (14, 57), (14, 58), (14, 59), (14, 60), (14, 61), (14, 62), (14, 63), (14, 67), (14, 68), (14, 70), (14, 71), (14, 72), (14, 74), (14, 78), (14, 79), (14, 81), (14, 82), (14, 87), (14, 89), (14, 92), (14, 93), (14, 94), (14, 96), (14, 98), (14, 99), (14, 100), (14, 101), (14, 106), (14, 108), (14, 109), (14, 112), (14, 114), (14, 117), (14, 118), (14, 119), (14, 120), (14, 122), (14, 124), (14, 125), (14, 127), (14, 129), (14, 131), (14, 132), (14, 133), (14, 137), (14, 139), (14, 140), (14, 141), (14, 143), (14, 144), (14, 147), (15, 16), (15, 18), (15, 19), (15, 21), (15, 23), (15, 26), (15, 32), (15, 41), (15, 42), (15, 44), (15, 49), (15, 51), (15, 52), (15, 53), (15, 54), (15, 55), (15, 56), (15, 59), (15, 60), (15, 61), (15, 64), (15, 65), (15, 66), (15, 67), (15, 71), (15, 73), (15, 76), (15, 77), (15, 78), (15, 81), (15, 82), (15, 83), (15, 84), (15, 85), (15, 86), (15, 89), (15, 94), (15, 98), (15, 100), (15, 101), (15, 103), (15, 105), (15, 107), (15, 108), (15, 109), (15, 111), (15, 112), (15, 113), (15, 116), (15, 117), (15, 118), (15, 120), (15, 121), (15, 122), (15, 123), (15, 124), (15, 125), (15, 129), (15, 134), (15, 136), (15, 137), (15, 138), (15, 139), (15, 141), (15, 142), (15, 143), (15, 145), (15, 147), (15, 148), (16, 19), (16, 20), (16, 21), (16, 22), (16, 23), (16, 24), (16, 25), (16, 26), (16, 29), (16, 30), (16, 32), (16, 33), (16, 36), (16, 37), (16, 40), (16, 41), (16, 42), (16, 43), (16, 44), (16, 45), (16, 48), (16, 51), (16, 53), (16, 54), (16, 55), (16, 57), (16, 61), (16, 64), (16, 65), (16, 67), (16, 68), (16, 69), (16, 70), (16, 72), (16, 73), (16, 74), (16, 77), (16, 78), (16, 79), (16, 81), (16, 82), (16, 83), (16, 84), (16, 86), (16, 87), (16, 88), (16, 93), (16, 95), (16, 96), (16, 98), (16, 101), (16, 102), (16, 105), (16, 106), (16, 107), (16, 108), (16, 110), (16, 112), (16, 114), (16, 115), (16, 117), (16, 118), (16, 119), (16, 120), (16, 121), (16, 123), (16, 124), (16, 126), (16, 127), (16, 129), (16, 133), (16, 135), (16, 137), (16, 139), (16, 140), (16, 141), (16, 142), (16, 143), (16, 144), (16, 145), (16, 146), (16, 148), (17, 18), (17, 20), (17, 22), (17, 23), (17, 25), (17, 26), (17, 28), (17, 30), (17, 31), (17, 34), (17, 37), (17, 38), (17, 39), (17, 41), (17, 42), (17, 43), (17, 49), (17, 50), (17, 51), (17, 52), (17, 53), (17, 56), (17, 59), (17, 60), (17, 62), (17, 64), (17, 65), (17, 68), (17, 70), (17, 73), (17, 74), (17, 75), (17, 78), (17, 79), (17, 80), (17, 83), (17, 87), (17, 88), (17, 89), (17, 91), (17, 93), (17, 94), (17, 97), (17, 99), (17, 100), (17, 101), (17, 102), (17, 105), (17, 108), (17, 111), (17, 114), (17, 115), (17, 118), (17, 119), (17, 122), (17, 123), (17, 124), (17, 125), (17, 127), (17, 128), (17, 131), (17, 132), (17, 134), (17, 136), (17, 137), (17, 143), (17, 144), (17, 145), (17, 147), (17, 148), (18, 19), (18, 20), (18, 21), (18, 22), (18, 23), (18, 24), (18, 27), (18, 28), (18, 29), (18, 30), (18, 31), (18, 33), (18, 35), (18, 42), (18, 43), (18, 45), (18, 46), (18, 47), (18, 48), (18, 49), (18, 52), (18, 54), (18, 55), (18, 56), (18, 57), (18, 58), (18, 59), (18, 60), (18, 62), (18, 63), (18, 64), (18, 65), (18, 68), (18, 69), (18, 70), (18, 71), (18, 73), (18, 74), (18, 78), (18, 79), (18, 82), (18, 83), (18, 84), (18, 85), (18, 86), (18, 88), (18, 90), (18, 92), (18, 95), (18, 96), (18, 97), (18, 98), (18, 100), (18, 101), (18, 102), (18, 103), (18, 104), (18, 106), (18, 108), (18, 110), (18, 111), (18, 112), (18, 113), (18, 117), (18, 126), (18, 129), (18, 130), (18, 133), (18, 134), (18, 135), (18, 136), (18, 139), (18, 140), (18, 141), (18, 144), (18, 145), (18, 146), (18, 149), (19, 20), (19, 23), (19, 26), (19, 27), (19, 28), (19, 29), (19, 31), (19, 32), (19, 33), (19, 35), (19, 37), (19, 40), (19, 42), (19, 43), (19, 44), (19, 45), (19, 48), (19, 51), (19, 52), (19, 53), (19, 56), (19, 57), (19, 59), (19, 60), (19, 63), (19, 66), (19, 67), (19, 68), (19, 70), (19, 71), (19, 72), (19, 73), (19, 74), (19, 75), (19, 80), (19, 81), (19, 82), (19, 86), (19, 88), (19, 92), (19, 94), (19, 96), (19, 98), (19, 99), (19, 100), (19, 101), (19, 102), (19, 103), (19, 104), (19, 106), (19, 108), (19, 113), (19, 114), (19, 115), (19, 116), (19, 117), (19, 120), (19, 121), (19, 122), (19, 124), (19, 125), (19, 126), (19, 127), (19, 128), (19, 131), (19, 132), (19, 133), (19, 134), (19, 135), (19, 136), (19, 138), (19, 139), (19, 141), (19, 143), (19, 145), (19, 146), (20, 21), (20, 22), (20, 24), (20, 25), (20, 26), (20, 28), (20, 29), (20, 30), (20, 34), (20, 35), (20, 36), (20, 37), (20, 39), (20, 44), (20, 46), (20, 49), (20, 50), (20, 52), (20, 58), (20, 59), (20, 60), (20, 61), (20, 66), (20, 68), (20, 70), (20, 71), (20, 73), (20, 79), (20, 80), (20, 81), (20, 82), (20, 83), (20, 84), (20, 88), (20, 89), (20, 90), (20, 93), (20, 94), (20, 99), (20, 100), (20, 101), (20, 104), (20, 105), (20, 106), (20, 109), (20, 110), (20, 111), (20, 114), (20, 117), (20, 118), (20, 120), (20, 121), (20, 122), (20, 123), (20, 124), (20, 127), (20, 129), (20, 130), (20, 131), (20, 132), (20, 135), (20, 136), (20, 137), (20, 138), (20, 140), (20, 141), (20, 144), (20, 145), (20, 146), (20, 147), (20, 149), (21, 22), (21, 23), (21, 24), (21, 26), (21, 27), (21, 29), (21, 30), (21, 33), (21, 34), (21, 35), (21, 36), (21, 39), (21, 40), (21, 47), (21, 48), (21, 50), (21, 52), (21, 53), (21, 58), (21, 60), (21, 63), (21, 65), (21, 66), (21, 67), (21, 68), (21, 69), (21, 70), (21, 72), (21, 73), (21, 74), (21, 75), (21, 77), (21, 78), (21, 79), (21, 80), (21, 82), (21, 84), (21, 85), (21, 87), (21, 89), (21, 90), (21, 92), (21, 96), (21, 97), (21, 98), (21, 99), (21, 101), (21, 102), (21, 105), (21, 106), (21, 108), (21, 110), (21, 111), (21, 112), (21, 113), (21, 114), (21, 115), (21, 118), (21, 119), (21, 120), (21, 123), (21, 126), (21, 127), (21, 129), (21, 130), (21, 134), (21, 135), (21, 136), (21, 137), (21, 138), (21, 140), (21, 142), (21, 143), (21, 144), (21, 145), (21, 146), (21, 148), (22, 23), (22, 26), (22, 28), (22, 29), (22, 31), (22, 32), (22, 33), (22, 34), (22, 35), (22, 36), (22, 38), (22, 39), (22, 42), (22, 44), (22, 47), (22, 48), (22, 49), (22, 51), (22, 53), (22, 54), (22, 56), (22, 57), (22, 60), (22, 65), (22, 66), (22, 67), (22, 72), (22, 73), (22, 77), (22, 78), (22, 79), (22, 80), (22, 82), (22, 83), (22, 84), (22, 87), (22, 88), (22, 89), (22, 91), (22, 92), (22, 95), (22, 96), (22, 97), (22, 98), (22, 99), (22, 101), (22, 106), (22, 107), (22, 111), (22, 112), (22, 113), (22, 114), (22, 115), (22, 116), (22, 118), (22, 119), (22, 121), (22, 125), (22, 127), (22, 128), (22, 129), (22, 130), (22, 133), (22, 134), (22, 136), (22, 137), (22, 138), (22, 140), (22, 141), (22, 142), (22, 143), (22, 144), (22, 146), (22, 148), (22, 149), (23, 26), (23, 28), (23, 31), (23, 34), (23, 35), (23, 37), (23, 38), (23, 40), (23, 41), (23, 42), (23, 43), (23, 46), (23, 47), (23, 51), (23, 53), (23, 57), (23, 58), (23, 61), (23, 64), (23, 68), (23, 70), (23, 71), (23, 73), (23, 74), (23, 76), (23, 77), (23, 79), (23, 82), (23, 84), (23, 85), (23, 86), (23, 88), (23, 89), (23, 90), (23, 91), (23, 93), (23, 94), (23, 96), (23, 97), (23, 98), (23, 100), (23, 103), (23, 104), (23, 105), (23, 107), (23, 108), (23, 109), (23, 110), (23, 111), (23, 112), (23, 118), (23, 119), (23, 120), (23, 121), (23, 122), (23, 124), (23, 126), (23, 127), (23, 128), (23, 129), (23, 135), (23, 136), (23, 137), (23, 139), (23, 140), (23, 141), (23, 144), (23, 146), (23, 147), (24, 28), (24, 31), (24, 33), (24, 36), (24, 38), (24, 39), (24, 40), (24, 41), (24, 42), (24, 43), (24, 47), (24, 49), (24, 57), (24, 59), (24, 60), (24, 61), (24, 62), (24, 69), (24, 70), (24, 72), (24, 73), (24, 74), (24, 78), (24, 82), (24, 87), (24, 88), (24, 90), (24, 92), (24, 95), (24, 96), (24, 97), (24, 98), (24, 100), (24, 104), (24, 105), (24, 106), (24, 108), (24, 110), (24, 113), (24, 116), (24, 119), (24, 121), (24, 126), (24, 128), (24, 130), (24, 131), (24, 133), (24, 135), (24, 138), (24, 140), (24, 141), (24, 142), (24, 143), (24, 145), (24, 146), (24, 147), (24, 148), (25, 29), (25, 30), (25, 32), (25, 35), (25, 36), (25, 38), (25, 48), (25, 49), (25, 51), (25, 54), (25, 56), (25, 58), (25, 59), (25, 60), (25, 63), (25, 64), (25, 66), (25, 67), (25, 71), (25, 72), (25, 74), (25, 75), (25, 76), (25, 77), (25, 78), (25, 79), (25, 81), (25, 82), (25, 83), (25, 84), (25, 85), (25, 86), (25, 90), (25, 91), (25, 93), (25, 94), (25, 95), (25, 96), (25, 99), (25, 100), (25, 101), (25, 102), (25, 105), (25, 107), (25, 108), (25, 109), (25, 111), (25, 113), (25, 114), (25, 117), (25, 120), (25, 122), (25, 123), (25, 126), (25, 127), (25, 129), (25, 132), (25, 134), (25, 136), (25, 141), (25, 144), (25, 146), (25, 147), (25, 148), (25, 149), (26, 27), (26, 29), (26, 33), (26, 34), (26, 36), (26, 39), (26, 40), (26, 42), (26, 43), (26, 44), (26, 46), (26, 47), (26, 49), (26, 55), (26, 57), (26, 61), (26, 62), (26, 63), (26, 64), (26, 65), (26, 66), (26, 69), (26, 72), (26, 73), (26, 75), (26, 77), (26, 78), (26, 79), (26, 82), (26, 85), (26, 86), (26, 88), (26, 89), (26, 90), (26, 91), (26, 94), (26, 95), (26, 98), (26, 99), (26, 100), (26, 101), (26, 102), (26, 103), (26, 106), (26, 107), (26, 108), (26, 109), (26, 110), (26, 111), (26, 112), (26, 115), (26, 117), (26, 118), (26, 124), (26, 128), (26, 130), (26, 132), (26, 134), (26, 135), (26, 136), (26, 137), (26, 139), (26, 140), (26, 141), (26, 142), (26, 144), (26, 145), (26, 146), (26, 147), (27, 28), (27, 31), (27, 32), (27, 33), (27, 34), (27, 38), (27, 39), (27, 42), (27, 43), (27, 44), (27, 45), (27, 47), (27, 48), (27, 51), (27, 53), (27, 54), (27, 55), (27, 56), (27, 60), (27, 63), (27, 65), (27, 67), (27, 68), (27, 69), (27, 70), (27, 71), (27, 72), (27, 73), (27, 74), (27, 75), (27, 78), (27, 79), (27, 83), (27, 85), (27, 86), (27, 91), (27, 92), (27, 95), (27, 96), (27, 98), (27, 99), (27, 100), (27, 102), (27, 107), (27, 108), (27, 110), (27, 112), (27, 114), (27, 115), (27, 120), (27, 121), (27, 122), (27, 128), (27, 129), (27, 131), (27, 132), (27, 133), (27, 135), (27, 136), (27, 138), (27, 142), (27, 143), (27, 144), (27, 145), (27, 147), (27, 148), (28, 29), (28, 31), (28, 32), (28, 33), (28, 35), (28, 38), (28, 39), (28, 40), (28, 42), (28, 43), (28, 46), (28, 47), (28, 48), (28, 49), (28, 50), (28, 52), (28, 53), (28, 54), (28, 55), (28, 56), (28, 57), (28, 58), (28, 59), (28, 61), (28, 62), (28, 64), (28, 69), (28, 70), (28, 72), (28, 73), (28, 74), (28, 75), (28, 76), (28, 77), (28, 78), (28, 79), (28, 80), (28, 81), (28, 82), (28, 83), (28, 84), (28, 85), (28, 86), (28, 87), (28, 88), (28, 90), (28, 91), (28, 92), (28, 96), (28, 97), (28, 101), (28, 102), (28, 105), (28, 107), (28, 108), (28, 109), (28, 110), (28, 112), (28, 114), (28, 115), (28, 117), (28, 118), (28, 119), (28, 122), (28, 123), (28, 124), (28, 127), (28, 128), (28, 129), (28, 131), (28, 132), (28, 134), (28, 136), (28, 137), (28, 138), (28, 139), (28, 140), (28, 147), (28, 149), (29, 30), (29, 31), (29, 34), (29, 36), (29, 37), (29, 38), (29, 39), (29, 43), (29, 47), (29, 48), (29, 50), (29, 51), (29, 53), (29, 54), (29, 55), (29, 56), (29, 57), (29, 58), (29, 59), (29, 61), (29, 62), (29, 64), (29, 66), (29, 68), (29, 70), (29, 71), (29, 74), (29, 77), (29, 78), (29, 81), (29, 82), (29, 85), (29, 86), (29, 88), (29, 89), (29, 90), (29, 91), (29, 92), (29, 95), (29, 97), (29, 98), (29, 99), (29, 102), (29, 103), (29, 104), (29, 105), (29, 106), (29, 110), (29, 111), (29, 116), (29, 119), (29, 123), (29, 124), (29, 125), (29, 128), (29, 129), (29, 130), (29, 132), (29, 133), (29, 135), (29, 136), (29, 138), (29, 141), (29, 142), (29, 144), (29, 145), (29, 146), (29, 148), (29, 149), (30, 31), (30, 32), (30, 33), (30, 39), (30, 40), (30, 44), (30, 45), (30, 47), (30, 48), (30, 49), (30, 50), (30, 51), (30, 52), (30, 53), (30, 54), (30, 55), (30, 56), (30, 59), (30, 60), (30, 61), (30, 62), (30, 63), (30, 64), (30, 65), (30, 66), (30, 69), (30, 72), (30, 73), (30, 74), (30, 76), (30, 77), (30, 79), (30, 80), (30, 84), (30, 88), (30, 89), (30, 90), (30, 92), (30, 94), (30, 98), (30, 99), (30, 102), (30, 103), (30, 104), (30, 105), (30, 106), (30, 107), (30, 108), (30, 109), (30, 111), (30, 114), (30, 120), (30, 122), (30, 123), (30, 124), (30, 125), (30, 126), (30, 127), (30, 128), (30, 129), (30, 130), (30, 132), (30, 134), (30, 135), (30, 137), (30, 138), (30, 139), (30, 140), (30, 141), (30, 143), (30, 144), (30, 148), (30, 149), (31, 32), (31, 35), (31, 37), (31, 42), (31, 44), (31, 45), (31, 46), (31, 47), (31, 48), (31, 49), (31, 51), (31, 53), (31, 54), (31, 55), (31, 57), (31, 58), (31, 60), (31, 63), (31, 65), (31, 66), (31, 67), (31, 68), (31, 70), (31, 73), (31, 74), (31, 78), (31, 80), (31, 81), (31, 82), (31, 84), (31, 87), (31, 90), (31, 91), (31, 96), (31, 99), (31, 104), (31, 107), (31, 108), (31, 109), (31, 111), (31, 113), (31, 122), (31, 124), (31, 125), (31, 128), (31, 129), (31, 130), (31, 132), (31, 133), (31, 136), (31, 138), (31, 141), (31, 142), (31, 145), (31, 146), (31, 147), (31, 148), (32, 33), (32, 34), (32, 36), (32, 38), (32, 39), (32, 40), (32, 41), (32, 42), (32, 46), (32, 49), (32, 50), (32, 51), (32, 52), (32, 56), (32, 57), (32, 58), (32, 59), (32, 60), (32, 63), (32, 64), (32, 65), (32, 69), (32, 70), (32, 71), (32, 72), (32, 75), (32, 76), (32, 78), (32, 79), (32, 80), (32, 82), (32, 83), (32, 86), (32, 87), (32, 88), (32, 89), (32, 90), (32, 91), (32, 92), (32, 93), (32, 94), (32, 96), (32, 97), (32, 99), (32, 101), (32, 102), (32, 105), (32, 106), (32, 107), (32, 108), (32, 111), (32, 112), (32, 114), (32, 117), (32, 119), (32, 120), (32, 121), (32, 122), (32, 125), (32, 127), (32, 128), (32, 131), (32, 132), (32, 134), (32, 136), (32, 137), (32, 138), (32, 139), (32, 141), (32, 143), (32, 148), (32, 149), (33, 34), (33, 35), (33, 36), (33, 38), (33, 41), (33, 42), (33, 43), (33, 44), (33, 45), (33, 47), (33, 48), (33, 51), (33, 52), (33, 54), (33, 55), (33, 59), (33, 61), (33, 63), (33, 64), (33, 67), (33, 69), (33, 72), (33, 77), (33, 78), (33, 79), (33, 80), (33, 83), (33, 84), (33, 89), (33, 90), (33, 91), (33, 96), (33, 98), (33, 100), (33, 101), (33, 103), (33, 106), (33, 107), (33, 108), (33, 114), (33, 115), (33, 116), (33, 117), (33, 118), (33, 119), (33, 120), (33, 124), (33, 127), (33, 128), (33, 129), (33, 130), (33, 132), (33, 133), (33, 134), (33, 135), (33, 138), (33, 139), (33, 140), (33, 142), (33, 143), (33, 144), (33, 145), (33, 148), (34, 35), (34, 38), (34, 41), (34, 42), (34, 43), (34, 46), (34, 48), (34, 49), (34, 50), (34, 51), (34, 53), (34, 54), (34, 55), (34, 56), (34, 58), (34, 59), (34, 60), (34, 61), (34, 62), (34, 65), (34, 67), (34, 69), (34, 72), (34, 73), (34, 75), (34, 76), (34, 77), (34, 78), (34, 79), (34, 82), (34, 85), (34, 87), (34, 89), (34, 90), (34, 94), (34, 95), (34, 96), (34, 98), (34, 100), (34, 102), (34, 104), (34, 105), (34, 108), (34, 113), (34, 114), (34, 116), (34, 118), (34, 120), (34, 121), (34, 122), (34, 123), (34, 124), (34, 125), (34, 126), (34, 129), (34, 130), (34, 131), (34, 132), (34, 134), (34, 136), (34, 138), (34, 142), (34, 143), (34, 145), (34, 147), (34, 148), (34, 149), (35, 36), (35, 38), (35, 39), (35, 41), (35, 42), (35, 43), (35, 45), (35, 48), (35, 49), (35, 50), (35, 51), (35, 52), (35, 58), (35, 59), (35, 61), (35, 62), (35, 63), (35, 65), (35, 66), (35, 69), (35, 71), (35, 72), (35, 73), (35, 74), (35, 82), (35, 83), (35, 85), (35, 87), (35, 90), (35, 91), (35, 97), (35, 98), (35, 99), (35, 100), (35, 101), (35, 102), (35, 103), (35, 104), (35, 106), (35, 108), (35, 111), (35, 113), (35, 114), (35, 115), (35, 120), (35, 121), (35, 122), (35, 123), (35, 125), (35, 126), (35, 127), (35, 128), (35, 130), (35, 131), (35, 133), (35, 134), (35, 135), (35, 139), (35, 141), (35, 142), (35, 143), (35, 144), (35, 145), (35, 147), (35, 148), (35, 149), (36, 42), (36, 43), (36, 44), (36, 45), (36, 52), (36, 56), (36, 60), (36, 61), (36, 63), (36, 64), (36, 65), (36, 66), (36, 67), (36, 74), (36, 75), (36, 76), (36, 77), (36, 79), (36, 82), (36, 83), (36, 85), (36, 89), (36, 92), (36, 93), (36, 94), (36, 101), (36, 103), (36, 104), (36, 109), (36, 110), (36, 115), (36, 116), (36, 120), (36, 122), (36, 125), (36, 126), (36, 128), (36, 129), (36, 131), (36, 135), (36, 136), (36, 137), (36, 139), (36, 140), (36, 141), (36, 142), (36, 144), (36, 145), (36, 146), (36, 148), (37, 38), (37, 40), (37, 42), (37, 45), (37, 46), (37, 47), (37, 48), (37, 49), (37, 50), (37, 52), (37, 53), (37, 54), (37, 65), (37, 68), (37, 71), (37, 73), (37, 76), (37, 81), (37, 82), (37, 83), (37, 85), (37, 90), (37, 91), (37, 92), (37, 93), (37, 94), (37, 95), (37, 96), (37, 97), (37, 100), (37, 101), (37, 103), (37, 106), (37, 107), (37, 108), (37, 110), (37, 111), (37, 112), (37, 113), (37, 114), (37, 117), (37, 118), (37, 120), (37, 121), (37, 124), (37, 125), (37, 126), (37, 127), (37, 128), (37, 129), (37, 130), (37, 131), (37, 132), (37, 133), (37, 134), (37, 135), (37, 136), (37, 137), (37, 139), (37, 141), (37, 142), (37, 144), (37, 145), (37, 149), (38, 39), (38, 40), (38, 42), (38, 43), (38, 44), (38, 46), (38, 47), (38, 50), (38, 58), (38, 59), (38, 60), (38, 62), (38, 64), (38, 65), (38, 66), (38, 68), (38, 69), (38, 70), (38, 72), (38, 77), (38, 78), (38, 80), (38, 81), (38, 86), (38, 87), (38, 88), (38, 93), (38, 95), (38, 96), (38, 99), (38, 100), (38, 103), (38, 105), (38, 106), (38, 107), (38, 108), (38, 111), (38, 113), (38, 114), (38, 121), (38, 122), (38, 123), (38, 124), (38, 126), (38, 127), (38, 129), (38, 130), (38, 131), (38, 132), (38, 134), (38, 135), (38, 137), (38, 140), (38, 141), (38, 142), (38, 143), (38, 144), (38, 145), (38, 149), (39, 48), (39, 49), (39, 52), (39, 53), (39, 54), (39, 56), (39, 57), (39, 58), (39, 60), (39, 62), (39, 65), (39, 68), (39, 69), (39, 70), (39, 71), (39, 72), (39, 73), (39, 74), (39, 75), (39, 76), (39, 77), (39, 79), (39, 83), (39, 84), (39, 85), (39, 86), (39, 87), (39, 88), (39, 92), (39, 93), (39, 95), (39, 96), (39, 97), (39, 100), (39, 101), (39, 102), (39, 103), (39, 104), (39, 105), (39, 106), (39, 107), (39, 108), (39, 109), (39, 110), (39, 112), (39, 114), (39, 116), (39, 117), (39, 119), (39, 122), (39, 123), (39, 124), (39, 126), (39, 129), (39, 132), (39, 134), (39, 136), (39, 137), (39, 138), (39, 139), (39, 140), (39, 143), (39, 144), (39, 145), (39, 146), (39, 148), (40, 41), (40, 44), (40, 45), (40, 47), (40, 51), (40, 52), (40, 53), (40, 54), (40, 57), (40, 62), (40, 64), (40, 65), (40, 66), (40, 68), (40, 69), (40, 72), (40, 74), (40, 75), (40, 76), (40, 78), (40, 79), (40, 83), (40, 86), (40, 87), (40, 88), (40, 89), (40, 90), (40, 91), (40, 92), (40, 93), (40, 95), (40, 96), (40, 100), (40, 102), (40, 103), (40, 105), (40, 109), (40, 111), (40, 113), (40, 115), (40, 118), (40, 120), (40, 121), (40, 122), (40, 123), (40, 124), (40, 125), (40, 126), (40, 127), (40, 128), (40, 129), (40, 130), (40, 132), (40, 133), (40, 135), (40, 136), (40, 137), (40, 138), (40, 140), (40, 142), (40, 147), (40, 148), (41, 44), (41, 46), (41, 48), (41, 49), (41, 50), (41, 52), (41, 53), (41, 56), (41, 57), (41, 59), (41, 60), (41, 61), (41, 62), (41, 63), (41, 64), (41, 65), (41, 66), (41, 69), (41, 70), (41, 71), (41, 74), (41, 75), (41, 79), (41, 80), (41, 82), (41, 84), (41, 85), (41, 86), (41, 87), (41, 89), (41, 90), (41, 91), (41, 92), (41, 94), (41, 95), (41, 96), (41, 97), (41, 100), (41, 103), (41, 106), (41, 107), (41, 109), (41, 110), (41, 111), (41, 112), (41, 113), (41, 115), (41, 116), (41, 117), (41, 119), (41, 120), (41, 122), (41, 123), (41, 125), (41, 127), (41, 128), (41, 133), (41, 135), (41, 136), (41, 137), (41, 140), (41, 144), (41, 145), (41, 148), (42, 44), (42, 49), (42, 53), (42, 54), (42, 55), (42, 56), (42, 57), (42, 58), (42, 61), (42, 62), (42, 64), (42, 66), (42, 67), (42, 70), (42, 71), (42, 77), (42, 78), (42, 80), (42, 82), (42, 83), (42, 88), (42, 93), (42, 95), (42, 97), (42, 99), (42, 102), (42, 104), (42, 105), (42, 108), (42, 109), (42, 113), (42, 114), (42, 115), (42, 119), (42, 121), (42, 122), (42, 124), (42, 125), (42, 127), (42, 128), (42, 129), (42, 132), (42, 137), (42, 138), (42, 139), (42, 141), (42, 143), (42, 144), (42, 146), (43, 45), (43, 46), (43, 47), (43, 48), (43, 49), (43, 50), (43, 51), (43, 56), (43, 59), (43, 60), (43, 61), (43, 62), (43, 63), (43, 64), (43, 65), (43, 66), (43, 67), (43, 69), (43, 71), (43, 73), (43, 74), (43, 75), (43, 76), (43, 82), (43, 86), (43, 87), (43, 90), (43, 93), (43, 94), (43, 95), (43, 96), (43, 99), (43, 101), (43, 102), (43, 110), (43, 113), (43, 114), (43, 118), (43, 119), (43, 120), (43, 124), (43, 128), (43, 131), (43, 133), (43, 134), (43, 135), (43, 136), (43, 137), (43, 139), (43, 140), (43, 141), (43, 146), (43, 147), (43, 148), (43, 149), (44, 45), (44, 46), (44, 49), (44, 51), (44, 56), (44, 57), (44, 59), (44, 60), (44, 61), (44, 62), (44, 63), (44, 64), (44, 65), (44, 67), (44, 68), (44, 69), (44, 70), (44, 73), (44, 74), (44, 79), (44, 80), (44, 81), (44, 83), (44, 84), (44, 87), (44, 90), (44, 92), (44, 94), (44, 97), (44, 99), (44, 100), (44, 101), (44, 102), (44, 103), (44, 104), (44, 105), (44, 106), (44, 107), (44, 113), (44, 115), (44, 120), (44, 124), (44, 126), (44, 129), (44, 132), (44, 133), (44, 134), (44, 135), (44, 136), (44, 137), (44, 138), (44, 139), (44, 140), (44, 141), (44, 142), (44, 144), (44, 146), (44, 147), (44, 148), (44, 149), (45, 47), (45, 48), (45, 49), (45, 52), (45, 54), (45, 59), (45, 60), (45, 61), (45, 62), (45, 63), (45, 65), (45, 67), (45, 68), (45, 71), (45, 73), (45, 78), (45, 79), (45, 83), (45, 85), (45, 87), (45, 88), (45, 90), (45, 93), (45, 94), (45, 96), (45, 99), (45, 101), (45, 104), (45, 105), (45, 106), (45, 110), (45, 112), (45, 113), (45, 114), (45, 115), (45, 116), (45, 120), (45, 123), (45, 124), (45, 125), (45, 127), (45, 130), (45, 132), (45, 135), (45, 136), (45, 137), (45, 138), (45, 139), (45, 140), (45, 141), (45, 142), (45, 143), (45, 144), (45, 146), (45, 147), (46, 48), (46, 49), (46, 50), (46, 51), (46, 52), (46, 53), (46, 55), (46, 57), (46, 59), (46, 60), (46, 61), (46, 62), (46, 64), (46, 70), (46, 71), (46, 72), (46, 75), (46, 79), (46, 81), (46, 82), (46, 85), (46, 86), (46, 87), (46, 88), (46, 90), (46, 91), (46, 93), (46, 94), (46, 99), (46, 100), (46, 102), (46, 103), (46, 105), (46, 107), (46, 108), (46, 109), (46, 110), (46, 111), (46, 114), (46, 116), (46, 117), (46, 120), (46, 123), (46, 124), (46, 126), (46, 128), (46, 130), (46, 131), (46, 133), (46, 134), (46, 136), (46, 141), (46, 143), (46, 144), (46, 145), (46, 146), (46, 148), (46, 149), (47, 48), (47, 49), (47, 51), (47, 52), (47, 55), (47, 58), (47, 59), (47, 62), (47, 67), (47, 68), (47, 69), (47, 72), (47, 73), (47, 76), (47, 78), (47, 80), (47, 81), (47, 82), (47, 83), (47, 84), (47, 86), (47, 89), (47, 91), (47, 93), (47, 96), (47, 99), (47, 106), (47, 108), (47, 109), (47, 112), (47, 115), (47, 116), (47, 117), (47, 118), (47, 119), (47, 120), (47, 124), (47, 125), (47, 127), (47, 129), (47, 131), (47, 133), (47, 135), (47, 137), (47, 138), (47, 139), (47, 140), (47, 143), (47, 144), (47, 147), (47, 149), (48, 49), (48, 52), (48, 54), (48, 55), (48, 56), (48, 57), (48, 60), (48, 62), (48, 63), (48, 65), (48, 66), (48, 67), (48, 69), (48, 70), (48, 71), (48, 74), (48, 76), (48, 83), (48, 84), (48, 86), (48, 87), (48, 89), (48, 90), (48, 91), (48, 94), (48, 97), (48, 98), (48, 100), (48, 101), (48, 104), (48, 106), (48, 107), (48, 108), (48, 109), (48, 110), (48, 114), (48, 115), (48, 116), (48, 117), (48, 120), (48, 123), (48, 125), (48, 126), (48, 127), (48, 135), (48, 139), (48, 141), (48, 142), (48, 143), (48, 144), (48, 147), (48, 148), (49, 50), (49, 53), (49, 55), (49, 56), (49, 57), (49, 59), (49, 61), (49, 62), (49, 64), (49, 66), (49, 67), (49, 68), (49, 69), (49, 72), (49, 74), (49, 75), (49, 76), (49, 77), (49, 79), (49, 80), (49, 81), (49, 82), (49, 83), (49, 84), (49, 86), (49, 87), (49, 88), (49, 89), (49, 93), (49, 96), (49, 99), (49, 106), (49, 108), (49, 109), (49, 112), (49, 113), (49, 114), (49, 115), (49, 116), (49, 118), (49, 119), (49, 120), (49, 121), (49, 123), (49, 127), (49, 129), (49, 130), (49, 131), (49, 135), (49, 140), (49, 141), (49, 144), (49, 149), (50, 55), (50, 57), (50, 58), (50, 61), (50, 64), (50, 66), (50, 67), (50, 68), (50, 71), (50, 72), (50, 74), (50, 77), (50, 79), (50, 81), (50, 82), (50, 83), (50, 85), (50, 88), (50, 90), (50, 93), (50, 94), (50, 96), (50, 99), (50, 105), (50, 106), (50, 107), (50, 108), (50, 111), (50, 112), (50, 115), (50, 116), (50, 117), (50, 118), (50, 120), (50, 121), (50, 122), (50, 124), (50, 125), (50, 127), (50, 130), (50, 133), (50, 136), (50, 138), (50, 139), (50, 142), (50, 143), (50, 145), (50, 149), (51, 52), (51, 54), (51, 56), (51, 57), (51, 60), (51, 63), (51, 64), (51, 65), (51, 68), (51, 69), (51, 72), (51, 74), (51, 75), (51, 77), (51, 81), (51, 82), (51, 83), (51, 84), (51, 85), (51, 88), (51, 89), (51, 91), (51, 92), (51, 93), (51, 94), (51, 95), (51, 96), (51, 102), (51, 103), (51, 104), (51, 105), (51, 106), (51, 108), (51, 113), (51, 114), (51, 116), (51, 119), (51, 122), (51, 127), (51, 128), (51, 134), (51, 136), (51, 137), (51, 139), (51, 142), (51, 143), (51, 144), (51, 145), (51, 146), (51, 147), (51, 149), (52, 54), (52, 59), (52, 61), (52, 62), (52, 64), (52, 65), (52, 66), (52, 67), (52, 68), (52, 69), (52, 71), (52, 73), (52, 75), (52, 77), (52, 79), (52, 80), (52, 81), (52, 83), (52, 84), (52, 88), (52, 90), (52, 91), (52, 93), (52, 94), (52, 95), (52, 97), (52, 98), (52, 99), (52, 101), (52, 102), (52, 103), (52, 106), (52, 107), (52, 108), (52, 109), (52, 112), (52, 113), (52, 115), (52, 117), (52, 121), (52, 122), (52, 129), (52, 130), (52, 132), (52, 133), (52, 134), (52, 135), (52, 138), (52, 139), (52, 141), (52, 142), (52, 144), (52, 146), (52, 148), (52, 149), (53, 55), (53, 56), (53, 57), (53, 58), (53, 59), (53, 60), (53, 61), (53, 63), (53, 67), (53, 68), (53, 69), (53, 70), (53, 71), (53, 72), (53, 74), (53, 75), (53, 76), (53, 77), (53, 79), (53, 80), (53, 82), (53, 84), (53, 85), (53, 86), (53, 88), (53, 89), (53, 93), (53, 95), (53, 97), (53, 98), (53, 99), (53, 101), (53, 102), (53, 104), (53, 106), (53, 107), (53, 111), (53, 112), (53, 114), (53, 115), (53, 116), (53, 118), (53, 119), (53, 121), (53, 122), (53, 123), (53, 125), (53, 126), (53, 129), (53, 131), (53, 132), (53, 133), (53, 134), (53, 136), (53, 141), (53, 145), (53, 146), (53, 147), (53, 148), (53, 149), (54, 55), (54, 56), (54, 58), (54, 59), (54, 60), (54, 61), (54, 63), (54, 65), (54, 66), (54, 67), (54, 68), (54, 69), (54, 74), (54, 75), (54, 76), (54, 77), (54, 79), (54, 80), (54, 81), (54, 83), (54, 84), (54, 87), (54, 88), (54, 92), (54, 94), (54, 95), (54, 96), (54, 100), (54, 101), (54, 103), (54, 106), (54, 107), (54, 108), (54, 112), (54, 116), (54, 117), (54, 118), (54, 119), (54, 120), (54, 121), (54, 123), (54, 124), (54, 125), (54, 126), (54, 127), (54, 129), (54, 131), (54, 132), (54, 134), (54, 137), (54, 140), (54, 141), (54, 143), (54, 144), (54, 146), (54, 148), (54, 149), (55, 57), (55, 58), (55, 59), (55, 61), (55, 62), (55, 67), (55, 69), (55, 70), (55, 73), (55, 74), (55, 75), (55, 76), (55, 79), (55, 80), (55, 81), (55, 82), (55, 83), (55, 84), (55, 85), (55, 86), (55, 88), (55, 89), (55, 91), (55, 93), (55, 95), (55, 96), (55, 100), (55, 101), (55, 103), (55, 109), (55, 111), (55, 112), (55, 114), (55, 116), (55, 117), (55, 120), (55, 121), (55, 123), (55, 124), (55, 126), (55, 128), (55, 129), (55, 130), (55, 131), (55, 134), (55, 136), (55, 140), (55, 141), (55, 142), (55, 143), (55, 145), (55, 146), (55, 147), (55, 148), (55, 149), (56, 58), (56, 59), (56, 60), (56, 62), (56, 65), (56, 66), (56, 68), (56, 69), (56, 71), (56, 73), (56, 74), (56, 76), (56, 77), (56, 80), (56, 82), (56, 84), (56, 85), (56, 89), (56, 90), (56, 93), (56, 96), (56, 97), (56, 103), (56, 105), (56, 108), (56, 112), (56, 113), (56, 114), (56, 115), (56, 116), (56, 118), (56, 120), (56, 122), (56, 124), (56, 127), (56, 128), (56, 129), (56, 130), (56, 132), (56, 133), (56, 140), (56, 141), (56, 143), (56, 144), (56, 145), (56, 147), (56, 148), (57, 58), (57, 59), (57, 60), (57, 61), (57, 62), (57, 63), (57, 66), (57, 67), (57, 69), (57, 72), (57, 74), (57, 76), (57, 77), (57, 78), (57, 80), (57, 81), (57, 85), (57, 87), (57, 90), (57, 91), (57, 92), (57, 93), (57, 95), (57, 96), (57, 97), (57, 98), (57, 99), (57, 100), (57, 101), (57, 102), (57, 103), (57, 107), (57, 108), (57, 110), (57, 112), (57, 113), (57, 117), (57, 118), (57, 119), (57, 121), (57, 123), (57, 126), (57, 129), (57, 130), (57, 133), (57, 134), (57, 135), (57, 137), (57, 138), (57, 139), (57, 140), (57, 141), (57, 142), (57, 145), (57, 146), (57, 147), (57, 148), (57, 149), (58, 59), (58, 60), (58, 61), (58, 63), (58, 67), (58, 68), (58, 70), (58, 73), (58, 79), (58, 80), (58, 82), (58, 84), (58, 86), (58, 87), (58, 88), (58, 92), (58, 93), (58, 95), (58, 100), (58, 102), (58, 103), (58, 105), (58, 111), (58, 113), (58, 114), (58, 119), (58, 120), (58, 121), (58, 122), (58, 123), (58, 124), (58, 125), (58, 128), (58, 129), (58, 131), (58, 133), (58, 134), (58, 135), (58, 136), (58, 138), (58, 143), (58, 144), (58, 145), (58, 147), (58, 148), (59, 60), (59, 63), (59, 64), (59, 65), (59, 66), (59, 68), (59, 70), (59, 71), (59, 73), (59, 74), (59, 75), (59, 76), (59, 77), (59, 81), (59, 85), (59, 88), (59, 89), (59, 93), (59, 94), (59, 95), (59, 96), (59, 97), (59, 98), (59, 100), (59, 101), (59, 102), (59, 104), (59, 106), (59, 108), (59, 109), (59, 110), (59, 112), (59, 113), (59, 114), (59, 115), (59, 116), (59, 117), (59, 119), (59, 120), (59, 122), (59, 125), (59, 127), (59, 128), (59, 132), (59, 133), (59, 134), (59, 137), (59, 139), (59, 140), (59, 143), (59, 144), (59, 147), (59, 149), (60, 63), (60, 66), (60, 67), (60, 68), (60, 70), (60, 74), (60, 75), (60, 77), (60, 78), (60, 79), (60, 80), (60, 82), (60, 83), (60, 84), (60, 85), (60, 86), (60, 87), (60, 88), (60, 89), (60, 91), (60, 92), (60, 93), (60, 94), (60, 99), (60, 100), (60, 101), (60, 105), (60, 106), (60, 107), (60, 108), (60, 109), (60, 110), (60, 111), (60, 112), (60, 113), (60, 114), (60, 118), (60, 119), (60, 120), (60, 122), (60, 124), (60, 126), (60, 129), (60, 130), (60, 131), (60, 134), (60, 136), (60, 137), (60, 138), (60, 140), (60, 141), (60, 142), (60, 144), (60, 145), (60, 147), (60, 149), (61, 62), (61, 63), (61, 64), (61, 68), (61, 69), (61, 73), (61, 77), (61, 78), (61, 81), (61, 83), (61, 84), (61, 85), (61, 89), (61, 90), (61, 91), (61, 94), (61, 98), (61, 99), (61, 100), (61, 102), (61, 105), (61, 107), (61, 110), (61, 111), (61, 112), (61, 113), (61, 114), (61, 115), (61, 116), (61, 118), (61, 119), (61, 121), (61, 123), (61, 124), (61, 125), (61, 129), (61, 130), (61, 132), (61, 133), (61, 134), (61, 136), (61, 140), (61, 141), (61, 142), (61, 144), (61, 146), (61, 147), (61, 148), (61, 149), (62, 63), (62, 64), (62, 67), (62, 70), (62, 73), (62, 74), (62, 75), (62, 76), (62, 77), (62, 78), (62, 79), (62, 80), (62, 86), (62, 88), (62, 89), (62, 90), (62, 92), (62, 93), (62, 95), (62, 96), (62, 98), (62, 100), (62, 101), (62, 105), (62, 108), (62, 110), (62, 112), (62, 113), (62, 114), (62, 115), (62, 116), (62, 117), (62, 118), (62, 120), (62, 122), (62, 124), (62, 125), (62, 126), (62, 128), (62, 129), (62, 130), (62, 131), (62, 133), (62, 137), (62, 138), (62, 141), (62, 142), (62, 146), (62, 149), (63, 65), (63, 66), (63, 69), (63, 70), (63, 71), (63, 73), (63, 74), (63, 75), (63, 76), (63, 77), (63, 82), (63, 83), (63, 85), (63, 86), (63, 87), (63, 90), (63, 91), (63, 93), (63, 95), (63, 97), (63, 98), (63, 99), (63, 100), (63, 101), (63, 102), (63, 104), (63, 106), (63, 108), (63, 109), (63, 110), (63, 112), (63, 113), (63, 116), (63, 117), (63, 121), (63, 124), (63, 125), (63, 126), (63, 129), (63, 131), (63, 133), (63, 136), (63, 139), (63, 140), (63, 143), (63, 145), (63, 147), (63, 149), (64, 66), (64, 68), (64, 69), (64, 70), (64, 78), (64, 80), (64, 83), (64, 87), (64, 90), (64, 92), (64, 93), (64, 98), (64, 100), (64, 102), (64, 104), (64, 106), (64, 110), (64, 111), (64, 113), (64, 115), (64, 117), (64, 118), (64, 119), (64, 121), (64, 122), (64, 123), (64, 124), (64, 127), (64, 128), (64, 130), (64, 134), (64, 135), (64, 137), (64, 138), (64, 140), (64, 141), (64, 142), (64, 143), (64, 144), (64, 145), (64, 146), (65, 66), (65, 67), (65, 68), (65, 70), (65, 71), (65, 73), (65, 74), (65, 75), (65, 78), (65, 82), (65, 83), (65, 84), (65, 85), (65, 87), (65, 88), (65, 89), (65, 92), (65, 93), (65, 95), (65, 96), (65, 97), (65, 98), (65, 99), (65, 100), (65, 101), (65, 103), (65, 104), (65, 105), (65, 106), (65, 108), (65, 109), (65, 111), (65, 113), (65, 117), (65, 119), (65, 120), (65, 121), (65, 122), (65, 124), (65, 127), (65, 128), (65, 129), (65, 130), (65, 131), (65, 133), (65, 136), (65, 137), (65, 139), (65, 142), (65, 144), (65, 145), (65, 148), (65, 149), (66, 67), (66, 68), (66, 70), (66, 71), (66, 72), (66, 74), (66, 75), (66, 76), (66, 79), (66, 80), (66, 81), (66, 83), (66, 84), (66, 85), (66, 87), (66, 89), (66, 90), (66, 91), (66, 92), (66, 93), (66, 94), (66, 95), (66, 96), (66, 98), (66, 99), (66, 101), (66, 102), (66, 103), (66, 104), (66, 105), (66, 106), (66, 108), (66, 113), (66, 115), (66, 119), (66, 120), (66, 122), (66, 124), (66, 125), (66, 126), (66, 129), (66, 131), (66, 133), (66, 135), (66, 136), (66, 137), (66, 139), (66, 140), (66, 142), (66, 143), (66, 145), (66, 146), (66, 147), (66, 148), (67, 69), (67, 71), (67, 72), (67, 73), (67, 74), (67, 78), (67, 81), (67, 82), (67, 84), (67, 86), (67, 87), (67, 88), (67, 90), (67, 92), (67, 93), (67, 98), (67, 99), (67, 100), (67, 104), (67, 107), (67, 109), (67, 113), (67, 114), (67, 115), (67, 116), (67, 117), (67, 119), (67, 121), (67, 122), (67, 123), (67, 125), (67, 126), (67, 128), (67, 130), (67, 132), (67, 133), (67, 134), (67, 135), (67, 136), (67, 139), (67, 140), (67, 145), (67, 146), (67, 147), (67, 148), (67, 149), (68, 72), (68, 74), (68, 78), (68, 82), (68, 83), (68, 87), (68, 88), (68, 93), (68, 95), (68, 98), (68, 99), (68, 100), (68, 102), (68, 104), (68, 105), (68, 108), (68, 109), (68, 111), (68, 113), (68, 114), (68, 116), (68, 117), (68, 118), (68, 120), (68, 122), (68, 124), (68, 125), (68, 126), (68, 128), (68, 130), (68, 133), (68, 134), (68, 135), (68, 137), (68, 138), (68, 139), (68, 141), (68, 144), (68, 145), (68, 146), (68, 147), (68, 149), (69, 71), (69, 74), (69, 75), (69, 76), (69, 77), (69, 78), (69, 79), (69, 80), (69, 82), (69, 86), (69, 89), (69, 90), (69, 93), (69, 95), (69, 102), (69, 103), (69, 106), (69, 108), (69, 109), (69, 110), (69, 112), (69, 113), (69, 117), (69, 118), (69, 119), (69, 120), (69, 121), (69, 122), (69, 125), (69, 126), (69, 127), (69, 128), (69, 129), (69, 131), (69, 132), (69, 134), (69, 135), (69, 137), (69, 138), (69, 140), (69, 141), (69, 143), (69, 145), (69, 146), (69, 149), (70, 71), (70, 74), (70, 75), (70, 77), (70, 78), (70, 79), (70, 82), (70, 83), (70, 84), (70, 86), (70, 89), (70, 92), (70, 96), (70, 99), (70, 101), (70, 102), (70, 103), (70, 104), (70, 106), (70, 107), (70, 111), (70, 113), (70, 115), (70, 117), (70, 118), (70, 119), (70, 121), (70, 122), (70, 123), (70, 125), (70, 126), (70, 127), (70, 128), (70, 132), (70, 137), (70, 138), (70, 139), (70, 140), (70, 141), (70, 143), (70, 146), (70, 147), (70, 148), (70, 149), (71, 72), (71, 73), (71, 74), (71, 75), (71, 76), (71, 77), (71, 78), (71, 81), (71, 82), (71, 83), (71, 86), (71, 89), (71, 92), (71, 94), (71, 95), (71, 96), (71, 97), (71, 99), (71, 101), (71, 102), (71, 103), (71, 108), (71, 109), (71, 114), (71, 115), (71, 116), (71, 119), (71, 120), (71, 121), (71, 122), (71, 123), (71, 124), (71, 125), (71, 126), (71, 127), (71, 128), (71, 129), (71, 130), (71, 132), (71, 134), (71, 135), (71, 136), (71, 138), (71, 139), (71, 140), (71, 145), (71, 147), (71, 148), (72, 75), (72, 76), (72, 77), (72, 78), (72, 81), (72, 82), (72, 83), (72, 85), (72, 87), (72, 88), (72, 89), (72, 91), (72, 92), (72, 93), (72, 94), (72, 95), (72, 97), (72, 98), (72, 101), (72, 105), (72, 106), (72, 107), (72, 110), (72, 113), (72, 115), (72, 116), (72, 117), (72, 120), (72, 121), (72, 123), (72, 125), (72, 129), (72, 130), (72, 133), (72, 138), (72, 141), (72, 142), (72, 144), (72, 149), (73, 74), (73, 75), (73, 78), (73, 79), (73, 81), (73, 83), (73, 84), (73, 87), (73, 88), (73, 93), (73, 97), (73, 98), (73, 100), (73, 101), (73, 103), (73, 104), (73, 105), (73, 106), (73, 110), (73, 111), (73, 112), (73, 113), (73, 114), (73, 115), (73, 116), (73, 118), (73, 119), (73, 120), (73, 121), (73, 124), (73, 126), (73, 127), (73, 130), (73, 131), (73, 133), (73, 134), (73, 135), (73, 136), (73, 140), (73, 143), (73, 145), (73, 148), (74, 75), (74, 77), (74, 78), (74, 79), (74, 80), (74, 82), (74, 89), (74, 91), (74, 93), (74, 94), (74, 95), (74, 98), (74, 101), (74, 102), (74, 103), (74, 105), (74, 111), (74, 112), (74, 113), (74, 114), (74, 115), (74, 116), (74, 118), (74, 121), (74, 124), (74, 127), (74, 130), (74, 131), (74, 132), (74, 133), (74, 134), (74, 137), (74, 139), (74, 140), (74, 141), (74, 144), (74, 145), (74, 147), (75, 77), (75, 80), (75, 81), (75, 82), (75, 85), (75, 86), (75, 87), (75, 88), (75, 89), (75, 90), (75, 91), (75, 92), (75, 93), (75, 94), (75, 96), (75, 98), (75, 99), (75, 100), (75, 101), (75, 107), (75, 108), (75, 109), (75, 111), (75, 112), (75, 113), (75, 116), (75, 117), (75, 118), (75, 124), (75, 125), (75, 127), (75, 128), (75, 129), (75, 130), (75, 131), (75, 132), (75, 133), (75, 134), (75, 135), (75, 136), (75, 137), (75, 138), (75, 142), (75, 143), (75, 145), (75, 148), (75, 149), (76, 77), (76, 78), (76, 81), (76, 85), (76, 87), (76, 90), (76, 91), (76, 92), (76, 93), (76, 94), (76, 95), (76, 96), (76, 97), (76, 98), (76, 99), (76, 100), (76, 101), (76, 102), (76, 104), (76, 105), (76, 106), (76, 107), (76, 109), (76, 110), (76, 111), (76, 112), (76, 113), (76, 116), (76, 120), (76, 121), (76, 122), (76, 123), (76, 124), (76, 125), (76, 126), (76, 127), (76, 132), (76, 135), (76, 136), (76, 137), (76, 140), (76, 141), (76, 142), (76, 145), (76, 148), (76, 149), (77, 82), (77, 84), (77, 87), (77, 88), (77, 89), (77, 95), (77, 101), (77, 103), (77, 106), (77, 107), (77, 108), (77, 109), (77, 110), (77, 112), (77, 114), (77, 115), (77, 116), (77, 119), (77, 121), (77, 122), (77, 124), (77, 128), (77, 130), (77, 131), (77, 132), (77, 134), (77, 135), (77, 137), (77, 138), (77, 139), (77, 140), (77, 141), (77, 145), (78, 79), (78, 83), (78, 84), (78, 86), (78, 88), (78, 89), (78, 91), (78, 93), (78, 95), (78, 97), (78, 99), (78, 100), (78, 101), (78, 102), (78, 103), (78, 104), (78, 105), (78, 106), (78, 107), (78, 108), (78, 109), (78, 110), (78, 111), (78, 113), (78, 117), (78, 118), (78, 120), (78, 123), (78, 125), (78, 128), (78, 132), (78, 134), (78, 135), (78, 138), (78, 139), (78, 140), (78, 142), (78, 144), (78, 148), (78, 149), (79, 80), (79, 81), (79, 82), (79, 83), (79, 87), (79, 91), (79, 92), (79, 94), (79, 96), (79, 101), (79, 103), (79, 104), (79, 106), (79, 108), (79, 110), (79, 111), (79, 115), (79, 117), (79, 118), (79, 120), (79, 121), (79, 122), (79, 124), (79, 125), (79, 127), (79, 134), (79, 135), (79, 136), (79, 138), (79, 139), (79, 142), (79, 143), (79, 144), (79, 145), (79, 148), (80, 81), (80, 82), (80, 84), (80, 89), (80, 90), (80, 91), (80, 92), (80, 93), (80, 94), (80, 96), (80, 102), (80, 103), (80, 105), (80, 107), (80, 108), (80, 109), (80, 121), (80, 122), (80, 123), (80, 124), (80, 128), (80, 134), (80, 138), (80, 139), (80, 140), (80, 141), (80, 144), (80, 145), (80, 146), (80, 148), (81, 82), (81, 88), (81, 89), (81, 92), (81, 93), (81, 95), (81, 97), (81, 98), (81, 101), (81, 106), (81, 111), (81, 113), (81, 114), (81, 115), (81, 116), (81, 117), (81, 118), (81, 119), (81, 120), (81, 124), (81, 126), (81, 131), (81, 133), (81, 134), (81, 136), (81, 137), (81, 138), (81, 139), (81, 140), (81, 141), (81, 143), (81, 144), (81, 145), (81, 146), (81, 149), (82, 83), (82, 84), (82, 85), (82, 89), (82, 91), (82, 94), (82, 95), (82, 96), (82, 97), (82, 101), (82, 103), (82, 104), (82, 105), (82, 106), (82, 109), (82, 113), (82, 114), (82, 115), (82, 116), (82, 117), (82, 118), (82, 121), (82, 122), (82, 126), (82, 127), (82, 128), (82, 129), (82, 130), (82, 134), (82, 135), (82, 137), (82, 141), (82, 144), (82, 146), (82, 147), (82, 148), (83, 85), (83, 87), (83, 88), (83, 90), (83, 91), (83, 92), (83, 93), (83, 94), (83, 95), (83, 96), (83, 98), (83, 101), (83, 102), (83, 103), (83, 106), (83, 108), (83, 109), (83, 110), (83, 112), (83, 113), (83, 114), (83, 115), (83, 118), (83, 119), (83, 120), (83, 121), (83, 123), (83, 124), (83, 126), (83, 128), (83, 131), (83, 136), (83, 138), (83, 140), (83, 141), (83, 142), (83, 145), (83, 146), (83, 147), (84, 86), (84, 87), (84, 89), (84, 90), (84, 93), (84, 94), (84, 96), (84, 97), (84, 102), (84, 105), (84, 107), (84, 109), (84, 111), (84, 112), (84, 115), (84, 116), (84, 117), (84, 119), (84, 122), (84, 123), (84, 124), (84, 125), (84, 127), (84, 129), (84, 130), (84, 132), (84, 134), (84, 137), (84, 138), (84, 139), (84, 140), (84, 143), (84, 144), (84, 146), (84, 147), (84, 148), (84, 149), (85, 86), (85, 88), (85, 89), (85, 90), (85, 92), (85, 93), (85, 94), (85, 95), (85, 96), (85, 97), (85, 99), (85, 101), (85, 102), (85, 104), (85, 106), (85, 107), (85, 112), (85, 113), (85, 114), (85, 115), (85, 117), (85, 118), (85, 119), (85, 120), (85, 122), (85, 124), (85, 125), (85, 126), (85, 127), (85, 128), (85, 132), (85, 133), (85, 135), (85, 138), (85, 139), (85, 140), (85, 143), (85, 144), (85, 146), (85, 147), (85, 148), (85, 149), (86, 87), (86, 88), (86, 90), (86, 91), (86, 94), (86, 95), (86, 96), (86, 97), (86, 100), (86, 101), (86, 102), (86, 103), (86, 105), (86, 106), (86, 107), (86, 108), (86, 109), (86, 110), (86, 112), (86, 113), (86, 114), (86, 117), (86, 120), (86, 121), (86, 123), (86, 125), (86, 126), (86, 128), (86, 129), (86, 134), (86, 135), (86, 136), (86, 138), (86, 141), (86, 143), (86, 144), (86, 145), (86, 146), (86, 147), (86, 148), (86, 149), (87, 88), (87, 94), (87, 96), (87, 97), (87, 98), (87, 101), (87, 102), (87, 103), (87, 108), (87, 109), (87, 110), (87, 112), (87, 115), (87, 116), (87, 118), (87, 119), (87, 120), (87, 122), (87, 123), (87, 126), (87, 130), (87, 131), (87, 133), (87, 134), (87, 135), (87, 140), (87, 144), (87, 145), (87, 148), (87, 149), (88, 89), (88, 90), (88, 91), (88, 93), (88, 97), (88, 98), (88, 99), (88, 102), (88, 103), (88, 104), (88, 105), (88, 111), (88, 113), (88, 114), (88, 116), (88, 117), (88, 120), (88, 121), (88, 122), (88, 123), (88, 124), (88, 126), (88, 129), (88, 130), (88, 131), (88, 133), (88, 134), (88, 135), (88, 136), (88, 137), (88, 142), (88, 143), (88, 146), (88, 147), (88, 148), (88, 149), (89, 90), (89, 91), (89, 92), (89, 94), (89, 95), (89, 98), (89, 101), (89, 102), (89, 104), (89, 107), (89, 109), (89, 111), (89, 116), (89, 117), (89, 121), (89, 123), (89, 124), (89, 129), (89, 130), (89, 132), (89, 133), (89, 134), (89, 135), (89, 136), (89, 137), (89, 139), (89, 142), (89, 144), (89, 145), (90, 91), (90, 92), (90, 93), (90, 96), (90, 98), (90, 99), (90, 100), (90, 101), (90, 105), (90, 106), (90, 107), (90, 108), (90, 111), (90, 113), (90, 114), (90, 118), (90, 120), (90, 124), (90, 125), (90, 126), (90, 128), (90, 131), (90, 132), (90, 134), (90, 135), (90, 136), (90, 137), (90, 138), (90, 141), (90, 142), (90, 146), (91, 92), (91, 94), (91, 95), (91, 96), (91, 97), (91, 98), (91, 99), (91, 102), (91, 103), (91, 104), (91, 106), (91, 107), (91, 108), (91, 109), (91, 110), (91, 114), (91, 116), (91, 121), (91, 122), (91, 123), (91, 124), (91, 125), (91, 126), (91, 128), (91, 131), (91, 132), (91, 133), (91, 134), (91, 141), (91, 142), (91, 143), (91, 144), (91, 146), (91, 147), (91, 148), (91, 149), (92, 94), (92, 97), (92, 99), (92, 100), (92, 101), (92, 102), (92, 106), (92, 108), (92, 109), (92, 114), (92, 116), (92, 117), (92, 118), (92, 119), (92, 121), (92, 122), (92, 123), (92, 124), (92, 125), (92, 127), (92, 128), (92, 130), (92, 133), (92, 134), (92, 135), (92, 139), (92, 144), (92, 149), (93, 94), (93, 95), (93, 96), (93, 100), (93, 102), (93, 104), (93, 106), (93, 108), (93, 110), (93, 111), (93, 116), (93, 119), (93, 121), (93, 127), (93, 130), (93, 132), (93, 133), (93, 134), (93, 136), (93, 138), (93, 141), (93, 144), (94, 96), (94, 97), (94, 99), (94, 100), (94, 104), (94, 105), (94, 108), (94, 109), (94, 112), (94, 116), (94, 117), (94, 120), (94, 122), (94, 123), (94, 124), (94, 126), (94, 127), (94, 128), (94, 130), (94, 131), (94, 137), (94, 138), (94, 139), (94, 140), (94, 141), (94, 143), (94, 145), (94, 146), (94, 147), (94, 148), (94, 149), (95, 96), (95, 99), (95, 101), (95, 102), (95, 103), (95, 104), (95, 105), (95, 107), (95, 109), (95, 110), (95, 112), (95, 113), (95, 114), (95, 115), (95, 119), (95, 120), (95, 121), (95, 122), (95, 123), (95, 126), (95, 128), (95, 129), (95, 131), (95, 134), (95, 136), (95, 137), (95, 139), (95, 140), (95, 142), (95, 145), (95, 146), (95, 147), (95, 149), (96, 100), (96, 101), (96, 102), (96, 104), (96, 105), (96, 106), (96, 108), (96, 109), (96, 111), (96, 112), (96, 113), (96, 116), (96, 118), (96, 121), (96, 123), (96, 124), (96, 125), (96, 126), (96, 128), (96, 129), (96, 130), (96, 131), (96, 133), (96, 134), (96, 136), (96, 138), (96, 139), (96, 140), (96, 141), (96, 142), (96, 143), (96, 145), (96, 146), (96, 147), (96, 148), (96, 149), (97, 98), (97, 99), (97, 100), (97, 101), (97, 103), (97, 105), (97, 107), (97, 108), (97, 111), (97, 112), (97, 113), (97, 117), (97, 118), (97, 119), (97, 122), (97, 125), (97, 126), (97, 128), (97, 132), (97, 134), (97, 135), (97, 137), (97, 138), (97, 140), (97, 145), (97, 148), (97, 149), (98, 99), (98, 100), (98, 101), (98, 102), (98, 103), (98, 104), (98, 105), (98, 107), (98, 109), (98, 110), (98, 111), (98, 114), (98, 115), (98, 116), (98, 117), (98, 118), (98, 121), (98, 122), (98, 123), (98, 124), (98, 125), (98, 127), (98, 128), (98, 129), (98, 133), (98, 135), (98, 136), (98, 137), (98, 139), (98, 140), (98, 141), (98, 142), (98, 143), (98, 147), (98, 148), (98, 149), (99, 102), (99, 103), (99, 104), (99, 105), (99, 106), (99, 108), (99, 109), (99, 110), (99, 113), (99, 114), (99, 115), (99, 116), (99, 118), (99, 119), (99, 121), (99, 123), (99, 124), (99, 126), (99, 127), (99, 128), (99, 131), (99, 132), (99, 134), (99, 136), (99, 137), (99, 138), (99, 139), (99, 140), (99, 142), (99, 148), (100, 102), (100, 104), (100, 105), (100, 106), (100, 107), (100, 108), (100, 110), (100, 111), (100, 113), (100, 115), (100, 116), (100, 117), (100, 119), (100, 121), (100, 122), (100, 123), (100, 124), (100, 126), (100, 128), (100, 129), (100, 130), (100, 131), (100, 132), (100, 133), (100, 135), (100, 137), (100, 138), (100, 139), (100, 140), (100, 143), (100, 146), (100, 147), (100, 149), (101, 103), (101, 104), (101, 105), (101, 106), (101, 108), (101, 109), (101, 112), (101, 113), (101, 114), (101, 116), (101, 117), (101, 118), (101, 119), (101, 121), (101, 123), (101, 124), (101, 127), (101, 132), (101, 134), (101, 139), (101, 141), (101, 142), (101, 146), (101, 147), (101, 148), (101, 149), (102, 103), (102, 104), (102, 105), (102, 107), (102, 108), (102, 110), (102, 114), (102, 117), (102, 118), (102, 121), (102, 122), (102, 123), (102, 124), (102, 126), (102, 127), (102, 128), (102, 129), (102, 130), (102, 131), (102, 135), (102, 137), (102, 138), (102, 139), (102, 140), (102, 141), (102, 142), (102, 144), (102, 145), (102, 149), (103, 104), (103, 106), (103, 107), (103, 109), (103, 112), (103, 113), (103, 115), (103, 116), (103, 118), (103, 119), (103, 120), (103, 121), (103, 122), (103, 123), (103, 125), (103, 129), (103, 130), (103, 132), (103, 136), (103, 138), (103, 139), (103, 140), (103, 142), (103, 146), (103, 149), (104, 105), (104, 106), (104, 108), (104, 113), (104, 116), (104, 117), (104, 119), (104, 120), (104, 121), (104, 127), (104, 130), (104, 133), (104, 140), (104, 142), (104, 143), (104, 144), (104, 145), (104, 146), (104, 147), (104, 149), (105, 106), (105, 108), (105, 111), (105, 112), (105, 114), (105, 116), (105, 117), (105, 121), (105, 122), (105, 123), (105, 125), (105, 130), (105, 133), (105, 135), (105, 136), (105, 139), (105, 141), (105, 142), (105, 143), (105, 145), (105, 146), (105, 147), (106, 108), (106, 110), (106, 111), (106, 112), (106, 113), (106, 117), (106, 118), (106, 119), (106, 121), (106, 125), (106, 128), (106, 130), (106, 132), (106, 133), (106, 134), (106, 135), (106, 141), (106, 146), (106, 147), (106, 148), (107, 108), (107, 111), (107, 114), (107, 115), (107, 116), (107, 118), (107, 119), (107, 120), (107, 121), (107, 123), (107, 127), (107, 128), (107, 129), (107, 130), (107, 135), (107, 136), (107, 140), (107, 141), (107, 142), (108, 109), (108, 111), (108, 113), (108, 115), (108, 117), (108, 118), (108, 121), (108, 123), (108, 124), (108, 125), (108, 127), (108, 130), (108, 132), (108, 133), (108, 135), (108, 136), (108, 137), (108, 140), (108, 141), (108, 144), (108, 145), (108, 146), (108, 148), (108, 149), (109, 110), (109, 112), (109, 114), (109, 116), (109, 117), (109, 121), (109, 122), (109, 127), (109, 128), (109, 129), (109, 131), (109, 132), (109, 135), (109, 137), (109, 138), (109, 140), (109, 141), (109, 143), (109, 146), (109, 147), (109, 148), (109, 149), (110, 112), (110, 115), (110, 116), (110, 117), (110, 121), (110, 122), (110, 124), (110, 125), (110, 126), (110, 127), (110, 128), (110, 130), (110, 131), (110, 132), (110, 134), (110, 135), (110, 136), (110, 138), (110, 139), (110, 140), (110, 141), (110, 143), (110, 145), (110, 147), (111, 112), (111, 115), (111, 116), (111, 117), (111, 118), (111, 119), (111, 120), (111, 123), (111, 125), (111, 128), (111, 130), (111, 131), (111, 133), (111, 134), (111, 136), (111, 137), (111, 138), (111, 139), (111, 140), (111, 141), (111, 142), (111, 143), (111, 144), (111, 146), (111, 149), (112, 113), (112, 115), (112, 116), (112, 117), (112, 118), (112, 119), (112, 120), (112, 121), (112, 123), (112, 125), (112, 130), (112, 131), (112, 132), (112, 135), (112, 136), (112, 138), (112, 139), (112, 140), (112, 141), (112, 142), (112, 143), (112, 147), (112, 149), (113, 115), (113, 117), (113, 118), (113, 119), (113, 121), (113, 122), (113, 124), (113, 125), (113, 126), (113, 127), (113, 132), (113, 134), (113, 135), (113, 136), (113, 138), (113, 139), (113, 141), (113, 142), (113, 143), (113, 145), (113, 146), (113, 147), (113, 148), (114, 115), (114, 117), (114, 118), (114, 119), (114, 120), (114, 121), (114, 123), (114, 126), (114, 127), (114, 129), (114, 132), (114, 134), (114, 136), (114, 137), (114, 140), (114, 142), (114, 144), (114, 145), (114, 148), (115, 117), (115, 119), (115, 120), (115, 122), (115, 125), (115, 126), (115, 129), (115, 130), (115, 131), (115, 132), (115, 133), (115, 134), (115, 135), (115, 136), (115, 139), (115, 140), (115, 143), (115, 144), (115, 145), (115, 146), (115, 147), (115, 148), (116, 117), (116, 118), (116, 119), (116, 120), (116, 122), (116, 123), (116, 125), (116, 126), (116, 127), (116, 128), (116, 129), (116, 131), (116, 134), (116, 136), (116, 140), (116, 142), (116, 143), (116, 144), (116, 145), (116, 146), (116, 148), (116, 149), (117, 118), (117, 120), (117, 121), (117, 123), (117, 124), (117, 125), (117, 126), (117, 128), (117, 129), (117, 130), (117, 131), (117, 133), (117, 134), (117, 135), (117, 136), (117, 137), (117, 139), (117, 141), (117, 143), (117, 145), (117, 146), (117, 147), (117, 149), (118, 119), (118, 120), (118, 121), (118, 122), (118, 123), (118, 124), (118, 126), (118, 127), (118, 128), (118, 133), (118, 137), (118, 138), (118, 139), (118, 142), (118, 144), (118, 145), (118, 146), (118, 148), (118, 149), (119, 120), (119, 122), (119, 124), (119, 125), (119, 127), (119, 128), (119, 129), (119, 130), (119, 131), (119, 132), (119, 133), (119, 136), (119, 137), (119, 138), (119, 141), (119, 142), (119, 144), (119, 146), (119, 147), (119, 148), (119, 149), (120, 121), (120, 122), (120, 124), (120, 125), (120, 126), (120, 129), (120, 130), (120, 133), (120, 135), (120, 136), (120, 137), (120, 138), (120, 139), (120, 140), (120, 141), (120, 142), (120, 143), (120, 144), (120, 145), (120, 146), (120, 147), (120, 148), (120, 149), (121, 122), (121, 123), (121, 125), (121, 127), (121, 128), (121, 129), (121, 131), (121, 133), (121, 136), (121, 137), (121, 139), (121, 141), (121, 142), (121, 144), (121, 147), (121, 148), (121, 149), (122, 125), (122, 131), (122, 133), (122, 135), (122, 136), (122, 138), (122, 140), (122, 142), (122, 143), (122, 145), (122, 146), (122, 149), (123, 124), (123, 125), (123, 126), (123, 127), (123, 128), (123, 129), (123, 131), (123, 133), (123, 137), (123, 138), (123, 141), (123, 142), (123, 143), (123, 149), (124, 128), (124, 129), (124, 130), (124, 133), (124, 134), (124, 136), (124, 137), (124, 138), (124, 139), (124, 143), (124, 144), (124, 146), (124, 147), (125, 128), (125, 129), (125, 131), (125, 132), (125, 133), (125, 134), (125, 139), (125, 140), (125, 144), (125, 145), (125, 146), (125, 147), (125, 149), (126, 127), (126, 128), (126, 129), (126, 131), (126, 132), (126, 133), (126, 135), (126, 137), (126, 139), (126, 140), (126, 144), (126, 145), (126, 146), (126, 147), (127, 129), (127, 130), (127, 131), (127, 133), (127, 134), (127, 135), (127, 136), (127, 138), (127, 139), (127, 140), (127, 141), (127, 142), (127, 144), (127, 145), (127, 147), (127, 148), (128, 129), (128, 130), (128, 132), (128, 133), (128, 135), (128, 136), (128, 138), (128, 141), (128, 142), (128, 146), (128, 149), (129, 133), (129, 136), (129, 137), (129, 138), (129, 139), (129, 140), (129, 141), (129, 142), (129, 143), (129, 145), (129, 146), (129, 148), (129, 149), (130, 131), (130, 134), (130, 137), (130, 140), (130, 141), (130, 144), (130, 145), (130, 147), (131, 132), (131, 134), (131, 135), (131, 136), (131, 137), (131, 138), (131, 139), (131, 140), (131, 141), (131, 143), (131, 145), (131, 149), (132, 134), (132, 135), (132, 136), (132, 137), (132, 138), (132, 139), (132, 141), (132, 147), (132, 148), (132, 149), (133, 138), (133, 140), (133, 141), (133, 143), (133, 145), (133, 146), (133, 147), (134, 136), (134, 137), (134, 138), (134, 142), (134, 143), (134, 145), (134, 146), (134, 148), (134, 149), (135, 137), (135, 138), (135, 139), (135, 140), (135, 141), (135, 142), (135, 144), (135, 146), (135, 147), (135, 148), (136, 137), (136, 138), (136, 142), (136, 143), (136, 144), (136, 146), (136, 147), (136, 149), (137, 140), (137, 142), (137, 143), (137, 144), (137, 145), (137, 147), (137, 148), (137, 149), (138, 142), (138, 143), (138, 145), (138, 147), (138, 149), (139, 140), (139, 143), (139, 146), (139, 147), (139, 148), (139, 149), (140, 145), (141, 144), (141, 146), (141, 147), (141, 148), (142, 143), (142, 147), (143, 144), (143, 146), (143, 147), (144, 145), (144, 149), (145, 146), (145, 147), (145, 149), (146, 147), (146, 149), (147, 148), 
log2_p_plus:          -1.17521
log2_1_minus_p_plus:  -0.843784
log2_p_minus:         -1.17521
log2_1_minus_p_minus: -0.843784
p_plus:  0.44282
p_minus: 0.44282

  Beginning edge heuristic pre-computation...
  ...Finished edge heuristic pre-computation.
The special edge set gets a score of -9287.99

Beginning Iteration 1...
	Mutating
	Mating
	Scoring
...Finished iteration with a best score of -9429.28

Beginning Iteration 2...
	Mutating
	Mating
	Scoring
...Finished iteration with a best score of -9429.28

Beginning Iteration 3...
	Mutating
	Mating
	Scoring
...Finished iteration with a best score of -9429.28

Beginning Iteration 4...
	Mutating
	Mating
	Scoring
...Finished iteration with a best score of -9429.28

Beginning Iteration 5...
	Mutating
	Mating
	Scoring
...Finished iteration with a best score of -9429.28

Beginning Iteration 6...
	Mutating
	Mating
	Scoring
...Finished iteration with a best score of -9429.28

Beginning Iteration 7...
	Mutating
	Mating
	Scoring
...Finished iteration with a best score of -9429.28

Beginning Iteration 8...
	Mutating
	Mating
	Scoring
...Finished iteration with a best score of -9429.28

Beginning Iteration 9...
	Mutating
	Mating
	Scoring
...Finished iteration with a best score of -9429.28

Beginning Iteration 10...
	Mutating
	Mating
	Scoring
...Finished iteration with a best score of -9429.28

Beginning Iteration 11...
	Mutating
	Mating
	Scoring
...Finished iteration with a best score of -9429.28

Beginning Iteration 12...
	Mutating
	Mating
	Scoring
...Finished iteration with a best score of -9429.28

Beginning Iteration 13...
	Mutating
	Mating
	Scoring
...Finished iteration with a best score of -9429.28

Beginning Iteration 14...
	Mutating
	Mating
	Scoring
...Finished iteration with a best score of -9429.28

Beginning Iteration 15...
	Mutating
	Mating
	Scoring
...Finished iteration with a best score of -9429.28

Beginning Iteration 16...
	Mutating
	Mating
	Scoring
...Finished iteration with a best score of -9429.28

Beginning Iteration 17...
	Mutating
	Mating
	Scoring
...Finished iteration with a best score of -9429.28

Beginning Iteration 18...
	Mutating
	Mating
	Scoring
...Finished iteration with a best score of -9429.28

Beginning Iteration 19...
	Mutating
	Mating
	Scoring
...Finished iteration with a best score of -9429.28

Beginning Iteration 20...
	Mutating
	Mating
	Scoring
...Finished iteration with a best score of -9429.28

Beginning Iteration 21...
	Mutating
	Mating
	Scoring
...Finished iteration with a best score of -9429.28

Beginning Iteration 22...
	Mutating
	Mating
	Scoring
...Finished iteration with a best score of -9429.28

Beginning Iteration 23...
	Mutating
	Mating
	Scoring
...Finished iteration with a best score of -9429.28

Beginning Iteration 24...
	Mutating
	Mating
	Scoring
...Finished iteration with a best score of -9429.28

Beginning Iteration 25...
	Mutating
	Mating
	Scoring
...Finished iteration with a best score of -9429.28

Beginning Iteration 26...
	Mutating
	Mating
	Scoring
...Finished iteration with a best score of -9429.28

Beginning Iteration 27...
	Mutating
	Mating
	Scoring
...Finished iteration with a best score of -9429.28

Beginning Iteration 28...
	Mutating
	Mating
	Scoring
...Finished iteration with a best score of -9429.28

Beginning Iteration 29...
	Mutating
	Mating
	Scoring
...Finished iteration with a best score of -9429.28

Beginning Iteration 30...
	Mutating
	Mating
	Scoring
...Finished iteration with a best score of -9429.28

Beginning Iteration 31...
	Mutating
	Mating
	Scoring
...Finished iteration with a best score of -9429.28

Beginning Iteration 32...
	Mutating
	Mating
	Scoring
...Finished iteration with a best score of -9429.28

Beginning Iteration 33...
	Mutating
	Mating
	Scoring
...Finished iteration with a best score of -9429.28

Beginning Iteration 34...
	Mutating
	Mating
	Scoring
...Finished iteration with a best score of -9429.28

Beginning Iteration 35...
	Mutating
	Mating
	Scoring
...Finished iteration with a best score of -9429.28

Beginning Iteration 36...
	Mutating
	Mating
	Scoring
...Finished iteration with a best score of -9429.28

Beginning Iteration 37...
	Mutating
	Mating
	Scoring
...Finished iteration with a best score of -9429.28

Beginning Iteration 38...
	Mutating
	Mating
	Scoring
...Finished iteration with a best score of -9429.28

Beginning Iteration 39...
	Mutating
	Mating
	Scoring
...Finished iteration with a best score of -9429.28

Beginning Iteration 40...
	Mutating
	Mating
	Scoring
...Finished iteration with a best score of -9429.28

Beginning Iteration 41...
	Mutating
	Mating
	Scoring
...Finished iteration with a best score of -9429.28

Beginning Iteration 42...
	Mutating
	Mating
	Scoring
...Finished iteration with a best score of -9429.28

Beginning Iteration 43...
	Mutating
	Mating
	Scoring
...Finished iteration with a best score of -9429.28

Beginning Iteration 44...
	Mutating
	Mating
	Scoring
...Finished iteration with a best score of -9429.28

Beginning Iteration 45...
	Mutating
	Mating
	Scoring
...Finished iteration with a best score of -9429.28

Beginning Iteration 46...
	Mutating
	Mating
	Scoring
...Finished iteration with a best score of -9429.28

Beginning Iteration 47...
	Mutating
	Mating
	Scoring
...Finished iteration with a best score of -9429.28

Beginning Iteration 48...
	Mutating
	Mating
	Scoring
...Finished iteration with a best score of -9429.28

Beginning Iteration 49...
	Mutating
	Mating
	Scoring
...Finished iteration with a best score of -9429.28

Beginning Iteration 50...
	Mutating
	Mating
	Scoring
...Finished iteration with a best score of -9429.28

Beginning Iteration 51...
	Mutating
	Mating
	Scoring
...Finished iteration with a best score of -9429.28

Beginning Iteration 52...
	Mutating
	Mating
	Scoring
...Finished iteration with a best score of -9429.28

Beginning Iteration 53...
	Mutating
	Mating
	Scoring
...Finished iteration with a best score of -9429.28

Beginning Iteration 54...
	Mutating
	Mating
	Scoring
...Finished iteration with a best score of -9429.28

Beginning Iteration 55...
	Mutating
	Mating
	Scoring
...Finished iteration with a best score of -9429.28

Beginning Iteration 56...
	Mutating
	Mating
	Scoring
...Finished iteration with a best score of -9429.28

Beginning Iteration 57...
	Mutating
	Mating
	Scoring
...Finished iteration with a best score of -9429.28

Beginning Iteration 58...
	Mutating
	Mating
	Scoring
...Finished iteration with a best score of -9429.28

Beginning Iteration 59...
	Mutating
	Mating
	Scoring
...Finished iteration with a best score of -9429.28

Beginning Iteration 60...
	Mutating
	Mating
	Scoring
...Finished iteration with a best score of -9429.28

Beginning Iteration 61...
	Mutating
	Mating
	Scoring
...Finished iteration with a best score of -9429.28

Beginning Iteration 62...
	Mutating
	Mating
	Scoring
...Finished iteration with a best score of -9429.28

Beginning Iteration 63...
	Mutating
	Mating
	Scoring
...Finished iteration with a best score of -9429.28

Beginning Iteration 64...
	Mutating
	Mating
	Scoring
...Finished iteration with a best score of -9429.28

Beginning Iteration 65...
	Mutating
	Mating
	Scoring
...Finished iteration with a best score of -9429.28

Beginning Iteration 66...
	Mutating
	Mating
	Scoring
...Finished iteration with a best score of -9429.28

Beginning Iteration 67...
	Mutating
	Mating
	Scoring
...Finished iteration with a best score of -9429.28

Beginning Iteration 68...
	Mutating
	Mating
	Scoring
...Finished iteration with a best score of -9429.28

Beginning Iteration 69...
	Mutating
	Mating
	Scoring
...Finished iteration with a best score of -9429.28

Beginning Iteration 70...
	Mutating
	Mating
	Scoring
...Finished iteration with a best score of -9429.28

Beginning Iteration 71...
	Mutating
	Mating
	Scoring
...Finished iteration with a best score of -9429.28

Beginning Iteration 72...
	Mutating
	Mating
	Scoring
...Finished iteration with a best score of -9429.28

Beginning Iteration 73...
	Mutating
	Mating
	Scoring
...Finished iteration with a best score of -9429.28

Beginning Iteration 74...
	Mutating
	Mating
	Scoring
...Finished iteration with a best score of -9429.28

Beginning Iteration 75...
	Mutating
	Mating
	Scoring
...Finished iteration with a best score of -9429.28

Beginning Iteration 76...
	Mutating
	Mating
	Scoring
...Finished iteration with a best score of -9429.28

Beginning Iteration 77...
	Mutating
	Mating
	Scoring
...Finished iteration with a best score of -9429.28

Beginning Iteration 78...
	Mutating
	Mating
	Scoring
...Finished iteration with a best score of -9429.28

Beginning Iteration 79...
	Mutating
	Mating
	Scoring
...Finished iteration with a best score of -9429.28

Beginning Iteration 80...
	Mutating
	Mating
	Scoring
...Finished iteration with a best score of -9429.28

Beginning Iteration 81...
	Mutating
	Mating
	Scoring
...Finished iteration with a best score of -9429.28

Beginning Iteration 82...
	Mutating
	Mating
	Scoring
...Finished iteration with a best score of -9429.28

Beginning Iteration 83...
	Mutating
	Mating
	Scoring
...Finished iteration with a best score of -9429.28

Beginning Iteration 84...
	Mutating
	Mating
	Scoring
...Finished iteration with a best score of -9429.28

Beginning Iteration 85...
	Mutating
	Mating
	Scoring
...Finished iteration with a best score of -9429.28

Beginning Iteration 86...
	Mutating
	Mating
	Scoring
...Finished iteration with a best score of -9429.28

Beginning Iteration 87...
	Mutating
	Mating
	Scoring
...Finished iteration with a best score of -9429.28

Beginning Iteration 88...
	Mutating
	Mating
	Scoring
...Finished iteration with a best score of -9429.28

Beginning Iteration 89...
	Mutating
	Mating
	Scoring
...Finished iteration with a best score of -9429.28

Beginning Iteration 90...
	Mutating
	Mating
	Scoring
...Finished iteration with a best score of -9429.28

Beginning Iteration 91...
	Mutating
	Mating
	Scoring
...Finished iteration with a best score of -9429.28

Beginning Iteration 92...
	Mutating
	Mating
	Scoring
...Finished iteration with a best score of -9429.28

Beginning Iteration 93...
	Mutating
	Mating
	Scoring
...Finished iteration with a best score of -9429.28

Beginning Iteration 94...
	Mutating
	Mating
	Scoring
...Finished iteration with a best score of -9429.28

Beginning Iteration 95...
	Mutating
	Mating
	Scoring
...Finished iteration with a best score of -9429.28

Beginning Iteration 96...
	Mutating
	Mating
	Scoring
...Finished iteration with a best score of -9429.28

Beginning Iteration 97...
	Mutating
	Mating
	Scoring
...Finished iteration with a best score of -9429.28

Beginning Iteration 98...
	Mutating
	Mating
	Scoring
...Finished iteration with a best score of -9429.28

Beginning Iteration 99...
	Mutating
	Mating
	Scoring
...Finished iteration with a best score of -9429.28

Beginning Iteration 100...
	Mutating
	Mating
	Scoring
...Finished iteration with a best score of -9429.28

Beginning Iteration 101...
	Mutating
	Mating
	Scoring
...Finished iteration with a best score of -9429.28

Beginning Iteration 102...
	Mutating
	Mating
	Scoring
...Finished iteration with a best score of -9429.28

Beginning Iteration 103...
	Mutating
	Mating
	Scoring
...Finished iteration with a best score of -9429.28

Beginning Iteration 104...
	Mutating
	Mating
	Scoring
...Finished iteration with a best score of -9429.28

Beginning Iteration 105...
	Mutating
	Mating
	Scoring
...Finished iteration with a best score of -9429.28

Beginning Iteration 106...
	Mutating
	Mating
	Scoring
...Finished iteration with a best score of -9429.28

Beginning Iteration 107...
	Mutating
	Mating
	Scoring
...Finished iteration with a best score of -9429.28

Beginning Iteration 108...
	Mutating
	Mating
	Scoring
...Finished iteration with a best score of -9429.28

Beginning Iteration 109...
	Mutating
	Mating
	Scoring
...Finished iteration with a best score of -9429.28

Beginning Iteration 110...
	Mutating
	Mating
	Scoring
...Finished iteration with a best score of -9429.28

Beginning Iteration 111...
	Mutating
	Mating
	Scoring
...Finished iteration with a best score of -9429.28

Beginning Iteration 112...
	Mutating
	Mating
	Scoring
...Finished iteration with a best score of -9429.28

Beginning Iteration 113...
	Mutating
	Mating
	Scoring
...Finished iteration with a best score of -9429.28

Beginning Iteration 114...
	Mutating
	Mating
	Scoring
...Finished iteration with a best score of -9429.28

Beginning Iteration 115...
	Mutating
	Mating
	Scoring
...Finished iteration with a best score of -9429.28

Beginning Iteration 116...
	Mutating
	Mating
	Scoring
...Finished iteration with a best score of -9429.28

Beginning Iteration 117...
	Mutating
	Mating
	Scoring
...Finished iteration with a best score of -9429.28

Beginning Iteration 118...
	Mutating
	Mating
	Scoring
...Finished iteration with a best score of -9429.28

Beginning Iteration 119...
	Mutating
	Mating
	Scoring
...Finished iteration with a best score of -9429.28

Beginning Iteration 120...
	Mutating
	Mating
	Scoring
...Finished iteration with a best score of -9429.28

Beginning Iteration 121...
	Mutating
	Mating
	Scoring
...Finished iteration with a best score of -9429.28

Beginning Iteration 122...
	Mutating
	Mating
	Scoring
...Finished iteration with a best score of -9429.28

Beginning Iteration 123...
	Mutating
	Mating
	Scoring
...Finished iteration with a best score of -9429.28

Beginning Iteration 124...
	Mutating
	Mating
	Scoring
...Finished iteration with a best score of -9429.28

Beginning Iteration 125...
	Mutating
	Mating
	Scoring
...Finished iteration with a best score of -9429.28

Beginning Iteration 126...
	Mutating
	Mating
	Scoring
...Finished iteration with a best score of -9429.28

Beginning Iteration 127...
	Mutating
	Mating
	Scoring
...Finished iteration with a best score of -9429.28

Beginning Iteration 128...
	Mutating
	Mating
	Scoring
...Finished iteration with a best score of -9429.28

Beginning Iteration 129...
	Mutating
	Mating
	Scoring
...Finished iteration with a best score of -9429.28

Beginning Iteration 130...
	Mutating
	Mating
	Scoring
...Finished iteration with a best score of -9429.28

Beginning Iteration 131...
	Mutating
	Mating
	Scoring
...Finished iteration with a best score of -9429.28

Beginning Iteration 132...
	Mutating
	Mating
	Scoring
...Finished iteration with a best score of -9429.28

Beginning Iteration 133...
	Mutating
	Mating
	Scoring
...Finished iteration with a best score of -9429.28

Beginning Iteration 134...
	Mutating
	Mating
	Scoring
...Finished iteration with a best score of -9429.28

Beginning Iteration 135...
	Mutating
	Mating
	Scoring
...Finished iteration with a best score of -9429.28

Beginning Iteration 136...
	Mutating
	Mating
	Scoring
...Finished iteration with a best score of -9429.28

Beginning Iteration 137...
	Mutating
	Mating
	Scoring
...Finished iteration with a best score of -9429.28

Beginning Iteration 138...
	Mutating
	Mating
	Scoring
...Finished iteration with a best score of -9429.28

Beginning Iteration 139...
	Mutating
	Mating
	Scoring
...Finished iteration with a best score of -9429.28

Beginning Iteration 140...
	Mutating
	Mating
	Scoring
...Finished iteration with a best score of -9429.28

Beginning Iteration 141...
	Mutating
	Mating
	Scoring
...Finished iteration with a best score of -9429.28

Beginning Iteration 142...
	Mutating
	Mating
	Scoring
...Finished iteration with a best score of -9429.28

Beginning Iteration 143...
	Mutating
	Mating
	Scoring
...Finished iteration with a best score of -9429.28

Beginning Iteration 144...
	Mutating
	Mating
	Scoring
...Finished iteration with a best score of -9429.28

Beginning Iteration 145...
	Mutating
	Mating
	Scoring
...Finished iteration with a best score of -9429.28

Beginning Iteration 146...
	Mutating
	Mating
	Scoring
...Finished iteration with a best score of -9429.28

Beginning Iteration 147...
	Mutating
	Mating
	Scoring
...Finished iteration with a best score of -9429.28

Beginning Iteration 148...
	Mutating
	Mating
	Scoring
...Finished iteration with a best score of -9429.28

Beginning Iteration 149...
	Mutating
	Mating
	Scoring
...Finished iteration with a best score of -9429.28

Beginning Iteration 150...
	Mutating
	Mating
	Scoring
...Finished iteration with a best score of -9429.28

With a score of -9429.28 we have log2(|Aut(G_H)|) of 0
With edges: 


With a score of -9429.61 we have log2(|Aut(G_H)|) of 0
With edges: 
(60, 148), 

With a score of -9429.61 we have log2(|Aut(G_H)|) of 0
With edges: 
(1, 34), 

With a score of -9429.61 we have log2(|Aut(G_H)|) of 0
With edges: 
(60, 105), 

With a score of -9429.61 we have log2(|Aut(G_H)|) of 0
With edges: 
(17, 138), 

With a score of -9429.61 we have log2(|Aut(G_H)|) of 0
With edges: 
(25, 148), 

With a score of -9429.61 we have log2(|Aut(G_H)|) of 0
With edges: 
(92, 133), 

With a score of -9429.61 we have log2(|Aut(G_H)|) of 0
With edges: 
(90, 139), 

With a score of -9429.61 we have log2(|Aut(G_H)|) of 0
With edges: 
(25, 80), 

With a score of -9429.61 we have log2(|Aut(G_H)|) of 0
With edges: 
(98, 104), 

