0 198
0 195
0 193
0 192
0 191
0 187
0 184
0 176
0 174
0 173
0 171
0 169
0 168
0 167
0 164
0 163
0 159
0 158
0 155
0 153
0 152
0 151
0 149
0 144
0 138
0 135
0 132
0 130
0 129
0 128
0 55
0 53
0 52
0 51
0 49
0 47
0 46
0 44
0 43
0 42
0 40
0 39
0 38
0 37
0 32
0 30
0 13
0 12
0 11
0 8
0 6
0 5
0 4
0 14
0 16
0 23
0 27
0 28
0 29
0 61
0 73
0 74
0 78
0 79
0 82
0 83
0 84
0 86
0 88
0 89
0 91
0 93
0 96
0 97
0 99
0 101
0 103
0 110
0 111
0 114
0 116
0 117
0 119
0 122
0 125
1 198
1 197
1 195
1 194
1 193
1 192
1 185
1 184
1 182
1 181
1 180
1 179
1 178
1 171
1 170
1 169
1 167
1 165
1 163
1 162
1 160
1 159
1 158
1 157
1 153
1 152
1 151
1 150
1 149
1 148
1 147
1 145
1 143
1 141
1 139
1 137
1 134
1 133
1 132
1 130
1 129
1 58
1 55
1 54
1 51
1 50
1 49
1 48
1 47
1 45
1 42
1 39
1 38
1 37
1 35
1 34
1 32
1 12
1 5
1 127
1 23
1 61
1 64
1 67
1 70
1 77
1 78
1 79
1 80
1 82
1 85
1 87
1 89
1 90
1 91
1 96
1 98
1 99
1 103
1 106
1 108
1 110
1 115
1 116
1 117
1 119
1 123
1 125
1 126
2 199
2 198
2 197
2 196
2 192
2 191
2 188
2 185
2 184
2 183
2 182
2 176
2 174
2 171
2 170
2 168
2 167
2 166
2 162
2 157
2 156
2 153
2 151
2 150
2 148
2 147
2 145
2 143
2 141
2 140
2 139
2 137
2 136
2 131
2 130
2 128
2 57
2 56
2 55
2 54
2 52
2 46
2 44
2 41
2 40
2 36
2 35
2 33
2 30
2 10
2 9
2 8
2 6
2 5
2 4
2 3
2 13
2 59
2 127
2 29
2 17
2 18
2 19
2 20
2 21
2 23
2 24
2 25
2 27
2 60
2 61
2 64
2 66
2 71
2 74
2 75
2 76
2 79
2 80
2 83
2 84
2 89
2 91
2 93
2 97
2 98
2 102
2 103
2 104
2 107
2 110
2 113
2 115
2 116
2 121
2 124
3 199
3 198
3 196
3 194
3 193
3 191
3 190
3 182
3 178
3 177
3 173
3 171
3 168
3 165
3 164
3 163
3 162
3 161
3 159
3 152
3 149
3 148
3 147
3 146
3 145
3 144
3 136
3 134
3 132
3 131
3 129
3 58
3 57
3 53
3 51
3 50
3 49
3 47
3 45
3 41
3 40
3 35
3 31
3 12
3 9
3 7
3 6
3 5
3 4
3 14
3 16
3 18
3 20
3 21
3 25
3 61
3 71
3 74
3 76
3 79
3 81
3 82
3 85
3 88
3 97
3 98
3 100
3 102
3 103
3 104
3 106
3 107
3 108
3 112
3 116
3 117
3 121
3 122
3 125
3 126
4 198
4 194
4 191
4 189
4 187
4 186
4 184
4 183
4 182
4 176
4 175
4 173
4 169
4 166
4 165
4 162
4 161
4 160
4 156
4 155
4 153
4 152
4 151
4 150
4 149
4 148
4 147
4 143
4 142
4 141
4 139
4 138
4 133
4 132
4 130
4 129
4 53
4 51
4 49
4 44
4 41
4 39
4 38
4 37
4 36
4 35
4 34
4 33
4 10
4 6
4 13
4 29
4 15
4 19
4 24
4 25
4 26
4 60
4 61
4 64
4 65
4 67
4 68
4 73
4 75
4 80
4 81
4 82
4 86
4 87
4 89
4 90
4 93
4 94
4 101
4 103
4 104
4 105
4 107
4 110
4 114
4 115
4 123
4 124
4 125
5 199
5 196
5 193
5 191
5 190
5 189
5 186
5 184
5 183
5 182
5 181
5 180
5 177
5 173
5 170
5 166
5 164
5 162
5 161
5 159
5 158
5 157
5 155
5 154
5 150
5 149
5 147
5 145
5 144
5 138
5 137
5 133
5 132
5 129
5 57
5 51
5 48
5 47
5 45
5 43
5 39
5 33
5 32
5 12
5 9
5 8
5 6
5 29
5 17
5 19
5 22
5 23
5 25
5 28
5 60
5 61
5 64
5 66
5 67
5 76
5 77
5 80
5 82
5 83
5 84
5 85
5 87
5 88
5 93
5 94
5 99
5 101
5 103
5 106
5 111
5 112
5 113
5 114
5 115
5 117
5 119
5 125
6 199
6 198
6 197
6 196
6 195
6 192
6 191
6 190
6 188
6 185
6 180
6 179
6 178
6 172
6 170
6 169
6 168
6 167
6 166
6 164
6 162
6 151
6 145
6 143
6 141
6 139
6 134
6 133
6 132
6 128
6 58
6 57
6 54
6 53
6 51
6 50
6 49
6 48
6 46
6 45
6 44
6 40
6 34
6 30
6 10
6 9
6 15
6 16
6 19
6 21
6 22
6 23
6 25
6 27
6 64
6 65
6 66
6 68
6 72
6 73
6 74
6 76
6 79
6 83
6 88
6 89
6 90
6 92
6 95
6 97
6 99
6 100
6 101
6 102
6 104
6 105
6 107
6 108
6 110
6 111
6 112
6 114
6 122
6 123
7 198
7 197
7 187
7 186
7 185
7 184
7 182
7 179
7 176
7 175
7 169
7 168
7 167
7 166
7 165
7 163
7 162
7 160
7 159
7 157
7 155
7 153
7 152
7 150
7 145
7 144
7 143
7 129
7 58
7 57
7 54
7 51
7 49
7 46
7 43
7 42
7 41
7 40
7 38
7 37
7 36
7 11
7 8
7 59
7 127
7 14
7 15
7 17
7 19
7 20
7 21
7 22
7 27
7 61
7 63
7 64
7 67
7 69
7 71
7 75
7 76
7 79
7 81
7 82
7 84
7 85
7 86
7 89
7 92
7 101
7 102
7 104
7 105
7 107
7 109
7 115
7 117
7 120
7 121
7 123
7 124
7 125
8 198
8 197
8 196
8 194
8 193
8 191
8 190
8 189
8 188
8 187
8 185
8 183
8 180
8 176
8 175
8 173
8 169
8 167
8 166
8 163
8 160
8 159
8 154
8 149
8 148
8 147
8 145
8 144
8 143
8 141
8 137
8 134
8 133
8 129
8 128
8 57
8 54
8 52
8 49
8 46
8 44
8 43
8 42
8 36
8 34
8 33
8 12
8 11
8 13
8 59
8 16
8 18
8 22
8 23
8 25
8 61
8 66
8 70
8 71
8 72
8 73
8 78
8 81
8 84
8 89
8 90
8 91
8 92
8 95
8 98
8 100
8 101
8 103
8 105
8 106
8 107
8 109
8 111
8 116
8 117
8 119
8 122
8 126
9 199
9 198
9 197
9 194
9 192
9 191
9 190
9 188
9 187
9 186
9 183
9 181
9 180
9 179
9 177
9 175
9 174
9 168
9 167
9 166
9 163
9 161
9 158
9 157
9 153
9 151
9 148
9 147
9 145
9 144
9 142
9 140
9 139
9 138
9 137
9 136
9 133
9 130
9 129
9 57
9 54
9 52
9 50
9 48
9 47
9 46
9 44
9 43
9 42
9 41
9 40
9 38
9 37
9 36
9 35
9 34
9 32
9 30
9 10
9 13
9 127
9 14
9 15
9 16
9 21
9 22
9 25
9 27
9 61
9 64
9 66
9 68
9 71
9 72
9 73
9 75
9 76
9 78
9 79
9 81
9 86
9 92
9 93
9 94
9 95
9 97
9 98
9 100
9 101
9 104
9 105
9 106
9 108
9 109
9 113
9 114
9 115
9 117
9 119
9 121
9 123
9 125
10 197
10 195
10 193
10 192
10 191
10 190
10 189
10 184
10 183
10 181
10 176
10 171
10 170
10 166
10 160
10 159
10 157
10 152
10 148
10 147
10 145
10 144
10 143
10 140
10 137
10 136
10 135
10 134
10 133
10 132
10 130
10 129
10 58
10 57
10 53
10 52
10 51
10 50
10 47
10 46
10 45
10 43
10 42
10 41
10 36
10 34
10 32
10 31
10 11
10 59
10 127
10 29
10 14
10 16
10 17
10 18
10 19
10 21
10 24
10 25
10 26
10 60
10 61
10 64
10 65
10 68
10 70
10 72
10 79
10 82
10 83
10 84
10 86
10 90
10 96
10 102
10 103
10 104
10 105
10 107
10 109
10 115
10 119
10 122
10 124
10 126
11 199
11 198
11 196
11 192
11 191
11 190
11 189
11 188
11 185
11 175
11 173
11 170
11 169
11 167
11 166
11 165
11 164
11 163
11 162
11 161
11 158
11 152
11 151
11 149
11 147
11 146
11 144
11 143
11 141
11 139
11 138
11 137
11 135
11 133
11 57
11 55
11 52
11 50
11 47
11 46
11 43
11 42
11 41
11 40
11 32
11 30
11 12
11 13
11 127
11 29
11 14
11 15
11 16
11 17
11 18
11 20
11 24
11 25
11 27
11 60
11 62
11 65
11 66
11 69
11 72
11 73
11 81
11 86
11 88
11 89
11 91
11 92
11 93
11 95
11 96
11 98
11 99
11 100
11 101
11 102
11 103
11 105
11 110
11 112
11 113
11 114
11 119
11 121
11 123
11 126
12 199
12 197
12 196
12 193
12 189
12 188
12 182
12 180
12 179
12 177
12 175
12 172
12 171
12 170
12 169
12 168
12 165
12 163
12 161
12 160
12 159
12 157
12 155
12 154
12 151
12 150
12 138
12 135
12 132
12 128
12 55
12 52
12 50
12 46
12 45
12 44
12 42
12 41
12 39
12 37
12 36
12 35
12 34
12 13
12 14
12 16
12 17
12 19
12 20
12 21
12 22
12 26
12 65
12 66
12 72
12 75
12 77
12 80
12 82
12 86
12 87
12 90
12 91
12 92
12 93
12 94
12 99
12 100
12 101
12 102
12 104
12 106
12 109
12 110
12 114
12 115
12 119
12 120
12 122
12 126
13 199
13 195
13 194
13 189
13 188
13 186
13 184
13 181
13 179
13 175
13 174
13 173
13 172
13 168
13 167
13 165
13 164
13 163
13 162
13 160
13 159
13 158
13 154
13 152
13 151
13 150
13 149
13 144
13 143
13 137
13 136
13 135
13 133
13 132
13 129
13 58
13 57
13 55
13 54
13 53
13 52
13 48
13 47
13 46
13 45
13 44
13 42
13 40
13 38
13 37
13 36
13 33
13 32
13 31
13 30
13 127
13 15
13 17
13 19
13 21
13 23
13 24
13 26
13 60
13 70
13 71
13 72
13 73
13 74
13 79
13 81
13 82
13 85
13 87
13 88
13 95
13 96
13 99
13 102
13 110
13 112
13 113
13 114
13 116
13 118
13 120
13 122
13 125
14 198
14 197
14 192
14 190
14 189
14 187
14 186
14 184
14 181
14 179
14 178
14 175
14 174
14 170
14 162
14 158
14 154
14 151
14 150
14 149
14 146
14 144
14 141
14 140
14 139
14 138
14 137
14 133
14 52
14 51
14 48
14 45
14 42
14 40
14 39
14 38
14 37
14 32
14 30
14 29
14 15
14 18
14 20
14 24
14 25
14 67
14 70
14 73
14 74
14 75
14 76
14 81
14 85
14 86
14 89
14 90
14 94
14 98
14 99
14 100
14 102
14 105
14 107
14 111
14 113
14 116
14 119
14 120
14 122
14 124
14 126
15 198
15 197
15 189
15 185
15 184
15 183
15 182
15 179
15 174
15 172
15 170
15 168
15 167
15 164
15 163
15 162
15 159
15 157
15 156
15 153
15 152
15 151
15 150
15 149
15 147
15 145
15 144
15 143
15 142
15 138
15 134
15 132
15 129
15 58
15 56
15 54
15 52
15 50
15 49
15 48
15 47
15 45
15 38
15 37
15 34
15 59
15 29
15 17
15 21
15 24
15 25
15 62
15 64
15 65
15 66
15 67
15 68
15 69
15 73
15 74
15 80
15 82
15 83
15 84
15 85
15 87
15 88
15 89
15 90
15 92
15 93
15 94
15 95
15 96
15 97
15 98
15 99
15 100
15 102
15 104
15 105
15 107
15 110
15 112
15 115
15 116
15 117
15 119
15 120
15 121
15 122
15 123
15 125
15 126
16 199
16 198
16 196
16 194
16 191
16 190
16 189
16 188
16 187
16 182
16 180
16 179
16 178
16 176
16 174
16 172
16 170
16 168
16 166
16 165
16 158
16 155
16 154
16 153
16 151
16 150
16 144
16 143
16 142
16 138
16 134
16 133
16 129
16 58
16 57
16 53
16 52
16 50
16 48
16 47
16 46
16 44
16 43
16 40
16 39
16 36
16 35
16 32
16 31
16 30
16 19
16 20
16 21
16 22
16 26
16 27
16 28
16 63
16 64
16 65
16 67
16 68
16 69
16 72
16 73
16 75
16 76
16 77
16 78
16 79
16 80
16 81
16 85
16 91
16 96
16 97
16 99
16 100
16 101
16 102
16 104
16 106
16 116
16 117
16 124
17 199
17 197
17 196
17 195
17 193
17 192
17 189
17 186
17 185
17 184
17 182
17 181
17 180
17 179
17 178
17 177
17 176
17 175
17 173
17 172
17 171
17 165
17 163
17 161
17 158
17 157
17 156
17 155
17 150
17 149
17 145
17 143
17 142
17 141
17 137
17 136
17 131
17 130
17 128
17 58
17 57
17 52
17 51
17 50
17 49
17 48
17 47
17 43
17 42
17 41
17 35
17 31
17 59
17 127
17 29
17 18
17 19
17 21
17 22
17 25
17 26
17 60
17 61
17 68
17 69
17 74
17 77
17 81
17 82
17 84
17 86
17 90
17 96
17 97
17 99
17 100
17 101
17 102
17 103
17 106
17 107
17 108
17 109
17 113
17 114
17 115
17 116
17 119
17 122
17 126
18 199
18 198
18 197
18 196
18 195
18 194
18 191
18 185
18 183
18 180
18 179
18 178
18 177
18 173
18 172
18 166
18 163
18 159
18 158
18 157
18 153
18 151
18 146
18 145
18 143
18 141
18 140
18 139
18 138
18 134
18 133
18 131
18 130
18 128
18 58
18 57
18 55
18 54
18 51
18 50
18 49
18 47
18 45
18 44
18 43
18 42
18 40
18 39
18 37
18 35
18 34
18 31
18 30
18 29
18 19
18 20
18 22
18 23
18 25
18 27
18 63
18 64
18 66
18 68
18 69
18 72
18 73
18 74
18 75
18 78
18 79
18 82
18 90
18 92
18 95
18 96
18 101
18 102
18 103
18 106
18 107
18 112
18 113
18 115
18 119
18 122
18 124
18 126
19 199
19 196
19 195
19 192
19 190
19 189
19 187
19 184
19 183
19 179
19 177
19 173
19 171
19 167
19 165
19 163
19 162
19 161
19 160
19 158
19 157
19 156
19 155
19 154
19 152
19 150
19 147
19 146
19 144
19 141
19 140
19 139
19 138
19 137
19 136
19 134
19 133
19 132
19 131
19 129
19 58
19 57
19 55
19 53
19 52
19 49
19 47
19 46
19 40
19 37
19 34
19 33
19 32
19 30
19 127
19 20
19 25
19 26
19 28
19 61
19 62
19 63
19 64
19 65
19 69
19 70
19 72
19 74
19 76
19 77
19 79
19 83
19 84
19 87
19 89
19 91
19 94
19 96
19 99
19 103
19 107
19 109
19 112
19 113
19 116
19 120
19 121
19 122
19 126
20 197
20 195
20 194
20 193
20 192
20 189
20 188
20 187
20 185
20 184
20 180
20 179
20 177
20 176
20 174
20 173
20 172
20 169
20 167
20 166
20 165
20 162
20 160
20 158
20 157
20 156
20 155
20 154
20 153
20 151
20 149
20 148
20 145
20 142
20 140
20 136
20 134
20 131
20 128
20 50
20 46
20 44
20 42
20 41
20 38
20 37
20 36
20 127
20 29
20 21
20 22
20 28
20 62
20 66
20 76
20 79
20 83
20 85
20 90
20 94
20 95
20 97
20 98
20 99
20 100
20 104
20 107
20 110
20 114
20 115
20 116
20 118
20 120
20 123
20 124
20 125
21 199
21 198
21 196
21 194
21 188
21 187
21 186
21 183
21 181
21 171
21 169
21 168
21 166
21 164
21 163
21 161
21 160
21 155
21 153
21 151
21 146
21 145
21 144
21 143
21 139
21 138
21 137
21 136
21 132
21 130
21 129
21 128
21 57
21 55
21 54
21 51
21 50
21 47
21 45
21 41
21 37
21 35
21 31
21 127
21 22
21 23
21 24
21 28
21 63
21 67
21 71
21 76
21 78
21 80
21 81
21 83
21 84
21 87
21 88
21 94
21 95
21 100
21 104
21 106
21 107
21 108
21 109
21 111
21 115
21 123
21 125
21 126
22 199
22 198
22 196
22 194
22 190
22 189
22 187
22 186
22 185
22 183
22 181
22 180
22 179
22 178
22 177
22 175
22 174
22 171
22 170
22 169
22 164
22 160
22 157
22 155
22 152
22 151
22 148
22 147
22 142
22 139
22 131
22 129
22 54
22 52
22 51
22 46
22 44
22 42
22 41
22 40
22 38
22 37
22 35
22 33
22 31
22 30
22 127
22 23
22 27
22 60
22 61
22 63
22 64
22 65
22 67
22 68
22 69
22 73
22 75
22 78
22 80
22 81
22 82
22 83
22 89
22 90
22 91
22 94
22 95
22 102
22 103
22 104
22 106
22 107
22 108
22 110
22 112
22 114
22 115
22 117
22 118
22 119
22 121
22 122
22 123
22 125
22 126
23 199
23 198
23 197
23 196
23 195
23 187
23 183
23 181
23 180
23 177
23 173
23 169
23 168
23 167
23 164
23 161
23 160
23 159
23 157
23 155
23 154
23 153
23 151
23 150
23 148
23 147
23 145
23 144
23 141
23 140
23 139
23 135
23 133
23 132
23 131
23 130
23 128
23 57
23 56
23 54
23 51
23 49
23 45
23 43
23 42
23 41
23 38
23 37
23 34
23 33
23 32
23 30
23 127
23 24
23 25
23 27
23 62
23 63
23 64
23 66
23 67
23 68
23 69
23 70
23 72
23 74
23 75
23 77
23 78
23 81
23 83
23 84
23 85
23 89
23 91
23 92
23 94
23 95
23 97
23 98
23 100
23 102
23 104
23 108
23 110
23 117
23 120
23 121
23 125
23 126
24 199
24 195
24 189
24 187
24 185
24 184
24 181
24 180
24 178
24 177
24 172
24 166
24 165
24 164
24 161
24 160
24 159
24 157
24 156
24 155
24 154
24 151
24 150
24 147
24 146
24 143
24 142
24 138
24 137
24 134
24 133
24 132
24 131
24 130
24 129
24 128
24 58
24 56
24 54
24 50
24 49
24 48
24 46
24 43
24 41
24 40
24 39
24 38
24 37
24 33
24 31
24 127
24 29
24 25
24 26
24 28
24 62
24 66
24 67
24 69
24 70
24 72
24 76
24 78
24 79
24 80
24 86
24 92
24 95
24 96
24 97
24 108
24 110
24 111
24 113
24 115
24 118
24 119
24 123
24 125
24 126
25 198
25 195
25 193
25 184
25 181
25 180
25 178
25 177
25 176
25 174
25 173
25 169
25 167
25 166
25 164
25 163
25 159
25 158
25 157
25 155
25 152
25 149
25 148
25 147
25 145
25 144
25 143
25 142
25 138
25 135
25 134
25 130
25 129
25 58
25 56
25 51
25 49
25 47
25 46
25 43
25 40
25 39
25 38
25 31
25 59
25 127
25 26
25 27
25 28
25 63
25 65
25 66
25 68
25 69
25 70
25 72
25 73
25 75
25 77
25 78
25 79
25 83
25 85
25 86
25 93
25 96
25 98
25 100
25 102
25 104
25 106
25 112
25 113
25 119
25 120
25 126
26 196
26 194
26 193
26 192
26 191
26 187
26 185
26 182
26 180
26 179
26 175
26 173
26 169
26 168
26 165
26 162
26 161
26 159
26 158
26 157
26 156
26 154
26 153
26 150
26 145
26 141
26 140
26 137
26 136
26 134
26 133
26 130
26 56
26 54
26 50
26 46
26 44
26 43
26 40
26 39
26 37
26 36
26 32
26 31
26 59
26 127
26 62
26 63
26 64
26 65
26 66
26 68
26 69
26 70
26 71
26 76
26 77
26 78
26 80
26 81
26 82
26 83
26 84
26 87
26 88
26 92
26 95
26 96
26 99
26 100
26 102
26 108
26 109
26 111
26 113
26 115
26 116
26 117
26 119
26 120
26 123
26 124
27 199
27 197
27 196
27 195
27 191
27 189
27 187
27 185
27 181
27 178
27 173
27 172
27 170
27 168
27 166
27 165
27 164
27 162
27 159
27 157
27 155
27 154
27 151
27 150
27 149
27 146
27 140
27 138
27 137
27 136
27 135
27 129
27 56
27 54
27 50
27 49
27 46
27 44
27 41
27 40
27 39
27 36
27 33
27 32
27 31
27 29
27 60
27 63
27 65
27 68
27 71
27 72
27 73
27 80
27 81
27 82
27 86
27 87
27 91
27 92
27 94
27 95
27 96
27 97
27 99
27 100
27 102
27 104
27 106
27 107
27 111
27 113
27 114
27 115
27 118
27 122
27 123
27 124
27 125
27 126
28 199
28 198
28 196
28 194
28 189
28 188
28 185
28 182
28 181
28 180
28 179
28 178
28 176
28 174
28 172
28 171
28 164
28 163
28 162
28 161
28 159
28 158
28 155
28 154
28 150
28 148
28 146
28 145
28 142
28 135
28 134
28 132
28 131
28 130
28 129
28 57
28 56
28 55
28 54
28 53
28 45
28 44
28 43
28 41
28 36
28 35
28 34
28 33
28 32
28 29
28 69
28 70
28 72
28 79
28 80
28 81
28 83
28 88
28 92
28 93
28 96
28 97
28 98
28 100
28 102
28 103
28 105
28 106
28 111
28 112
28 113
28 114
28 116
28 117
28 119
28 121
28 123
28 125
29 199
29 198
29 195
29 194
29 190
29 189
29 188
29 187
29 185
29 184
29 182
29 178
29 177
29 176
29 174
29 167
29 164
29 160
29 158
29 157
29 156
29 155
29 153
29 152
29 151
29 148
29 146
29 144
29 141
29 139
29 138
29 137
29 136
29 132
29 131
29 130
29 58
29 56
29 52
29 50
29 46
29 45
29 44
29 43
29 41
29 40
29 36
29 35
29 34
29 33
29 59
29 127
29 60
29 64
29 65
29 68
29 73
29 74
29 75
29 76
29 77
29 78
29 82
29 84
29 85
29 87
29 88
29 89
29 91
29 93
29 94
29 98
29 99
29 102
29 103
29 106
29 108
29 111
29 112
29 113
29 118
29 121
29 124
29 126
30 196
30 193
30 192
30 191
30 190
30 188
30 187
30 186
30 185
30 184
30 182
30 181
30 178
30 175
30 173
30 172
30 169
30 168
30 167
30 166
30 165
30 164
30 163
30 161
30 159
30 151
30 150
30 149
30 147
30 144
30 141
30 140
30 138
30 137
30 135
30 133
30 131
30 128
30 58
30 52
30 51
30 46
30 37
30 36
30 35
30 33
30 32
30 31
30 59
30 127
30 60
30 61
30 64
30 68
30 69
30 74
30 75
30 79
30 82
30 84
30 87
30 93
30 94
30 95
30 98
30 101
30 102
30 103
30 105
30 106
30 107
30 109
30 110
30 111
30 113
30 114
30 118
30 119
30 121
30 122
30 124
30 125
31 196
31 195
31 191
31 189
31 186
31 182
31 181
31 180
31 178
31 173
31 171
31 168
31 165
31 163
31 162
31 160
31 159
31 157
31 156
31 154
31 150
31 149
31 148
31 146
31 142
31 140
31 137
31 136
31 133
31 131
31 129
31 51
31 49
31 46
31 43
31 41
31 40
31 39
31 38
31 35
31 34
31 59
31 62
31 66
31 67
31 71
31 72
31 73
31 76
31 78
31 80
31 82
31 83
31 85
31 92
31 94
31 95
31 96
31 97
31 99
31 100
31 101
31 103
31 106
31 111
31 114
31 115
31 118
31 119
31 120
31 121
31 122
31 123
32 199
32 196
32 195
32 192
32 191
32 189
32 188
32 181
32 180
32 179
32 177
32 175
32 172
32 171
32 170
32 168
32 167
32 166
32 165
32 164
32 162
32 160
32 159
32 157
32 156
32 155
32 150
32 145
32 144
32 143
32 142
32 141
32 140
32 139
32 138
32 137
32 134
32 131
32 130
32 128
32 52
32 47
32 43
32 42
32 41
32 39
32 38
32 37
32 35
32 59
32 127
32 67
32 70
32 77
32 80
32 81
32 89
32 90
32 94
32 95
32 96
32 97
32 98
32 99
32 102
32 104
32 107
32 109
32 110
32 111
32 113
32 114
32 117
32 118
32 119
32 122
32 125
32 126
33 197
33 196
33 195
33 194
33 192
33 190
33 187
33 186
33 185
33 184
33 181
33 180
33 172
33 166
33 165
33 163
33 162
33 160
33 159
33 157
33 155
33 154
33 153
33 151
33 149
33 138
33 136
33 134
33 131
33 128
33 58
33 56
33 55
33 54
33 53
33 50
33 49
33 47
33 46
33 45
33 43
33 39
33 37
33 60
33 62
33 63
33 64
33 65
33 69
33 70
33 71
33 73
33 80
33 81
33 83
33 87
33 88
33 90
33 91
33 93
33 96
33 101
33 104
33 105
33 109
33 113
33 115
33 119
33 120
33 123
34 197
34 194
34 193
34 191
34 187
34 186
34 183
34 182
34 176
34 175
34 174
34 172
34 169
34 168
34 167
34 166
34 165
34 164
34 163
34 162
34 159
34 158
34 156
34 150
34 149
34 147
34 141
34 139
34 138
34 137
34 133
34 132
34 131
34 129
34 128
34 58
34 56
34 55
34 53
34 48
34 47
34 46
34 45
34 43
34 42
34 38
34 36
34 35
34 59
34 127
34 60
34 66
34 69
34 71
34 72
34 74
34 75
34 78
34 79
34 85
34 86
34 87
34 88
34 97
34 98
34 101
34 102
34 105
34 106
34 108
34 110
34 115
34 119
34 123
35 199
35 198
35 195
35 194
35 192
35 190
35 187
35 185
35 184
35 183
35 180
35 176
35 172
35 171
35 169
35 168
35 166
35 160
35 159
35 158
35 155
35 154
35 152
35 151
35 148
35 147
35 146
35 145
35 143
35 141
35 140
35 135
35 130
35 54
35 52
35 51
35 49
35 46
35 41
35 40
35 36
35 59
35 127
35 61
35 62
35 64
35 67
35 68
35 69
35 70
35 76
35 78
35 81
35 85
35 88
35 90
35 93
35 101
35 102
35 103
35 104
35 105
35 106
35 109
35 111
35 115
35 116
35 118
35 120
35 123
35 124
35 125
36 199
36 198
36 195
36 192
36 189
36 182
36 181
36 179
36 177
36 174
36 168
36 167
36 165
36 164
36 162
36 157
36 155
36 153
36 151
36 145
36 139
36 138
36 137
36 136
36 132
36 131
36 129
36 128
36 57
36 56
36 54
36 51
36 50
36 49
36 45
36 44
36 42
36 41
36 40
36 59
36 127
36 63
36 64
36 65
36 66
36 69
36 70
36 74
36 75
36 79
36 81
36 82
36 84
36 86
36 90
36 94
36 99
36 101
36 103
36 110
36 113
36 115
36 117
36 118
36 119
36 122
36 125
36 126
37 195
37 191
37 190
37 189
37 185
37 183
37 182
37 181
37 178
37 177
37 175
37 173
37 172
37 169
37 168
37 165
37 159
37 158
37 157
37 155
37 151
37 150
37 147
37 142
37 141
37 139
37 137
37 136
37 134
37 131
37 53
37 52
37 50
37 49
37 48
37 44
37 43
37 42
37 40
37 39
37 127
37 63
37 65
37 66
37 67
37 69
37 72
37 75
37 76
37 78
37 80
37 83
37 85
37 87
37 88
37 89
37 91
37 92
37 93
37 96
37 99
37 102
37 103
37 105
37 106
37 111
37 112
37 118
37 126
38 199
38 197
38 196
38 191
38 186
38 184
38 183
38 179
38 178
38 177
38 173
38 169
38 167
38 166
38 162
38 160
38 159
38 157
38 151
38 147
38 143
38 142
38 141
38 139
38 138
38 137
38 134
38 132
38 129
38 57
38 53
38 51
38 49
38 46
38 44
38 43
38 60
38 62
38 63
38 64
38 65
38 66
38 67
38 68
38 70
38 73
38 74
38 76
38 77
38 79
38 85
38 86
38 89
38 91
38 92
38 94
38 95
38 98
38 100
38 102
38 105
38 106
38 108
38 109
38 111
38 116
38 121
38 122
38 126
39 193
39 190
39 188
39 187
39 181
39 179
39 178
39 177
39 175
39 174
39 171
39 170
39 169
39 167
39 166
39 162
39 160
39 159
39 149
39 132
39 130
39 129
39 56
39 55
39 54
39 53
39 50
39 47
39 43
39 42
39 127
39 60
39 61
39 62
39 64
39 65
39 66
39 67
39 69
39 70
39 72
39 73
39 75
39 77
39 79
39 80
39 86
39 87
39 92
39 94
39 97
39 98
39 99
39 100
39 103
39 109
39 110
39 112
39 113
39 115
39 116
39 117
39 118
39 120
39 125
40 198
40 197
40 196
40 193
40 190
40 185
40 181
40 179
40 176
40 174
40 173
40 171
40 169
40 166
40 163
40 161
40 160
40 158
40 157
40 156
40 155
40 151
40 146
40 144
40 143
40 140
40 139
40 138
40 137
40 132
40 131
40 128
40 58
40 57
40 55
40 54
40 53
40 51
40 47
40 46
40 44
40 59
40 127
40 61
40 62
40 63
40 65
40 66
40 67
40 72
40 74
40 78
40 81
40 85
40 87
40 88
40 90
40 91
40 95
40 96
40 99
40 100
40 103
40 108
40 111
40 112
40 115
40 117
40 118
40 119
40 121
40 122
40 123
40 125
40 126
41 197
41 196
41 194
41 193
41 192
41 191
41 188
41 184
41 182
41 181
41 180
41 179
41 178
41 177
41 176
41 174
41 173
41 172
41 169
41 167
41 166
41 163
41 162
41 160
41 158
41 157
41 156
41 155
41 154
41 148
41 143
41 142
41 140
41 139
41 138
41 137
41 136
41 135
41 133
41 57
41 56
41 54
41 51
41 48
41 46
41 42
41 65
41 67
41 69
41 73
41 76
41 78
41 80
41 81
41 82
41 83
41 85
41 88
41 92
41 94
41 95
41 97
41 98
41 99
41 100
41 104
41 108
41 110
41 111
41 117
41 118
41 122
41 123
41 125
42 199
42 196
42 194
42 191
42 189
42 187
42 186
42 182
42 179
42 176
42 171
42 165
42 163
42 157
42 153
42 149
42 146
42 141
42 135
42 132
42 131
42 130
42 128
42 57
42 55
42 53
42 48
42 46
42 45
42 127
42 65
42 68
42 76
42 78
42 79
42 81
42 84
42 87
42 88
42 89
42 90
42 92
42 95
42 97
42 99
42 100
42 101
42 103
42 105
42 107
42 111
42 112
42 113
42 114
42 116
42 118
42 119
42 120
42 125
43 199
43 197
43 196
43 193
43 192
43 191
43 189
43 187
43 186
43 184
43 173
43 172
43 171
43 170
43 167
43 166
43 165
43 160
43 159
43 154
43 152
43 148
43 145
43 143
43 142
43 141
43 139
43 138
43 130
43 128
43 56
43 46
43 45
43 44
43 59
43 127
43 60
43 61
43 63
43 64
43 65
43 66
43 67
43 71
43 72
43 73
43 75
43 78
43 79
43 84
43 85
43 87
43 88
43 89
43 90
43 96
43 99
43 100
43 101
43 104
43 105
43 106
43 107
43 109
43 110
43 111
43 112
43 114
43 115
43 116
43 117
43 120
43 125
44 199
44 192
44 189
44 188
44 186
44 184
44 178
44 177
44 176
44 175
44 174
44 173
44 172
44 167
44 166
44 165
44 159
44 156
44 155
44 154
44 152
44 151
44 150
44 147
44 146
44 143
44 141
44 139
44 138
44 137
44 136
44 135
44 131
44 128
44 58
44 57
44 54
44 47
44 46
44 59
44 127
44 61
44 63
44 67
44 68
44 69
44 74
44 75
44 76
44 77
44 78
44 79
44 80
44 82
44 83
44 89
44 91
44 92
44 93
44 95
44 97
44 98
44 99
44 101
44 103
44 104
44 110
44 112
44 114
44 116
44 123
44 125
45 193
45 192
45 190
45 189
45 188
45 186
45 185
45 181
45 178
45 177
45 175
45 174
45 173
45 172
45 168
45 167
45 164
45 162
45 161
45 160
45 156
45 155
45 152
45 150
45 148
45 146
45 144
45 143
45 140
45 139
45 135
45 133
45 131
45 130
45 129
45 128
45 58
45 51
45 49
45 48
45 59
45 127
45 62
45 65
45 66
45 68
45 69
45 70
45 75
45 80
45 81
45 82
45 84
45 85
45 86
45 87
45 88
45 92
45 95
45 98
45 99
45 100
45 101
45 102
45 103
45 104
45 106
45 107
45 108
45 109
45 111
45 113
45 114
45 115
45 116
45 118
45 120
45 121
45 123
45 126
46 199
46 191
46 186
46 185
46 176
46 175
46 171
46 164
46 161
46 159
46 158
46 156
46 154
46 149
46 148
46 146
46 145
46 143
46 142
46 139
46 138
46 131
46 130
46 128
46 58
46 57
46 55
46 53
46 52
46 49
46 47
46 62
46 64
46 67
46 68
46 74
46 76
46 79
46 81
46 82
46 87
46 90
46 91
46 92
46 94
46 95
46 98
46 102
46 103
46 104
46 109
46 111
46 116
46 117
46 122
46 123
46 125
46 126
47 199
47 185
47 183
47 182
47 179
47 178
47 177
47 174
47 172
47 171
47 170
47 169
47 165
47 164
47 159
47 158
47 156
47 155
47 153
47 152
47 151
47 146
47 142
47 140
47 138
47 137
47 135
47 132
47 131
47 128
47 58
47 57
47 56
47 55
47 53
47 48
47 127
47 61
47 62
47 63
47 64
47 65
47 66
47 67
47 71
47 76
47 78
47 80
47 81
47 82
47 84
47 87
47 90
47 91
47 96
47 101
47 102
47 103
47 107
47 108
47 109
47 111
47 112
47 113
47 114
47 115
47 116
47 118
47 119
47 120
47 124
47 125
47 126
48 199
48 198
48 197
48 195
48 194
48 193
48 192
48 188
48 187
48 185
48 183
48 182
48 181
48 179
48 176
48 175
48 174
48 172
48 171
48 168
48 165
48 164
48 162
48 161
48 158
48 156
48 155
48 154
48 150
48 149
48 148
48 147
48 146
48 144
48 141
48 139
48 137
48 133
48 132
48 129
48 57
48 56
48 55
48 54
48 52
48 49
48 60
48 61
48 63
48 67
48 69
48 70
48 72
48 73
48 76
48 77
48 80
48 81
48 82
48 86
48 87
48 88
48 90
48 91
48 92
48 95
48 96
48 97
48 99
48 103
48 107
48 110
48 111
48 112
48 114
48 121
48 123
48 125
49 199
49 197
49 196
49 195
49 193
49 186
49 184
49 182
49 178
49 177
49 176
49 175
49 173
49 171
49 166
49 165
49 162
49 160
49 156
49 152
49 150
49 144
49 143
49 138
49 137
49 135
49 134
49 132
49 58
49 53
49 127
49 60
49 61
49 66
49 67
49 68
49 69
49 72
49 73
49 74
49 77
49 78
49 79
49 81
49 82
49 83
49 86
49 87
49 91
49 92
49 93
49 97
49 100
49 104
49 106
49 107
49 108
49 109
49 111
49 112
49 117
49 118
49 121
49 122
49 123
49 124
49 126
50 196
50 195
50 194
50 192
50 191
50 190
50 188
50 186
50 185
50 181
50 180
50 178
50 177
50 175
50 172
50 171
50 168
50 166
50 162
50 161
50 159
50 158
50 154
50 153
50 151
50 149
50 144
50 143
50 139
50 138
50 136
50 135
50 133
50 58
50 56
50 53
50 52
50 127
50 60
50 61
50 64
50 65
50 67
50 69
50 71
50 78
50 82
50 90
50 92
50 93
50 94
50 97
50 98
50 99
50 101
50 103
50 104
50 105
50 107
50 108
50 110
50 111
50 114
50 116
50 119
50 122
50 124
50 126
51 197
51 195
51 194
51 193
51 189
51 186
51 178
51 177
51 173
51 167
51 161
51 160
51 159
51 156
51 154
51 153
51 151
51 150
51 149
51 146
51 142
51 141
51 139
51 137
51 136
51 135
51 133
51 129
51 128
51 57
51 53
51 52
51 59
51 127
51 61
51 62
51 67
51 69
51 70
51 71
51 72
51 73
51 74
51 76
51 78
51 80
51 87
51 89
51 91
51 92
51 93
51 96
51 97
51 98
51 100
51 101
51 104
51 105
51 106
51 110
51 115
51 117
51 120
51 122
51 123
51 125
51 126
52 198
52 193
52 189
52 184
52 183
52 181
52 178
52 176
52 174
52 173
52 172
52 167
52 166
52 164
52 162
52 160
52 159
52 156
52 155
52 154
52 151
52 150
52 149
52 147
52 142
52 140
52 138
52 135
52 133
52 131
52 130
52 56
52 55
52 54
52 53
52 59
52 60
52 61
52 62
52 64
52 65
52 66
52 67
52 68
52 70
52 71
52 73
52 77
52 78
52 82
52 83
52 85
52 86
52 95
52 96
52 97
52 99
52 100
52 102
52 107
52 111
52 113
52 115
52 116
52 119
52 120
52 121
52 124
52 125
53 197
53 196
53 195
53 193
53 191
53 188
53 187
53 185
53 184
53 182
53 181
53 180
53 179
53 178
53 177
53 176
53 174
53 171
53 169
53 167
53 166
53 165
53 164
53 163
53 162
53 161
53 159
53 156
53 152
53 149
53 147
53 145
53 144
53 143
53 142
53 141
53 138
53 137
53 136
53 130
53 58
53 56
53 55
53 62
53 63
53 65
53 66
53 67
53 69
53 70
53 71
53 72
53 75
53 82
53 84
53 89
53 92
53 93
53 95
53 99
53 100
53 101
53 102
53 105
53 106
53 108
53 109
53 110
53 117
53 120
53 121
53 123
53 125
54 197
54 196
54 195
54 193
54 192
54 190
54 189
54 187
54 182
54 181
54 180
54 179
54 175
54 173
54 172
54 171
54 170
54 169
54 165
54 163
54 161
54 160
54 159
54 155
54 154
54 153
54 152
54 151
54 149
54 147
54 143
54 142
54 141
54 132
54 129
54 128
54 57
54 55
54 59
54 127
54 60
54 62
54 66
54 68
54 70
54 73
54 74
54 75
54 76
54 78
54 80
54 83
54 85
54 86
54 87
54 88
54 91
54 94
54 98
54 106
54 107
54 108
54 109
54 110
54 115
54 116
54 119
54 121
54 123
54 126
55 197
55 196
55 195
55 193
55 185
55 184
55 183
55 181
55 180
55 179
55 175
55 174
55 173
55 170
55 168
55 166
55 163
55 162
55 159
55 157
55 154
55 153
55 152
55 151
55 148
55 146
55 142
55 139
55 133
55 131
55 130
55 129
55 128
55 58
55 56
55 59
55 60
55 62
55 63
55 66
55 67
55 69
55 70
55 79
55 80
55 82
55 84
55 85
55 88
55 89
55 90
55 91
55 94
55 95
55 96
55 98
55 100
55 106
55 108
55 109
55 110
55 112
55 113
55 115
55 117
55 118
55 121
55 122
55 124
56 199
56 198
56 197
56 196
56 195
56 194
56 189
56 184
56 183
56 180
56 177
56 171
56 170
56 168
56 167
56 166
56 165
56 163
56 162
56 161
56 159
56 155
56 145
56 144
56 143
56 141
56 139
56 138
56 137
56 136
56 134
56 133
56 129
56 58
56 127
56 64
56 67
56 69
56 70
56 72
56 80
56 81
56 83
56 91
56 92
56 94
56 95
56 101
56 102
56 103
56 104
56 107
56 109
56 112
56 113
56 114
56 115
56 116
56 119
56 121
56 124
56 125
56 126
57 199
57 198
57 197
57 196
57 195
57 194
57 183
57 182
57 181
57 180
57 179
57 177
57 176
57 175
57 173
57 170
57 169
57 168
57 167
57 165
57 163
57 162
57 161
57 160
57 157
57 155
57 153
57 152
57 150
57 149
57 146
57 145
57 144
57 141
57 140
57 137
57 133
57 129
57 128
57 58
57 60
57 62
57 74
57 76
57 78
57 79
57 80
57 82
57 83
57 88
57 90
57 93
57 94
57 95
57 96
57 97
57 101
57 104
57 105
57 109
57 110
57 111
57 112
57 117
57 118
57 122
57 123
57 125
57 126
58 198
58 197
58 196
58 194
58 193
58 191
58 188
58 184
58 176
58 174
58 172
58 171
58 170
58 167
58 164
58 162
58 156
58 154
58 152
58 151
58 148
58 146
58 145
58 137
58 134
58 133
58 132
58 131
58 128
58 127
58 60
58 63
58 65
58 66
58 67
58 68
58 70
58 71
58 72
58 73
58 74
58 75
58 78
58 79
58 80
58 84
58 86
58 89
58 92
58 96
58 103
58 104
58 105
58 106
58 109
58 111
58 112
58 114
58 115
58 118
58 124
59 197
59 195
59 193
59 192
59 191
59 189
59 188
59 186
59 182
59 181
59 180
59 174
59 171
59 168
59 166
59 162
59 161
59 157
59 156
59 154
59 153
59 151
59 150
59 149
59 147
59 146
59 144
59 143
59 139
59 138
59 136
59 135
59 129
59 60
59 61
59 63
59 65
59 66
59 67
59 75
59 77
59 79
59 82
59 83
59 86
59 89
59 91
59 92
59 93
59 94
59 95
59 96
59 98
59 101
59 104
59 107
59 110
59 111
59 112
59 114
59 120
59 122
59 124
59 125
60 199
60 197
60 196
60 193
60 191
60 190
60 189
60 188
60 187
60 182
60 181
60 180
60 179
60 177
60 176
60 175
60 172
60 169
60 166
60 164
60 159
60 157
60 155
60 154
60 153
60 152
60 151
60 150
60 149
60 146
60 144
60 143
60 138
60 135
60 134
60 132
60 131
60 130
60 129
60 128
60 61
60 62
60 66
60 69
60 74
60 75
60 76
60 77
60 78
60 79
60 81
60 84
60 88
60 91
60 92
60 93
60 94
60 97
60 99
60 103
60 104
60 105
60 106
60 109
60 111
60 116
60 117
60 118
60 121
60 123
60 125
61 198
61 197
61 196
61 193
61 187
61 186
61 185
61 182
61 181
61 178
61 177
61 176
61 175
61 173
61 171
61 169
61 168
61 166
61 165
61 162
61 159
61 156
61 152
61 150
61 149
61 145
61 142
61 140
61 137
61 136
61 135
61 134
61 133
61 131
61 130
61 69
61 72
61 75
61 78
61 79
61 80
61 83
61 84
61 85
61 88
61 92
61 95
61 97
61 101
61 102
61 103
61 104
61 108
61 113
61 118
61 120
61 121
61 123
61 124
62 199
62 193
62 192
62 191
62 190
62 185
62 183
62 180
62 178
62 177
62 173
62 171
62 169
62 164
62 163
62 161
62 156
62 154
62 151
62 149
62 148
62 144
62 143
62 141
62 138
62 133
62 132
62 128
62 127
62 63
62 64
62 67
62 69
62 71
62 72
62 75
62 78
62 80
62 88
62 89
62 91
62 93
62 94
62 95
62 96
62 98
62 102
62 103
62 107
62 111
62 112
62 113
62 121
62 124
62 125
63 199
63 198
63 196
63 193
63 190
63 186
63 183
63 182
63 178
63 176
63 174
63 172
63 168
63 167
63 166
63 161
63 158
63 157
63 155
63 153
63 147
63 145
63 144
63 143
63 141
63 139
63 138
63 137
63 135
63 133
63 132
63 131
63 129
63 66
63 67
63 68
63 70
63 73
63 74
63 76
63 77
63 81
63 83
63 85
63 87
63 88
63 91
63 92
63 94
63 96
63 100
63 103
63 110
63 113
63 115
63 118
63 119
63 120
63 122
63 123
63 126
64 199
64 195
64 194
64 193
64 191
64 188
64 184
64 183
64 182
64 180
64 177
64 172
64 170
64 164
64 162
64 161
64 158
64 155
64 151
64 149
64 146
64 144
64 143
64 138
64 136
64 135
64 133
64 131
64 130
64 129
64 128
64 66
64 67
64 68
64 69
64 71
64 72
64 73
64 74
64 76
64 78
64 79
64 85
64 87
64 88
64 89
64 91
64 92
64 93
64 94
64 95
64 96
64 98
64 99
64 106
64 109
64 112
64 113
64 115
64 116
64 117
64 118
64 119
64 120
64 125
64 126
65 199
65 198
65 196
65 195
65 193
65 188
65 186
65 184
65 183
65 182
65 181
65 179
65 176
65 174
65 173
65 172
65 170
65 166
65 163
65 159
65 158
65 154
65 153
65 149
65 144
65 140
65 138
65 136
65 130
65 129
65 128
65 127
65 72
65 73
65 74
65 77
65 82
65 84
65 85
65 93
65 96
65 97
65 98
65 99
65 101
65 104
65 105
65 108
65 109
65 110
65 112
65 114
65 115
65 117
65 119
65 120
65 121
65 122
65 124
65 125
65 126
66 199
66 196
66 195
66 192
66 185
66 183
66 181
66 180
66 175
66 173
66 172
66 170
66 169
66 168
66 166
66 162
66 158
66 157
66 152
66 151
66 147
66 146
66 145
66 144
66 141
66 137
66 136
66 134
66 133
66 131
66 129
66 67
66 68
66 70
66 73
66 74
66 77
66 78
66 79
66 81
66 83
66 85
66 88
66 90
66 91
66 92
66 93
66 98
66 100
66 102
66 103
66 104
66 105
66 108
66 109
66 110
66 112
66 117
66 118
66 122
66 125
67 193
67 191
67 190
67 189
67 188
67 182
67 179
67 176
67 171
67 170
67 169
67 168
67 167
67 164
67 162
67 161
67 160
67 159
67 158
67 157
67 143
67 142
67 140
67 137
67 133
67 130
67 129
67 128
67 69
67 71
67 77
67 78
67 80
67 81
67 86
67 92
67 93
67 94
67 96
67 97
67 100
67 101
67 102
67 109
67 110
67 112
67 119
67 120
67 121
67 122
67 123
67 124
67 126
68 199
68 198
68 192
68 191
68 190
68 189
68 188
68 185
68 181
68 179
68 177
68 176
68 175
68 172
68 166
68 165
68 164
68 162
68 161
68 160
68 158
68 155
68 151
68 150
68 149
68 147
68 144
68 141
68 140
68 139
68 137
68 131
68 130
68 128
68 127
68 69
68 70
68 71
68 72
68 73
68 76
68 77
68 79
68 86
68 91
68 94
68 96
68 105
68 106
68 107
68 108
68 109
68 110
68 111
68 112
68 114
68 115
68 118
68 120
68 121
68 122
68 125
68 126
69 198
69 197
69 194
69 192
69 191
69 190
69 189
69 184
69 180
69 179
69 177
69 175
69 173
69 170
69 168
69 167
69 165
69 162
69 157
69 155
69 154
69 152
69 150
69 148
69 135
69 134
69 130
69 129
69 128
69 127
69 70
69 71
69 72
69 74
69 75
69 77
69 78
69 82
69 85
69 86
69 88
69 96
69 98
69 103
69 108
69 112
69 119
69 120
69 121
69 123
69 124
69 125
69 126
70 198
70 194
70 192
70 191
70 188
70 186
70 185
70 181
70 178
70 176
70 175
70 172
70 170
70 168
70 167
70 165
70 162
70 159
70 156
70 155
70 153
70 152
70 151
70 149
70 142
70 141
70 139
70 137
70 136
70 130
70 72
70 73
70 74
70 79
70 82
70 87
70 88
70 90
70 98
70 100
70 102
70 107
70 108
70 110
70 111
70 113
70 114
70 120
70 124
70 125
71 197
71 196
71 195
71 192
71 191
71 189
71 187
71 183
71 182
71 181
71 180
71 179
71 174
71 172
71 171
71 170
71 169
71 167
71 165
71 164
71 163
71 162
71 161
71 156
71 154
71 153
71 144
71 142
71 141
71 140
71 139
71 137
71 136
71 135
71 132
71 128
71 127
71 73
71 78
71 80
71 85
71 87
71 88
71 89
71 96
71 97
71 98
71 100
71 107
71 109
71 110
71 111
71 112
71 113
71 114
71 124
71 125
72 197
72 195
72 194
72 193
72 192
72 191
72 189
72 185
72 181
72 180
72 179
72 174
72 173
72 163
72 161
72 158
72 157
72 154
72 153
72 152
72 151
72 148
72 145
72 144
72 137
72 136
72 134
72 133
72 130
72 78
72 82
72 83
72 85
72 86
72 88
72 89
72 91
72 92
72 94
72 95
72 97
72 99
72 100
72 102
72 104
72 106
72 108
72 109
72 110
72 111
72 115
72 117
73 199
73 196
73 194
73 191
73 189
73 187
73 185
73 184
73 181
73 180
73 178
73 172
73 169
73 166
73 165
73 161
73 154
73 152
73 150
73 148
73 147
73 141
73 140
73 136
73 132
73 131
73 130
73 128
73 79
73 82
73 84
73 89
73 90
73 91
73 92
73 93
73 94
73 95
73 98
73 99
73 100
73 103
73 106
73 107
73 108
73 109
73 113
73 114
73 115
73 119
73 121
73 122
74 198
74 195
74 193
74 191
74 190
74 187
74 183
74 182
74 181
74 179
74 178
74 177
74 176
74 175
74 173
74 171
74 168
74 166
74 165
74 159
74 155
74 153
74 150
74 147
74 143
74 141
74 139
74 138
74 135
74 132
74 131
74 129
74 128
74 76
74 77
74 78
74 79
74 87
74 93
74 94
74 97
74 98
74 100
74 101
74 104
74 105
74 107
74 109
74 110
74 111
74 112
74 113
74 114
74 116
74 119
74 122
74 123
74 125
75 197
75 196
75 195
75 194
75 193
75 192
75 191
75 185
75 184
75 183
75 182
75 180
75 179
75 178
75 177
75 174
75 173
75 171
75 168
75 166
75 164
75 162
75 161
75 157
75 156
75 153
75 151
75 149
75 145
75 144
75 143
75 137
75 136
75 134
75 133
75 132
75 128
75 127
75 77
75 80
75 84
75 85
75 86
75 87
75 91
75 96
75 97
75 99
75 101
75 103
75 104
75 108
75 109
75 111
75 114
75 115
75 117
75 126
76 199
76 197
76 194
76 193
76 185
76 184
76 182
76 181
76 179
76 178
76 175
76 172
76 171
76 162
76 160
76 159
76 156
76 154
76 148
76 145
76 140
76 139
76 137
76 136
76 135
76 129
76 127
76 81
76 86
76 89
76 90
76 92
76 93
76 94
76 95
76 97
76 101
76 108
76 112
76 113
76 116
76 117
76 118
76 122
76 123
76 126
77 196
77 191
77 187
77 185
77 183
77 181
77 178
77 176
77 175
77 174
77 173
77 171
77 169
77 168
77 167
77 163
77 161
77 157
77 155
77 154
77 152
77 151
77 150
77 149
77 147
77 145
77 144
77 140
77 139
77 137
77 136
77 135
77 132
77 131
77 128
77 127
77 79
77 81
77 83
77 87
77 88
77 90
77 91
77 92
77 93
77 94
77 95
77 98
77 101
77 106
77 107
77 115
77 116
77 118
77 119
77 120
77 121
77 122
77 123
77 124
78 199
78 195
78 193
78 192
78 190
78 189
78 187
78 184
78 181
78 177
78 175
78 172
78 170
78 167
78 159
78 157
78 156
78 152
78 151
78 150
78 148
78 143
78 140
78 139
78 136
78 135
78 133
78 80
78 85
78 86
78 87
78 88
78 93
78 95
78 98
78 100
78 101
78 103
78 107
78 109
78 110
78 111
78 112
78 116
78 118
78 123
78 124
78 125
78 126
79 198
79 195
79 194
79 190
79 188
79 186
79 185
79 183
79 182
79 177
79 176
79 172
79 171
79 167
79 166
79 165
79 164
79 163
79 160
79 159
79 155
79 153
79 152
79 151
79 149
79 148
79 147
79 146
79 145
79 143
79 139
79 138
79 137
79 136
79 134
79 133
79 130
79 129
79 80
79 84
79 89
79 92
79 93
79 94
79 96
79 97
79 98
79 99
79 100
79 108
79 110
79 112
79 115
79 118
79 119
79 121
79 125
80 199
80 197
80 196
80 195
80 194
80 193
80 192
80 190
80 189
80 188
80 186
80 183
80 182
80 178
80 172
80 171
80 170
80 169
80 165
80 163
80 162
80 161
80 157
80 156
80 154
80 153
80 152
80 150
80 149
80 148
80 147
80 146
80 145
80 139
80 138
80 135
80 133
80 130
80 129
80 128
80 83
80 84
80 85
80 87
80 90
80 95
80 98
80 100
80 106
80 107
80 109
80 110
80 114
80 118
80 119
80 120
80 121
80 122
80 123
81 199
81 198
81 194
81 193
81 191
81 189
81 186
81 184
81 182
81 181
81 170
81 168
81 165
81 164
81 161
81 159
81 158
81 156
81 152
81 151
81 150
81 147
81 143
81 141
81 137
81 136
81 134
81 132
81 130
81 129
81 128
81 127
81 83
81 85
81 90
81 93
81 96
81 97
81 98
81 99
81 100
81 101
81 107
81 115
81 116
81 121
82 199
82 198
82 196
82 189
82 187
82 182
82 181
82 178
82 175
82 173
82 172
82 167
82 166
82 164
82 163
82 162
82 161
82 160
82 158
82 156
82 155
82 154
82 151
82 150
82 147
82 146
82 144
82 142
82 141
82 137
82 136
82 134
82 132
82 129
82 127
82 84
82 85
82 89
82 92
82 93
82 95
82 102
82 105
82 107
82 109
82 112
82 113
82 115
82 121
83 197
83 193
83 191
83 188
83 186
83 184
83 179
83 178
83 175
83 172
83 171
83 167
83 165
83 164
83 163
83 158
83 157
83 155
83 153
83 151
83 149
83 147
83 146
83 138
83 137
83 132
83 130
83 84
83 85
83 87
83 88
83 90
83 91
83 93
83 94
83 95
83 96
83 97
83 99
83 101
83 102
83 104
83 109
83 113
83 115
83 118
83 120
83 122
83 123
83 125
84 199
84 198
84 197
84 189
84 188
84 187
84 183
84 182
84 181
84 178
84 177
84 174
84 166
84 165
84 164
84 163
84 160
84 159
84 158
84 156
84 155
84 154
84 151
84 150
84 143
84 142
84 141
84 140
84 139
84 134
84 133
84 130
84 129
84 89
84 90
84 93
84 95
84 97
84 100
84 101
84 105
84 108
84 110
84 116
84 117
84 118
84 120
84 121
84 124
85 196
85 194
85 193
85 188
85 184
85 183
85 181
85 178
85 177
85 174
85 172
85 171
85 168
85 167
85 165
85 164
85 163
85 162
85 161
85 157
85 156
85 155
85 154
85 152
85 149
85 147
85 145
85 143
85 142
85 141
85 140
85 139
85 137
85 136
85 134
85 131
85 128
85 86
85 90
85 91
85 93
85 95
85 98
85 100
85 101
85 103
85 105
85 107
85 109
85 110
85 111
85 112
85 114
85 115
85 119
85 122
85 123
85 124
86 196
86 193
86 191
86 190
86 189
86 187
86 184
86 183
86 182
86 180
86 178
86 177
86 176
86 175
86 173
86 171
86 169
86 168
86 167
86 166
86 165
86 162
86 160
86 159
86 158
86 157
86 153
86 150
86 148
86 147
86 146
86 145
86 141
86 140
86 139
86 136
86 135
86 134
86 133
86 131
86 88
86 89
86 91
86 98
86 100
86 101
86 103
86 105
86 107
86 109
86 112
86 115
86 116
86 123
86 124
86 125
86 126
87 199
87 196
87 192
87 191
87 190
87 189
87 185
87 184
87 183
87 182
87 181
87 180
87 179
87 176
87 174
87 172
87 169
87 168
87 166
87 165
87 162
87 160
87 158
87 155
87 154
87 153
87 152
87 151
87 149
87 148
87 139
87 138
87 135
87 90
87 91
87 94
87 95
87 98
87 99
87 100
87 102
87 103
87 105
87 110
87 112
87 115
87 120
87 124
87 125
87 126
88 198
88 196
88 194
88 189
88 187
88 185
88 184
88 178
88 176
88 175
88 173
88 171
88 169
88 163
88 158
88 157
88 156
88 155
88 152
88 147
88 144
88 142
88 139
88 138
88 136
88 91
88 92
88 93
88 97
88 98
88 100
88 101
88 102
88 104
88 106
88 108
88 111
88 112
88 114
88 116
88 118
88 121
88 123
88 125
88 126
89 198
89 197
89 190
89 189
89 185
89 184
89 180
89 179
89 175
89 174
89 171
89 169
89 168
89 163
89 162
89 158
89 157
89 156
89 153
89 151
89 150
89 149
89 144
89 143
89 142
89 139
89 138
89 137
89 135
89 134
89 130
89 127
89 90
89 92
89 95
89 97
89 101
89 108
89 112
89 115
89 118
89 120
89 123
89 124
89 126
90 195
90 194
90 191
90 190
90 189
90 182
90 180
90 176
90 174
90 173
90 169
90 167
90 165
90 163
90 162
90 160
90 155
90 153
90 152
90 144
90 141
90 139
90 138
90 136
90 135
90 134
90 132
90 130
90 128
90 92
90 93
90 98
90 100
90 101
90 102
90 103
90 104
90 106
90 107
90 109
90 110
90 111
90 112
90 113
90 114
90 115
90 119
90 120
90 121
90 123
90 125
90 126
91 198
91 197
91 196
91 194
91 193
91 191
91 189
91 187
91 185
91 183
91 180
91 176
91 172
91 170
91 169
91 168
91 167
91 163
91 162
91 160
91 158
91 156
91 155
91 152
91 150
91 147
91 145
91 143
91 142
91 141
91 140
91 139
91 136
91 135
91 130
91 127
91 104
91 105
91 106
91 107
91 109
91 110
91 113
91 114
91 117
91 118
91 119
91 121
91 122
91 123
91 124
91 125
91 126
92 194
92 193
92 192
92 191
92 189
92 186
92 184
92 182
92 181
92 179
92 178
92 172
92 166
92 165
92 164
92 163
92 162
92 159
92 158
92 156
92 155
92 153
92 152
92 149
92 148
92 142
92 141
92 139
92 137
92 136
92 135
92 133
92 130
92 128
92 127
92 97
92 99
92 100
92 102
92 104
92 105
92 108
92 113
92 116
92 118
92 120
92 121
92 125
92 126
93 198
93 196
93 195
93 192
93 191
93 189
93 186
93 179
93 176
93 175
93 174
93 173
93 172
93 166
93 165
93 164
93 162
93 161
93 160
93 158
93 157
93 156
93 155
93 153
93 152
93 151
93 150
93 144
93 143
93 142
93 141
93 137
93 135
93 133
93 132
93 131
93 96
93 99
93 100
93 103
93 105
93 107
93 108
93 110
93 113
93 117
93 118
93 123
93 125
94 190
94 189
94 186
94 185
94 184
94 181
94 178
94 177
94 175
94 173
94 170
94 169
94 167
94 158
94 157
94 155
94 153
94 151
94 150
94 149
94 148
94 147
94 145
94 139
94 138
94 137
94 136
94 134
94 131
94 129
94 128
94 95
94 97
94 98
94 100
94 102
94 103
94 104
94 110
94 115
94 116
94 117
94 121
94 122
94 123
94 124
95 197
95 195
95 189
95 186
95 182
95 180
95 179
95 177
95 172
95 171
95 168
95 165
95 163
95 160
95 159
95 157
95 155
95 152
95 149
95 147
95 146
95 145
95 144
95 143
95 142
95 141
95 139
95 135
95 134
95 133
95 132
95 131
95 99
95 100
95 102
95 103
95 105
95 112
95 114
95 116
95 119
96 198
96 193
96 191
96 188
96 186
96 185
96 180
96 177
96 176
96 175
96 173
96 171
96 168
96 166
96 164
96 163
96 162
96 161
96 158
96 156
96 155
96 154
96 153
96 151
96 150
96 148
96 145
96 142
96 141
96 139
96 137
96 136
96 134
96 131
96 129
96 128
96 97
96 99
96 100
96 101
96 103
96 104
96 105
96 108
96 110
96 111
96 115
96 120
96 121
96 122
96 124
96 126
97 198
97 196
97 187
97 184
97 182
97 180
97 178
97 174
97 172
97 171
97 164
97 163
97 161
97 156
97 155
97 154
97 148
97 146
97 145
97 144
97 142
97 140
97 139
97 137
97 131
97 130
97 128
97 127
97 98
97 100
97 106
97 107
97 110
97 112
97 113
97 121
97 122
97 123
97 124
97 125
98 199
98 198
98 197
98 196
98 193
98 192
98 188
98 185
98 180
98 177
98 176
98 175
98 171
98 168
98 167
98 166
98 165
98 162
98 155
98 154
98 152
98 151
98 149
98 148
98 147
98 142
98 139
98 137
98 135
98 132
98 131
98 130
98 129
98 127
98 100
98 101
98 102
98 103
98 104
98 108
98 110
98 116
98 117
98 119
98 120
98 122
98 123
98 126
99 199
99 194
99 193
99 190
99 184
99 182
99 180
99 178
99 177
99 172
99 171
99 166
99 165
99 164
99 161
99 158
99 156
99 154
99 153
99 152
99 150
99 149
99 148
99 147
99 146
99 144
99 142
99 141
99 139
99 138
99 137
99 135
99 134
99 132
99 129
99 128
99 102
99 103
99 109
99 110
99 113
99 116
99 117
99 121
99 126
100 198
100 196
100 195
100 187
100 185
100 184
100 183
100 180
100 178
100 175
100 173
100 172
100 168
100 166
100 165
100 164
100 162
100 160
100 159
100 158
100 157
100 156
100 152
100 149
100 148
100 147
100 145
100 143
100 140
100 139
100 137
100 136
100 135
100 134
100 133
100 129
100 127
100 101
100 102
100 103
100 108
100 110
100 111
100 113
100 117
100 120
101 198
101 197
101 196
101 184
101 182
101 180
101 179
101 178
101 176
101 175
101 174
101 167
101 166
101 164
101 163
101 162
101 161
101 155
101 153
101 150
101 149
101 147
101 145
101 144
101 143
101 141
101 138
101 136
101 130
101 128
101 127
101 102
101 108
101 110
101 111
101 113
101 123
101 125
101 126
102 198
102 196
102 191
102 189
102 187
102 178
102 177
102 175
102 171
102 170
102 169
102 165
102 163
102 162
102 161
102 160
102 158
102 157
102 155
102 154
102 153
102 152
102 149
102 146
102 145
102 143
102 142
102 141
102 139
102 137
102 136
102 135
102 134
102 133
102 132
102 130
102 127
102 107
102 108
102 109
102 110
102 114
102 119
102 120
102 126
103 197
103 196
103 193
103 192
103 189
103 186
103 185
103 184
103 183
103 182
103 181
103 179
103 176
103 173
103 168
103 167
103 165
103 162
103 161
103 158
103 157
103 154
103 148
103 145
103 141
103 138
103 136
103 133
103 131
103 130
103 129
103 104
103 105
103 109
103 110
103 111
103 112
103 113
103 114
103 115
103 117
103 118
103 120
103 121
103 122
103 123
103 125
104 199
104 198
104 193
104 192
104 191
104 190
104 189
104 186
104 185
104 184
104 181
104 180
104 179
104 175
104 174
104 169
104 166
104 165
104 160
104 158
104 157
104 156
104 151
104 149
104 147
104 145
104 141
104 140
104 139
104 136
104 135
104 134
104 133
104 132
104 131
104 130
104 105
104 106
104 107
104 108
104 109
104 110
104 113
104 114
104 117
104 119
104 120
104 122
104 125
104 126
105 199
105 198
105 197
105 195
105 191
105 190
105 185
105 184
105 178
105 175
105 174
105 173
105 172
105 170
105 169
105 168
105 167
105 166
105 163
105 162
105 158
105 156
105 153
105 150
105 145
105 144
105 143
105 141
105 140
105 139
105 136
105 135
105 133
105 131
105 130
105 129
105 128
105 127
105 106
105 108
105 110
105 111
105 116
105 118
105 120
105 123
105 124
105 125
105 126
106 198
106 197
106 196
106 193
106 191
106 188
106 187
106 185
106 184
106 182
106 179
106 178
106 175
106 174
106 171
106 170
106 169
106 168
106 166
106 164
106 163
106 159
106 157
106 155
106 154
106 150
106 149
106 142
106 136
106 135
106 134
106 133
106 131
106 109
106 112
106 113
106 114
106 119
106 120
106 121
107 194
107 192
107 191
107 186
107 183
107 181
107 180
107 179
107 177
107 174
107 172
107 170
107 169
107 164
107 161
107 160
107 159
107 158
107 154
107 152
107 150
107 149
107 146
107 143
107 140
107 139
107 138
107 137
107 136
107 135
107 134
107 129
107 128
107 112
107 114
107 116
107 117
107 120
107 122
107 123
107 124
107 125
107 126
108 199
108 191
108 190
108 186
108 185
108 184
108 180
108 177
108 174
108 173
108 169
108 166
108 163
108 162
108 161
108 157
108 156
108 153
108 152
108 151
108 150
108 147
108 145
108 143
108 142
108 141
108 139
108 137
108 136
108 134
108 130
108 127
108 111
108 112
108 114
108 115
108 116
108 118
108 122
108 125
109 199
109 196
109 195
109 192
109 190
109 189
109 188
109 187
109 185
109 184
109 180
109 178
109 176
109 175
109 174
109 173
109 171
109 165
109 163
109 162
109 161
109 159
109 158
109 155
109 153
109 146
109 141
109 140
109 139
109 138
109 136
109 134
109 132
109 131
109 130
109 129
109 128
109 127
109 112
109 114
109 115
109 116
109 117
109 119
109 120
109 121
109 124
110 199
110 198
110 196
110 194
110 192
110 191
110 190
110 189
110 188
110 187
110 186
110 184
110 181
110 177
110 174
110 173
110 172
110 170
110 169
110 168
110 167
110 165
110 162
110 158
110 157
110 156
110 154
110 153
110 151
110 149
110 148
110 147
110 145
110 143
110 142
110 140
110 136
110 113
110 114
110 115
110 117
110 120
110 121
110 124
110 126
111 198
111 196
111 195
111 194
111 193
111 191
111 189
111 187
111 183
111 181
111 180
111 179
111 177
111 173
111 171
111 170
111 169
111 167
111 165
111 164
111 161
111 160
111 157
111 153
111 151
111 150
111 149
111 147
111 146
111 143
111 139
111 135
111 134
111 133
111 131
111 130
111 129
111 128
111 113
111 114
111 116
111 120
111 121
111 124
111 126
112 198
112 197
112 194
112 192
112 190
112 187
112 185
112 184
112 180
112 179
112 178
112 175
112 172
112 171
112 165
112 160
112 158
112 156
112 155
112 154
112 153
112 151
112 145
112 144
112 142
112 138
112 136
112 135
112 133
112 132
112 130
112 114
112 115
112 120
112 121
112 122
112 123
112 125
112 126
113 198
113 193
113 191
113 190
113 188
113 186
113 185
113 182
113 179
113 178
113 174
113 173
113 171
113 170
113 163
113 162
113 157
113 156
113 152
113 148
113 144
113 143
113 137
113 132
113 131
113 130
113 127
113 117
113 118
113 119
113 120
113 121
113 123
113 126
114 197
114 196
114 194
114 191
114 189
114 187
114 183
114 179
114 178
114 177
114 175
114 170
114 169
114 165
114 164
114 163
114 162
114 159
114 157
114 156
114 155
114 150
114 148
114 145
114 142
114 141
114 140
114 138
114 136
114 135
114 133
114 132
114 130
114 129
114 128
114 127
114 115
114 118
114 119
114 120
114 122
114 123
114 124
115 196
115 195
115 194
115 193
115 192
115 191
115 188
115 187
115 185
115 184
115 181
115 178
115 177
115 176
115 175
115 174
115 173
115 172
115 166
115 165
115 164
115 159
115 153
115 151
115 150
115 149
115 148
115 147
115 143
115 142
115 141
115 136
115 130
115 127
115 116
115 123
115 124
115 125
115 126
116 198
116 197
116 196
116 194
116 192
116 191
116 189
116 185
116 184
116 182
116 181
116 180
116 178
116 177
116 176
116 175
116 173
116 171
116 170
116 166
116 163
116 162
116 161
116 157
116 156
116 152
116 151
116 150
116 148
116 146
116 145
116 143
116 142
116 141
116 138
116 137
116 134
116 132
116 131
116 130
116 129
116 127
116 118
116 121
116 124
116 125
116 126
117 199
117 198
117 195
117 194
117 192
117 186
117 185
117 184
117 183
117 182
117 179
117 174
117 173
117 163
117 162
117 156
117 155
117 153
117 152
117 147
117 144
117 142
117 141
117 139
117 138
117 137
117 136
117 135
117 134
117 133
117 129
117 128
117 127
117 121
117 122
118 199
118 193
118 190
118 189
118 188
118 183
118 182
118 180
118 177
118 176
118 175
118 171
118 163
118 153
118 152
118 151
118 141
118 139
118 138
118 136
118 135
118 134
118 121
118 122
118 124
118 125
119 196
119 195
119 194
119 192
119 183
119 182
119 178
119 173
119 164
119 163
119 158
119 157
119 154
119 151
119 150
119 149
119 148
119 139
119 138
119 137
119 135
119 134
119 132
119 131
119 128
119 127
119 120
119 124
120 199
120 198
120 197
120 196
120 194
120 193
120 188
120 187
120 180
120 179
120 178
120 175
120 171
120 169
120 167
120 156
120 153
120 152
120 151
120 149
120 148
120 147
120 145
120 143
120 142
120 140
120 138
120 137
120 135
120 134
120 133
120 132
120 131
120 129
120 121
120 123
120 125
120 126
121 197
121 195
121 192
121 188
121 187
121 182
121 179
121 177
121 174
121 172
121 170
121 169
121 167
121 164
121 160
121 158
121 157
121 156
121 150
121 136
121 134
121 131
121 130
121 124
122 194
122 193
122 192
122 190
122 189
122 188
122 186
122 184
122 179
122 178
122 173
122 172
122 171
122 169
122 165
122 162
122 161
122 160
122 157
122 156
122 155
122 153
122 141
122 140
122 139
122 137
122 132
122 128
122 124
123 199
123 194
123 193
123 192
123 189
123 181
123 180
123 174
123 173
123 172
123 170
123 169
123 168
123 166
123 165
123 164
123 163
123 156
123 151
123 149
123 146
123 144
123 142
123 138
123 136
123 135
123 134
123 133
123 131
123 128
123 124
123 125
124 193
124 191
124 187
124 184
124 183
124 176
124 173
124 171
124 170
124 169
124 167
124 166
124 164
124 159
124 158
124 150
124 149
124 146
124 145
124 144
124 143
124 140
124 133
124 132
124 130
124 129
124 127
124 126
125 198
125 197
125 195
125 191
125 189
125 187
125 183
125 182
125 179
125 178
125 177
125 172
125 170
125 168
125 167
125 165
125 164
125 163
125 160
125 159
125 156
125 155
125 150
125 147
125 146
125 131
125 130
125 127
126 195
126 194
126 189
126 187
126 185
126 182
126 181
126 180
126 175
126 170
126 167
126 165
126 163
126 162
126 157
126 155
126 154
126 153
126 152
126 150
126 147
126 145
126 144
126 143
126 140
126 137
126 136
126 135
126 134
126 133
126 132
126 130
127 199
127 198
127 197
127 195
127 191
127 190
127 187
127 186
127 184
127 179
127 177
127 176
127 175
127 172
127 170
127 168
127 167
127 166
127 165
127 162
127 160
127 158
127 155
127 153
127 151
127 150
127 148
127 146
127 145
127 144
127 142
127 141
127 138
127 135
127 134
127 129
128 199
128 198
128 197
128 195
128 193
128 191
128 188
128 185
128 183
128 182
128 179
128 176
128 175
128 174
128 173
128 170
128 166
128 165
128 162
128 161
128 160
128 155
128 153
128 142
128 141
128 138
128 135
128 133
128 132
128 130
128 129
129 199
129 197
129 196
129 191
129 188
129 186
129 184
129 180
129 172
129 168
129 167
129 166
129 165
129 162
129 161
129 160
129 155
129 154
129 151
129 149
129 146
129 144
129 143
129 135
129 130
130 199
130 195
130 190
130 186
130 185
130 184
130 183
130 181
130 180
130 179
130 173
130 172
130 171
130 168
130 167
130 166
130 165
130 164
130 151
130 143
130 141
130 135
130 132
131 199
131 195
131 191
131 186
131 185
131 184
131 183
131 182
131 179
131 176
131 175
131 174
131 173
131 167
131 166
131 159
131 158
131 157
131 153
131 152
131 151
131 147
131 146
131 145
131 141
131 140
131 139
131 138
131 137
131 133
131 132
132 196
132 195
132 192
132 189
132 187
132 181
132 180
132 179
132 178
132 177
132 174
132 173
132 172
132 170
132 169
132 166
132 165
132 164
132 163
132 161
132 160
132 157
132 156
132 155
132 154
132 152
132 150
132 148
132 147
132 143
132 141
132 140
132 138
132 137
132 133
133 199
133 198
133 196
133 194
133 190
133 189
133 188
133 187
133 186
133 185
133 179
133 178
133 177
133 175
133 172
133 167
133 165
133 162
133 161
133 160
133 158
133 157
133 156
133 155
133 153
133 152
133 151
133 149
133 148
133 147
133 146
133 145
133 143
133 140
133 136
134 197
134 196
134 195
134 192
134 191
134 190
134 187
134 184
134 180
134 179
134 177
134 175
134 173
134 172
134 170
134 168
134 165
134 159
134 158
134 153
134 151
134 149
134 148
134 147
134 145
134 141
134 139
135 194
135 193
135 192
135 191
135 190
135 189
135 187
135 186
135 183
135 182
135 175
135 173
135 170
135 169
135 167
135 166
135 163
135 161
135 158
135 153
135 152
135 151
135 150
135 149
135 148
135 146
135 140
135 138
135 137
135 136
136 193
136 190
136 186
136 182
136 178
136 177
136 173
136 172
136 171
136 170
136 167
136 163
136 162
136 161
136 159
136 156
136 154
136 153
136 152
136 148
136 147
136 145
136 142
136 141
136 139
136 137
137 199
137 198
137 192
137 191
137 188
137 187
137 185
137 184
137 181
137 179
137 178
137 174
137 173
137 170
137 169
137 164
137 163
137 161
137 160
137 158
137 154
137 153
137 151
137 149
137 147
137 146
137 144
137 141
137 140
138 199
138 198
138 196
138 192
138 191
138 185
138 184
138 179
138 176
138 175
138 174
138 171
138 167
138 166
138 164
138 161
138 160
138 159
138 158
138 152
138 151
138 150
138 149
138 147
138 145
138 144
138 139
139 199
139 198
139 194
139 193
139 191
139 190
139 189
139 188
139 186
139 185
139 184
139 183
139 181
139 178
139 177
139 174
139 173
139 171
139 168
139 167
139 165
139 164
139 161
139 156
139 152
139 151
139 149
139 148
139 146
139 145
139 144
139 143
139 142
139 140
140 196
140 193
140 192
140 191
140 187
140 186
140 184
140 183
140 179
140 177
140 176
140 175
140 172
140 163
140 161
140 157
140 155
140 153
140 152
140 149
140 148
140 144
140 143
140 142
141 199
141 195
141 194
141 193
141 191
141 189
141 183
141 181
141 179
141 178
141 176
141 175
141 174
141 173
141 172
141 171
141 170
141 169
141 168
141 167
141 166
141 165
141 163
141 161
141 160
141 158
141 154
141 153
141 152
141 149
141 146
141 145
141 143
141 142
142 196
142 194
142 192
142 190
142 189
142 186
142 185
142 182
142 181
142 178
142 173
142 169
142 168
142 164
142 160
142 158
142 157
142 156
142 155
142 154
142 153
142 148
142 147
142 146
142 144
143 197
143 193
143 192
143 191
143 190
143 186
143 184
143 181
143 180
143 178
143 177
143 175
143 173
143 169
143 167
143 166
143 162
143 160
143 158
143 156
143 152
143 151
143 145
144 199
144 197
144 196
144 195
144 192
144 191
144 187
144 183
144 182
144 180
144 178
144 174
144 173
144 172
144 171
144 161
144 157
144 152
144 147
144 146
145 198
145 195
145 193
145 192
145 190
145 188
145 186
145 185
145 184
145 181
145 180
145 179
145 178
145 175
145 170
145 169
145 163
145 162
145 160
145 158
145 156
145 155
145 154
145 151
145 148
145 147
145 146
146 196
146 193
146 188
146 186
146 185
146 182
146 180
146 177
146 173
146 170
146 168
146 164
146 162
146 158
146 157
146 155
146 153
146 152
146 151
146 150
146 148
147 199
147 198
147 195
147 192
147 189
147 188
147 187
147 185
147 184
147 181
147 179
147 178
147 177
147 176
147 174
147 173
147 172
147 171
147 169
147 167
147 165
147 161
147 157
147 154
147 152
147 149
148 196
148 193
148 189
148 182
148 180
148 179
148 174
148 172
148 167
148 158
148 154
148 153
148 152
148 151
148 149
149 199
149 198
149 196
149 195
149 191
149 190
149 189
149 188
149 183
149 182
149 181
149 180
149 179
149 178
149 177
149 174
149 172
149 169
149 168
149 165
149 163
149 162
149 161
149 159
149 158
149 156
149 154
149 153
150 197
150 195
150 194
150 190
150 187
150 184
150 183
150 182
150 180
150 179
150 177
150 176
150 175
150 174
150 171
150 170
150 168
150 167
150 165
150 162
150 160
150 156
150 155
150 154
150 152
150 151
151 197
151 195
151 192
151 191
151 190
151 186
151 183
151 180
151 172
151 170
151 168
151 167
151 166
151 165
151 163
151 160
151 159
151 156
151 154
151 153
151 152
152 189
152 188
152 181
152 179
152 178
152 177
152 176
152 174
152 172
152 170
152 169
152 168
152 161
152 159
152 157
152 156
152 155
152 154
152 153
153 198
153 197
153 194
153 190
153 187
153 185
153 183
153 182
153 181
153 180
153 179
153 178
153 172
153 171
153 169
153 166
153 165
153 163
153 162
153 161
153 160
153 158
153 157
154 199
154 196
154 194
154 193
154 192
154 191
154 189
154 187
154 181
154 178
154 175
154 172
154 169
154 166
154 165
154 164
154 157
154 156
155 196
155 195
155 193
155 192
155 191
155 188
155 184
155 176
155 170
155 165
155 161
155 160
155 159
155 158
155 157
156 199
156 196
156 195
156 192
156 191
156 187
156 186
156 181
156 179
156 176
156 175
156 174
156 170
156 167
156 165
156 164
156 162
156 159
156 157
157 199
157 197
157 193
157 188
157 185
157 184
157 183
157 180
157 176
157 175
157 174
157 173
157 171
157 170
157 168
157 167
157 166
157 165
157 164
157 163
158 199
158 198
158 196
158 194
158 190
158 187
158 185
158 181
158 180
158 178
158 175
158 174
158 173
158 172
158 169
158 168
158 167
158 166
158 161
158 160
158 159
159 199
159 198
159 197
159 195
159 193
159 190
159 189
159 188
159 186
159 183
159 181
159 177
159 176
159 173
159 166
159 165
159 164
159 163
159 162
159 160
160 198
160 197
160 195
160 194
160 193
160 192
160 191
160 190
160 188
160 187
160 185
160 184
160 183
160 182
160 181
160 179
160 177
160 175
160 172
160 171
160 164
160 163
160 162
161 195
161 193
161 187
161 186
161 179
161 178
161 176
161 175
161 167
161 165
161 164
161 162
162 196
162 195
162 191
162 190
162 189
162 188
162 187
162 186
162 183
162 182
162 181
162 179
162 178
162 177
162 176
162 173
162 171
162 170
162 168
162 167
162 166
162 165
162 163
163 199
163 198
163 197
163 196
163 195
163 193
163 191
163 190
163 189
163 188
163 187
163 186
163 184
163 183
163 175
163 174
163 172
163 171
163 169
163 166
163 165
164 199
164 197
164 195
164 194
164 189
164 187
164 180
164 176
164 172
164 170
164 168
164 166
165 199
165 197
165 196
165 192
165 189
165 187
165 186
165 182
165 181
165 180
165 177
165 176
165 174
165 169
165 168
166 199
166 196
166 194
166 193
166 191
166 190
166 188
166 187
166 184
166 179
166 178
166 177
166 175
166 174
166 170
166 169
166 167
167 193
167 191
167 190
167 184
167 179
167 178
167 176
167 174
167 173
167 169
168 199
168 196
168 192
168 188
168 187
168 186
168 184
168 183
168 182
168 181
168 180
168 179
168 176
168 174
168 173
168 172
168 169
169 199
169 196
169 195
169 194
169 185
169 184
169 176
169 174
169 173
169 171
169 170
170 198
170 197
170 196
170 195
170 194
170 192
170 188
170 187
170 184
170 183
170 179
170 178
170 172
171 199
171 196
171 193
171 190
171 186
171 184
171 183
171 182
171 178
171 177
171 174
171 172
172 199
172 195
172 194
172 193
172 188
172 187
172 184
172 182
172 181
172 178
172 176
172 174
172 173
173 198
173 197
173 196
173 195
173 193
173 192
173 189
173 187
173 186
173 185
173 184
173 183
173 178
173 177
173 176
173 175
174 194
174 193
174 191
174 189
174 188
174 182
174 181
174 179
174 178
175 199
175 198
175 197
175 196
175 188
175 186
175 183
175 182
175 179
175 178
176 197
176 193
176 189
176 188
176 187
176 186
176 184
176 180
176 178
177 199
177 194
177 193
177 192
177 191
177 188
177 187
177 186
177 183
177 180
177 179
178 199
178 197
178 195
178 194
178 191
178 188
178 184
178 183
178 181
179 198
179 196
179 195
179 193
179 189
179 186
179 183
179 182
180 197
180 196
180 195
180 194
180 193
180 191
180 190
180 188
180 186
180 185
180 183
180 182
180 181
181 193
181 190
181 189
181 188
181 187
181 184
181 182
182 198
182 197
182 191
182 186
182 185
182 184
183 199
183 198
183 194
183 192
183 191
183 188
183 186
183 184
184 197
184 196
184 192
184 191
184 190
184 186
184 185
185 198
185 195
185 193
185 190
185 189
185 187
186 196
186 194
186 193
186 191
186 188
187 199
187 198
187 197
187 196
187 194
187 192
187 190
187 189
188 198
188 195
188 194
188 190
189 199
189 197
189 196
189 193
189 192
190 199
190 197
190 195
190 192
191 199
191 193
192 199
192 197
192 195
192 194
193 199
193 198
194 199
194 198
194 197
195 198
195 197
196 199
196 198
197 198