0 149
0 142
0 139
0 134
0 133
0 130
0 128
0 59
0 55
0 51
0 50
0 49
0 44
0 41
0 40
0 39
0 35
0 34
0 32
0 31
0 30
0 13
0 12
0 10
0 6
0 5
0 4
0 3
0 2
0 1
0 16
0 20
0 22
0 23
0 25
0 26
0 28
0 29
0 62
0 64
0 65
0 67
0 68
0 69
0 70
0 71
0 74
0 76
0 80
0 82
0 83
0 90
0 92
0 102
0 103
0 104
0 105
0 106
0 108
0 115
0 117
0 118
0 119
0 121
0 122
0 125
0 127
1 146
1 145
1 139
1 133
1 132
1 131
1 58
1 57
1 56
1 52
1 51
1 49
1 47
1 45
1 44
1 43
1 41
1 39
1 38
1 36
1 32
1 12
1 10
1 8
1 7
1 6
1 5
1 2
1 59
1 127
1 29
1 18
1 21
1 23
1 24
1 61
1 62
1 69
1 71
1 72
1 79
1 80
1 82
1 83
1 84
1 87
1 88
1 96
1 104
1 105
1 108
1 109
1 110
1 112
1 113
1 115
1 116
1 119
1 121
1 122
1 125
2 149
2 148
2 145
2 144
2 143
2 142
2 140
2 139
2 134
2 133
2 130
2 129
2 56
2 53
2 52
2 51
2 50
2 49
2 48
2 47
2 43
2 41
2 40
2 37
2 35
2 33
2 32
2 12
2 7
2 3
2 13
2 127
2 29
2 14
2 15
2 17
2 19
2 20
2 25
2 26
2 27
2 61
2 62
2 63
2 65
2 66
2 72
2 75
2 77
2 78
2 80
2 82
2 84
2 88
2 89
2 91
2 92
2 93
2 94
2 95
2 96
2 99
2 105
2 107
2 108
2 110
2 112
2 116
2 117
2 121
2 122
2 124
2 125
2 126
3 148
3 145
3 144
3 143
3 141
3 139
3 137
3 136
3 135
3 134
3 133
3 132
3 131
3 129
3 56
3 51
3 48
3 44
3 43
3 42
3 41
3 38
3 37
3 36
3 34
3 33
3 4
3 127
3 29
3 14
3 15
3 16
3 18
3 19
3 23
3 24
3 25
3 27
3 60
3 62
3 63
3 64
3 65
3 66
3 67
3 68
3 69
3 70
3 71
3 72
3 73
3 74
3 76
3 77
3 78
3 83
3 86
3 87
3 89
3 90
3 92
3 94
3 95
3 97
3 98
3 101
3 102
3 104
3 105
3 106
3 107
3 110
3 114
3 115
3 117
3 119
3 122
3 123
3 125
4 143
4 137
4 136
4 135
4 133
4 132
4 131
4 128
4 58
4 55
4 54
4 53
4 49
4 48
4 43
4 40
4 39
4 38
4 37
4 36
4 35
4 32
4 31
4 30
4 11
4 10
4 8
4 6
4 127
4 15
4 17
4 19
4 20
4 21
4 22
4 27
4 28
4 60
4 62
4 64
4 65
4 66
4 70
4 73
4 74
4 75
4 76
4 77
4 80
4 83
4 84
4 88
4 89
4 91
4 92
4 94
4 100
4 107
4 110
4 112
4 113
4 114
4 115
4 118
4 120
4 121
4 122
5 149
5 147
5 144
5 142
5 140
5 134
5 129
5 128
5 56
5 55
5 51
5 50
5 48
5 46
5 45
5 44
5 40
5 38
5 37
5 36
5 34
5 30
5 12
5 10
5 8
5 127
5 17
5 18
5 19
5 23
5 27
5 28
5 60
5 61
5 62
5 63
5 65
5 66
5 68
5 71
5 73
5 74
5 78
5 80
5 83
5 88
5 92
5 93
5 94
5 95
5 98
5 101
5 103
5 104
5 111
5 112
5 113
5 114
5 115
5 116
5 118
5 119
5 122
6 148
6 147
6 141
6 138
6 136
6 131
6 130
6 128
6 57
6 53
6 49
6 46
6 45
6 42
6 36
6 35
6 34
6 32
6 30
6 10
6 9
6 7
6 59
6 127
6 29
6 17
6 18
6 20
6 25
6 64
6 65
6 66
6 69
6 71
6 75
6 77
6 78
6 79
6 80
6 81
6 82
6 84
6 86
6 87
6 89
6 94
6 95
6 97
6 104
6 106
6 111
6 112
6 113
6 116
6 117
6 119
6 123
6 124
7 145
7 140
7 138
7 134
7 132
7 131
7 130
7 57
7 56
7 53
7 51
7 42
7 38
7 36
7 34
7 12
7 10
7 59
7 127
7 29
7 20
7 22
7 24
7 60
7 61
7 62
7 63
7 64
7 65
7 66
7 71
7 73
7 74
7 75
7 77
7 78
7 79
7 81
7 82
7 84
7 85
7 86
7 89
7 90
7 91
7 94
7 96
7 98
7 99
7 100
7 101
7 102
7 105
7 106
7 109
7 110
7 114
7 117
7 121
7 124
7 125
7 126
8 148
8 145
8 137
8 136
8 134
8 132
8 130
8 58
8 57
8 56
8 55
8 54
8 51
8 50
8 48
8 45
8 43
8 42
8 39
8 38
8 36
8 35
8 34
8 31
8 11
8 9
8 59
8 127
8 15
8 16
8 17
8 21
8 23
8 26
8 28
8 60
8 61
8 62
8 64
8 68
8 70
8 71
8 72
8 74
8 79
8 81
8 83
8 85
8 86
8 92
8 95
8 97
8 103
8 107
8 109
8 110
8 114
8 116
8 117
8 118
8 119
8 120
8 121
8 123
8 124
8 125
9 149
9 144
9 140
9 139
9 134
9 132
9 129
9 53
9 51
9 50
9 49
9 48
9 47
9 44
9 42
9 41
9 39
9 38
9 34
9 33
9 11
9 10
9 13
9 59
9 14
9 15
9 16
9 17
9 25
9 26
9 27
9 60
9 62
9 63
9 64
9 65
9 66
9 69
9 79
9 81
9 83
9 84
9 86
9 89
9 90
9 92
9 96
9 97
9 102
9 107
9 110
9 111
9 115
9 118
9 119
9 122
10 145
10 144
10 143
10 142
10 141
10 139
10 138
10 134
10 133
10 132
10 131
10 130
10 129
10 128
10 55
10 51
10 49
10 48
10 47
10 46
10 45
10 44
10 38
10 37
10 36
10 32
10 30
10 13
10 59
10 25
10 61
10 62
10 64
10 66
10 67
10 70
10 73
10 74
10 75
10 76
10 79
10 85
10 92
10 93
10 97
10 98
10 102
10 103
10 106
10 107
10 110
10 111
10 113
10 114
10 115
10 121
10 123
10 124
10 125
10 126
11 149
11 148
11 147
11 143
11 142
11 141
11 139
11 136
11 135
11 134
11 132
11 131
11 129
11 128
11 54
11 53
11 51
11 50
11 49
11 43
11 42
11 39
11 35
11 33
11 32
11 31
11 30
11 14
11 18
11 19
11 20
11 21
11 22
11 26
11 27
11 28
11 62
11 73
11 74
11 75
11 77
11 78
11 81
11 84
11 86
11 89
11 90
11 92
11 96
11 97
11 102
11 104
11 107
11 110
11 120
11 122
11 123
11 125
11 126
12 147
12 145
12 144
12 143
12 141
12 140
12 139
12 131
12 130
12 57
12 56
12 55
12 51
12 49
12 43
12 41
12 39
12 35
12 32
12 13
12 29
12 15
12 16
12 17
12 18
12 19
12 21
12 23
12 24
12 26
12 27
12 28
12 61
12 62
12 65
12 66
12 68
12 69
12 71
12 74
12 76
12 78
12 80
12 81
12 82
12 87
12 92
12 95
12 103
12 106
12 107
12 108
12 109
12 112
12 115
12 116
12 117
12 119
12 121
13 149
13 142
13 141
13 140
13 137
13 136
13 135
13 134
13 133
13 131
13 129
13 128
13 57
13 54
13 52
13 51
13 50
13 49
13 45
13 42
13 38
13 36
13 35
13 32
13 30
13 127
13 15
13 19
13 20
13 25
13 26
13 27
13 60
13 66
13 68
13 74
13 76
13 77
13 80
13 83
13 85
13 87
13 88
13 89
13 93
13 95
13 96
13 99
13 101
13 102
13 104
13 105
13 106
13 108
13 111
13 112
13 113
13 115
13 118
13 123
13 124
13 125
13 126
14 149
14 147
14 146
14 145
14 144
14 141
14 139
14 138
14 137
14 136
14 135
14 131
14 58
14 55
14 54
14 53
14 51
14 49
14 48
14 44
14 41
14 36
14 34
14 32
14 31
14 30
14 17
14 19
14 20
14 22
14 60
14 62
14 64
14 67
14 71
14 73
14 75
14 79
14 80
14 82
14 84
14 86
14 87
14 88
14 91
14 92
14 97
14 99
14 100
14 102
14 103
14 104
14 105
14 107
14 110
14 111
14 114
14 115
14 117
14 118
14 120
14 123
15 149
15 148
15 144
15 142
15 140
15 138
15 136
15 135
15 134
15 133
15 132
15 131
15 129
15 128
15 58
15 56
15 55
15 52
15 51
15 49
15 47
15 41
15 40
15 35
15 34
15 33
15 127
15 16
15 17
15 60
15 61
15 63
15 69
15 74
15 75
15 77
15 80
15 81
15 86
15 87
15 88
15 89
15 91
15 98
15 101
15 102
15 105
15 106
15 107
15 110
15 116
15 118
15 119
15 125
16 149
16 146
16 145
16 141
16 138
16 137
16 134
16 133
16 132
16 131
16 58
16 55
16 53
16 50
16 46
16 45
16 42
16 41
16 40
16 38
16 37
16 36
16 35
16 33
16 31
16 59
16 127
16 20
16 21
16 22
16 24
16 26
16 27
16 28
16 60
16 64
16 66
16 67
16 68
16 69
16 70
16 71
16 72
16 74
16 76
16 77
16 84
16 86
16 89
16 90
16 92
16 94
16 95
16 99
16 100
16 102
16 106
16 108
16 110
16 112
16 113
16 115
16 117
16 119
16 120
16 121
16 122
16 123
16 125
17 148
17 147
17 146
17 144
17 139
17 138
17 137
17 135
17 58
17 57
17 54
17 53
17 52
17 51
17 50
17 48
17 43
17 40
17 39
17 36
17 35
17 34
17 33
17 32
17 31
17 59
17 127
17 20
17 21
17 22
17 24
17 25
17 60
17 61
17 63
17 64
17 68
17 70
17 73
17 74
17 78
17 79
17 83
17 84
17 85
17 88
17 91
17 94
17 95
17 97
17 98
17 102
17 103
17 104
17 106
17 107
17 108
17 112
17 113
17 116
17 120
17 122
18 147
18 143
18 142
18 141
18 140
18 139
18 137
18 136
18 135
18 128
18 57
18 55
18 53
18 51
18 50
18 47
18 46
18 42
18 40
18 39
18 38
18 33
18 32
18 31
18 29
18 21
18 25
18 26
18 28
18 61
18 62
18 65
18 69
18 70
18 75
18 76
18 78
18 79
18 80
18 83
18 85
18 86
18 88
18 95
18 98
18 100
18 101
18 102
18 113
18 114
18 116
18 117
18 120
18 123
18 124
19 140
19 136
19 134
19 133
19 132
19 131
19 58
19 55
19 54
19 53
19 51
19 50
19 48
19 45
19 44
19 43
19 40
19 38
19 37
19 32
19 59
19 20
19 23
19 24
19 25
19 67
19 68
19 71
19 72
19 73
19 77
19 78
19 79
19 82
19 84
19 85
19 87
19 91
19 94
19 99
19 102
19 107
19 110
19 113
19 114
19 115
19 118
19 120
19 121
19 124
19 126
20 149
20 148
20 147
20 146
20 145
20 144
20 143
20 140
20 138
20 137
20 135
20 133
20 132
20 130
20 129
20 128
20 58
20 54
20 53
20 49
20 48
20 47
20 39
20 36
20 35
20 34
20 31
20 30
20 59
20 29
20 22
20 23
20 24
20 28
20 60
20 63
20 67
20 69
20 70
20 71
20 73
20 76
20 78
20 79
20 82
20 83
20 85
20 86
20 88
20 97
20 98
20 102
20 103
20 106
20 107
20 108
20 109
20 110
20 113
20 117
20 120
20 121
20 122
20 124
20 125
20 126
21 147
21 146
21 142
21 140
21 138
21 136
21 134
21 132
21 131
21 129
21 128
21 58
21 57
21 55
21 48
21 47
21 46
21 41
21 40
21 37
21 35
21 34
21 32
21 127
21 24
21 25
21 60
21 65
21 67
21 68
21 73
21 75
21 76
21 77
21 78
21 80
21 81
21 85
21 86
21 87
21 88
21 89
21 93
21 95
21 96
21 98
21 101
21 102
21 104
21 107
21 110
21 111
21 113
21 114
21 116
21 119
21 120
21 121
21 123
21 124
22 145
22 143
22 142
22 139
22 138
22 137
22 135
22 134
22 131
22 130
22 58
22 51
22 47
22 42
22 39
22 38
22 37
22 36
22 35
22 34
22 32
22 59
22 127
22 29
22 26
22 28
22 60
22 62
22 63
22 64
22 65
22 66
22 67
22 68
22 69
22 70
22 71
22 74
22 75
22 82
22 84
22 85
22 88
22 91
22 95
22 98
22 99
22 100
22 102
22 104
22 107
22 108
22 111
22 114
22 117
22 119
22 124
22 126
23 146
23 145
23 144
23 139
23 134
23 132
23 131
23 57
23 56
23 52
23 48
23 45
23 44
23 41
23 37
23 35
23 34
23 32
23 31
23 127
23 24
23 25
23 28
23 60
23 65
23 68
23 69
23 72
23 73
23 75
23 76
23 77
23 78
23 80
23 81
23 83
23 84
23 86
23 87
23 89
23 90
23 91
23 92
23 94
23 96
23 99
23 101
23 103
23 104
23 106
23 108
23 109
23 110
23 111
23 112
23 113
23 114
23 116
23 118
23 119
23 120
23 121
23 122
23 124
23 125
23 126
24 149
24 148
24 146
24 140
24 135
24 132
24 131
24 130
24 58
24 55
24 54
24 53
24 50
24 49
24 46
24 45
24 44
24 41
24 40
24 38
24 36
24 35
24 33
24 31
24 59
24 127
24 29
24 25
24 26
24 28
24 60
24 61
24 63
24 64
24 66
24 68
24 70
24 73
24 75
24 76
24 77
24 81
24 86
24 90
24 91
24 94
24 95
24 97
24 99
24 101
24 102
24 105
24 108
24 109
24 116
24 117
24 121
24 122
25 149
25 148
25 145
25 144
25 143
25 142
25 141
25 140
25 138
25 136
25 133
25 131
25 130
25 128
25 57
25 51
25 48
25 47
25 46
25 42
25 40
25 39
25 127
25 26
25 27
25 60
25 63
25 64
25 69
25 71
25 72
25 73
25 78
25 80
25 81
25 82
25 83
25 86
25 92
25 93
25 94
25 95
25 97
25 98
25 102
25 104
25 105
25 106
25 108
25 109
25 111
25 113
25 114
25 117
25 119
25 120
25 121
25 122
25 125
26 149
26 146
26 145
26 143
26 142
26 137
26 132
26 130
26 129
26 128
26 56
26 51
26 50
26 49
26 47
26 46
26 41
26 39
26 38
26 36
26 33
26 32
26 31
26 30
26 59
26 127
26 60
26 70
26 71
26 76
26 77
26 79
26 80
26 81
26 89
26 91
26 93
26 95
26 97
26 98
26 99
26 100
26 104
26 106
26 108
26 109
26 118
26 121
26 125
27 149
27 148
27 145
27 144
27 143
27 140
27 137
27 136
27 134
27 133
27 132
27 131
27 130
27 129
27 56
27 54
27 51
27 50
27 48
27 46
27 43
27 32
27 31
27 29
27 28
27 63
27 66
27 69
27 70
27 71
27 73
27 74
27 75
27 77
27 80
27 81
27 82
27 84
27 86
27 88
27 90
27 91
27 92
27 101
27 106
27 107
27 109
27 111
27 112
27 113
27 117
27 121
27 123
27 125
27 126
28 149
28 148
28 147
28 145
28 138
28 136
28 134
28 133
28 132
28 130
28 58
28 57
28 56
28 55
28 52
28 49
28 47
28 43
28 37
28 34
28 33
28 31
28 30
28 59
28 29
28 60
28 61
28 62
28 63
28 64
28 65
28 66
28 68
28 70
28 72
28 73
28 74
28 75
28 78
28 79
28 80
28 81
28 88
28 89
28 93
28 95
28 98
28 101
28 102
28 111
28 112
28 115
28 116
28 117
28 118
28 120
28 121
29 147
29 145
29 143
29 142
29 139
29 138
29 137
29 135
29 134
29 132
29 57
29 54
29 53
29 51
29 50
29 47
29 46
29 45
29 44
29 42
29 40
29 37
29 36
29 31
29 127
29 60
29 61
29 62
29 63
29 64
29 67
29 69
29 79
29 82
29 83
29 84
29 88
29 89
29 90
29 91
29 93
29 94
29 97
29 98
29 107
29 108
29 109
29 111
29 121
29 125
30 148
30 141
30 140
30 139
30 134
30 133
30 130
30 129
30 58
30 56
30 55
30 48
30 47
30 41
30 38
30 37
30 31
30 127
30 60
30 62
30 65
30 71
30 74
30 76
30 78
30 81
30 83
30 84
30 87
30 96
30 104
30 106
30 108
30 110
30 111
30 115
30 116
30 120
30 121
30 122
30 123
30 125
31 148
31 147
31 145
31 144
31 130
31 129
31 128
31 56
31 55
31 53
31 52
31 47
31 41
31 40
31 39
31 37
31 62
31 63
31 66
31 68
31 69
31 73
31 75
31 77
31 79
31 81
31 82
31 85
31 86
31 88
31 89
31 90
31 91
31 93
31 97
31 98
31 101
31 103
31 104
31 105
31 112
31 113
31 114
31 116
31 117
31 118
31 120
31 124
32 148
32 144
32 141
32 138
32 137
32 135
32 129
32 128
32 57
32 51
32 49
32 48
32 46
32 44
32 42
32 41
32 40
32 36
32 34
32 33
32 60
32 62
32 64
32 70
32 73
32 77
32 81
32 83
32 88
32 89
32 90
32 92
32 93
32 94
32 95
32 96
32 97
32 99
32 100
32 101
32 104
32 106
32 110
32 122
32 123
32 126
33 149
33 147
33 145
33 142
33 141
33 136
33 133
33 130
33 129
33 128
33 58
33 57
33 54
33 50
33 48
33 41
33 38
33 37
33 59
33 60
33 61
33 62
33 63
33 64
33 65
33 67
33 68
33 71
33 74
33 78
33 81
33 85
33 86
33 88
33 89
33 90
33 91
33 94
33 97
33 101
33 103
33 104
33 105
33 111
33 113
33 114
33 115
33 117
33 121
33 123
33 124
33 125
33 126
34 149
34 148
34 146
34 145
34 141
34 138
34 136
34 135
34 134
34 131
34 129
34 128
34 57
34 56
34 55
34 54
34 53
34 50
34 44
34 42
34 40
34 39
34 38
34 36
34 127
34 60
34 62
34 66
34 67
34 68
34 69
34 70
34 74
34 75
34 79
34 80
34 86
34 87
34 89
34 91
34 92
34 99
34 102
34 105
34 106
34 113
34 117
34 119
34 120
34 122
34 123
34 126
35 147
35 146
35 144
35 143
35 141
35 140
35 137
35 135
35 130
35 129
35 128
35 58
35 55
35 50
35 49
35 47
35 46
35 41
35 40
35 38
35 37
35 59
35 60
35 62
35 66
35 69
35 72
35 73
35 78
35 79
35 84
35 86
35 88
35 89
35 90
35 97
35 98
35 103
35 104
35 105
35 109
35 111
35 115
35 117
35 119
35 120
35 122
35 123
35 126
36 149
36 148
36 145
36 144
36 143
36 142
36 140
36 137
36 135
36 131
36 128
36 55
36 54
36 53
36 52
36 51
36 44
36 42
36 41
36 39
36 38
36 59
36 60
36 61
36 62
36 68
36 69
36 70
36 72
36 73
36 74
36 78
36 80
36 85
36 87
36 90
36 91
36 92
36 95
36 97
36 98
36 100
36 102
36 103
36 105
36 109
36 111
36 114
36 117
36 120
36 121
36 124
37 147
37 146
37 145
37 144
37 142
37 140
37 139
37 137
37 136
37 135
37 134
37 131
37 130
37 58
37 56
37 55
37 54
37 52
37 51
37 48
37 46
37 45
37 38
37 60
37 62
37 63
37 66
37 68
37 70
37 71
37 72
37 74
37 76
37 77
37 78
37 79
37 80
37 81
37 82
37 83
37 85
37 87
37 88
37 93
37 95
37 96
37 97
37 102
37 104
37 105
37 106
37 108
37 111
37 113
37 115
37 118
37 119
37 120
37 121
37 122
37 125
38 149
38 147
38 146
38 144
38 137
38 136
38 135
38 133
38 129
38 56
38 48
38 47
38 39
38 61
38 67
38 68
38 71
38 74
38 76
38 78
38 80
38 85
38 86
38 89
38 92
38 93
38 95
38 99
38 100
38 102
38 108
38 109
38 110
38 114
38 116
38 118
38 121
38 124
38 125
39 145
39 144
39 143
39 142
39 140
39 139
39 138
39 137
39 136
39 135
39 131
39 130
39 129
39 128
39 57
39 56
39 54
39 53
39 51
39 50
39 48
39 47
39 46
39 44
39 41
39 60
39 61
39 62
39 64
39 65
39 68
39 69
39 70
39 72
39 73
39 75
39 76
39 78
39 81
39 85
39 86
39 87
39 89
39 92
39 93
39 94
39 96
39 99
39 102
39 108
39 109
39 111
39 114
39 117
39 121
39 122
39 124
40 144
40 141
40 139
40 138
40 137
40 136
40 135
40 132
40 57
40 55
40 49
40 46
40 45
40 44
40 42
40 59
40 127
40 61
40 63
40 65
40 70
40 71
40 74
40 78
40 79
40 81
40 82
40 85
40 87
40 89
40 94
40 95
40 100
40 101
40 102
40 103
40 104
40 107
40 109
40 111
40 114
40 115
40 116
40 117
40 118
40 119
40 120
40 121
40 124
41 149
41 147
41 145
41 144
41 141
41 140
41 139
41 137
41 136
41 133
41 58
41 57
41 56
41 53
41 51
41 50
41 48
41 46
41 42
41 59
41 127
41 60
41 63
41 66
41 67
41 73
41 74
41 75
41 76
41 77
41 79
41 81
41 83
41 84
41 86
41 92
41 95
41 97
41 99
41 100
41 103
41 105
41 109
41 111
41 113
41 114
41 116
41 120
41 122
41 124
41 125
42 147
42 144
42 141
42 140
42 139
42 138
42 135
42 133
42 58
42 56
42 50
42 45
42 59
42 61
42 70
42 71
42 73
42 74
42 75
42 82
42 83
42 85
42 88
42 90
42 93
42 98
42 99
42 102
42 106
42 107
42 108
42 109
42 111
42 112
42 113
42 115
42 116
42 125
42 126
43 148
43 146
43 144
43 142
43 140
43 139
43 138
43 137
43 136
43 134
43 131
43 58
43 57
43 55
43 54
43 51
43 49
43 48
43 45
43 59
43 127
43 61
43 63
43 64
43 65
43 67
43 72
43 73
43 79
43 85
43 87
43 89
43 93
43 97
43 98
43 100
43 101
43 103
43 108
43 109
43 111
43 112
43 117
43 119
43 121
43 122
43 123
43 124
43 125
43 126
44 147
44 145
44 144
44 143
44 142
44 139
44 137
44 136
44 132
44 131
44 128
44 57
44 56
44 53
44 51
44 50
44 49
44 48
44 47
44 46
44 45
44 59
44 60
44 61
44 64
44 72
44 75
44 76
44 79
44 80
44 81
44 86
44 87
44 90
44 91
44 92
44 93
44 94
44 95
44 97
44 98
44 99
44 100
44 102
44 105
44 108
44 109
44 112
44 113
44 114
44 115
44 118
44 120
44 122
44 123
44 124
44 126
45 148
45 145
45 144
45 139
45 138
45 132
45 131
45 130
45 128
45 57
45 56
45 55
45 54
45 53
45 52
45 51
45 46
45 59
45 127
45 61
45 67
45 70
45 73
45 74
45 76
45 77
45 78
45 81
45 82
45 85
45 86
45 87
45 88
45 90
45 91
45 92
45 93
45 96
45 98
45 100
45 101
45 102
45 105
45 109
45 111
45 118
45 120
45 121
45 122
45 123
45 124
45 125
45 126
46 149
46 146
46 145
46 143
46 140
46 139
46 138
46 136
46 135
46 134
46 133
46 132
46 130
46 57
46 52
46 50
46 127
46 61
46 63
46 66
46 67
46 71
46 76
46 78
46 79
46 80
46 82
46 84
46 86
46 87
46 90
46 91
46 92
46 93
46 94
46 95
46 96
46 98
46 102
46 103
46 104
46 105
46 113
46 115
46 119
46 122
46 123
46 125
46 126
47 149
47 148
47 146
47 145
47 142
47 141
47 140
47 139
47 137
47 136
47 134
47 132
47 58
47 57
47 55
47 52
47 50
47 49
47 48
47 59
47 127
47 61
47 62
47 65
47 67
47 69
47 70
47 71
47 73
47 75
47 81
47 82
47 83
47 84
47 86
47 87
47 89
47 90
47 91
47 94
47 99
47 100
47 101
47 102
47 104
47 107
47 108
47 109
47 110
47 111
47 112
47 113
47 115
47 120
47 122
47 123
47 125
48 149
48 147
48 144
48 143
48 142
48 140
48 139
48 137
48 136
48 133
48 132
48 130
48 129
48 128
48 57
48 56
48 52
48 59
48 127
48 60
48 61
48 65
48 68
48 73
48 76
48 78
48 81
48 85
48 90
48 92
48 97
48 99
48 105
48 107
48 108
48 109
48 111
48 112
48 115
48 116
48 117
49 145
49 143
49 142
49 141
49 139
49 138
49 136
49 134
49 130
49 58
49 57
49 56
49 54
49 53
49 127
49 60
49 61
49 66
49 73
49 75
49 76
49 77
49 80
49 81
49 84
49 95
49 96
49 99
49 102
49 103
49 105
49 110
49 112
49 113
49 115
49 117
49 119
49 125
49 126
50 147
50 146
50 143
50 140
50 139
50 135
50 134
50 132
50 131
50 57
50 56
50 54
50 60
50 61
50 62
50 63
50 65
50 66
50 70
50 71
50 73
50 76
50 77
50 79
50 82
50 86
50 87
50 96
50 97
50 98
50 101
50 103
50 104
50 107
50 108
50 109
50 113
50 121
50 123
50 124
50 126
51 149
51 146
51 144
51 143
51 142
51 140
51 137
51 133
51 132
51 131
51 130
51 129
51 56
51 53
51 61
51 63
51 64
51 65
51 68
51 70
51 72
51 73
51 75
51 76
51 78
51 81
51 86
51 88
51 89
51 90
51 93
51 99
51 101
51 102
51 103
51 108
51 109
51 110
51 112
51 114
51 118
51 120
51 123
52 145
52 141
52 139
52 138
52 137
52 136
52 134
52 133
52 132
52 131
52 130
52 57
52 56
52 54
52 60
52 66
52 68
52 74
52 77
52 80
52 82
52 83
52 84
52 87
52 88
52 90
52 96
52 99
52 101
52 112
52 118
52 119
52 124
53 149
53 148
53 146
53 145
53 144
53 142
53 140
53 136
53 132
53 58
53 56
53 59
53 127
53 60
53 62
53 64
53 65
53 68
53 69
53 70
53 76
53 77
53 78
53 79
53 83
53 84
53 85
53 87
53 94
53 96
53 97
53 98
53 102
53 105
53 108
53 114
53 116
53 117
53 118
53 121
53 123
53 125
54 149
54 148
54 147
54 144
54 142
54 139
54 136
54 135
54 134
54 132
54 128
54 127
54 61
54 62
54 63
54 66
54 68
54 72
54 73
54 75
54 76
54 78
54 79
54 82
54 85
54 86
54 96
54 98
54 100
54 102
54 103
54 107
54 108
54 110
54 112
54 113
54 115
54 117
54 118
54 120
54 123
55 148
55 145
55 144
55 143
55 141
55 137
55 136
55 135
55 134
55 130
55 129
55 58
55 59
55 61
55 64
55 67
55 72
55 73
55 78
55 83
55 87
55 88
55 90
55 91
55 92
55 93
55 95
55 97
55 98
55 101
55 102
55 103
55 105
55 107
55 108
55 110
55 111
55 113
55 115
55 117
55 119
55 120
55 125
55 126
56 148
56 147
56 146
56 144
56 143
56 141
56 140
56 139
56 136
56 135
56 134
56 133
56 130
56 129
56 57
56 59
56 60
56 64
56 66
56 67
56 69
56 71
56 73
56 78
56 79
56 80
56 81
56 84
56 85
56 86
56 88
56 90
56 94
56 96
56 97
56 98
56 99
56 100
56 102
56 104
56 108
56 109
56 111
56 116
56 118
56 120
56 122
56 124
56 125
57 146
57 145
57 144
57 143
57 141
57 140
57 134
57 132
57 130
57 128
57 58
57 61
57 64
57 69
57 76
57 78
57 79
57 81
57 85
57 86
57 88
57 94
57 103
57 109
57 110
57 111
57 112
57 113
57 114
57 115
57 116
57 119
57 121
57 125
58 149
58 147
58 146
58 145
58 144
58 142
58 141
58 137
58 135
58 131
58 129
58 61
58 65
58 66
58 69
58 70
58 72
58 77
58 78
58 80
58 81
58 85
58 92
58 93
58 94
58 96
58 97
58 99
58 102
58 106
58 107
58 108
58 110
58 115
58 117
58 118
58 121
58 123
58 125
59 145
59 144
59 143
59 139
59 138
59 132
59 130
59 128
59 127
59 62
59 64
59 65
59 66
59 68
59 75
59 76
59 77
59 79
59 84
59 86
59 87
59 88
59 90
59 91
59 93
59 95
59 96
59 98
59 103
59 105
59 107
59 109
59 112
59 113
59 114
59 121
59 123
59 124
59 126
60 149
60 147
60 145
60 144
60 143
60 141
60 139
60 137
60 134
60 132
60 130
60 129
60 128
60 127
60 62
60 67
60 69
60 73
60 74
60 75
60 76
60 77
60 78
60 79
60 83
60 85
60 86
60 89
60 90
60 91
60 93
60 94
60 97
60 99
60 105
60 106
60 107
60 108
60 109
60 110
60 111
60 119
60 122
60 124
60 125
61 149
61 147
61 146
61 145
61 144
61 139
61 137
61 135
61 133
61 132
61 131
61 130
61 129
61 127
61 62
61 63
61 64
61 65
61 76
61 78
61 79
61 80
61 81
61 83
61 84
61 86
61 90
61 91
61 95
61 97
61 101
61 105
61 109
61 111
61 113
61 114
61 115
61 116
61 119
62 149
62 148
62 147
62 144
62 135
62 129
62 66
62 68
62 69
62 70
62 71
62 72
62 74
62 75
62 79
62 81
62 84
62 87
62 88
62 89
62 95
62 99
62 100
62 102
62 104
62 108
62 109
62 110
62 112
62 115
62 116
62 118
62 120
62 121
62 123
62 124
63 147
63 146
63 145
63 144
63 143
63 142
63 139
63 136
63 135
63 132
63 129
63 65
63 69
63 73
63 75
63 76
63 77
63 82
63 88
63 90
63 91
63 92
63 93
63 94
63 95
63 97
63 98
63 102
63 104
63 109
63 113
63 114
63 115
63 117
63 118
63 120
63 122
63 123
63 124
63 125
63 126
64 148
64 147
64 143
64 141
64 139
64 138
64 134
64 130
64 129
64 65
64 66
64 67
64 68
64 69
64 73
64 74
64 78
64 79
64 80
64 81
64 83
64 86
64 96
64 97
64 98
64 100
64 103
64 104
64 109
64 110
64 115
64 116
64 117
64 118
64 120
64 123
64 125
65 149
65 147
65 146
65 144
65 140
65 137
65 136
65 134
65 133
65 131
65 129
65 128
65 66
65 67
65 69
65 70
65 73
65 77
65 81
65 82
65 83
65 85
65 86
65 89
65 97
65 98
65 100
65 102
65 103
65 104
65 111
65 112
65 114
65 115
65 116
65 117
65 118
65 120
65 122
65 123
65 126
66 148
66 146
66 142
66 141
66 140
66 137
66 136
66 131
66 127
66 68
66 70
66 71
66 73
66 74
66 76
66 78
66 79
66 81
66 82
66 85
66 89
66 93
66 97
66 102
66 103
66 104
66 105
66 108
66 111
66 112
66 115
66 116
66 117
66 121
66 122
66 124
67 149
67 148
67 146
67 145
67 144
67 138
67 137
67 136
67 135
67 132
67 131
67 129
67 128
67 127
67 68
67 71
67 72
67 74
67 78
67 79
67 81
67 83
67 84
67 86
67 89
67 90
67 91
67 92
67 94
67 96
67 98
67 99
67 101
67 102
67 104
67 105
67 106
67 107
67 108
67 109
67 110
67 111
67 113
67 114
67 117
67 121
67 123
67 124
68 147
68 146
68 141
68 140
68 139
68 138
68 132
68 131
68 129
68 69
68 71
68 72
68 75
68 77
68 81
68 83
68 85
68 88
68 90
68 91
68 93
68 98
68 101
68 105
68 109
68 110
68 112
68 114
68 116
68 123
68 124
69 149
69 144
69 141
69 139
69 134
69 133
69 128
69 127
69 70
69 72
69 74
69 75
69 77
69 79
69 80
69 81
69 86
69 87
69 89
69 91
69 92
69 95
69 97
69 99
69 101
69 103
69 104
69 105
69 106
69 108
69 111
69 115
69 116
69 117
69 119
70 149
70 147
70 146
70 144
70 141
70 140
70 136
70 135
70 134
70 129
70 127
70 71
70 76
70 81
70 82
70 83
70 84
70 85
70 88
70 89
70 90
70 91
70 93
70 96
70 98
70 100
70 107
70 109
70 114
70 115
70 117
70 119
70 122
71 148
71 145
71 144
71 143
71 137
71 133
71 128
71 73
71 75
71 76
71 78
71 80
71 81
71 84
71 89
71 91
71 92
71 96
71 97
71 98
71 101
71 102
71 106
71 107
71 108
71 110
71 112
71 114
71 117
71 119
71 120
71 121
72 149
72 147
72 140
72 138
72 133
72 129
72 127
72 74
72 75
72 78
72 79
72 87
72 89
72 93
72 94
72 95
72 96
72 98
72 99
72 101
72 102
72 106
72 108
72 111
72 112
72 113
72 115
72 116
72 117
72 118
72 121
72 123
72 126
73 148
73 146
73 145
73 143
73 142
73 141
73 140
73 136
73 134
73 132
73 131
73 129
73 75
73 80
73 81
73 83
73 84
73 85
73 87
73 91
73 92
73 93
73 94
73 96
73 98
73 101
73 103
73 106
73 108
73 109
73 112
73 113
73 114
73 118
73 119
73 120
73 121
73 122
73 123
74 149
74 146
74 141
74 140
74 135
74 134
74 133
74 132
74 130
74 128
74 127
74 75
74 77
74 80
74 81
74 82
74 84
74 85
74 86
74 87
74 89
74 90
74 92
74 94
74 95
74 97
74 98
74 101
74 102
74 103
74 104
74 105
74 106
74 108
74 114
74 115
74 116
74 118
74 121
74 125
74 126
75 149
75 148
75 147
75 143
75 139
75 138
75 135
75 130
75 76
75 83
75 84
75 87
75 92
75 93
75 95
75 97
75 104
75 109
75 110
75 111
75 113
75 114
75 117
75 121
75 122
75 124
76 149
76 148
76 146
76 144
76 143
76 139
76 138
76 133
76 78
76 85
76 86
76 87
76 89
76 90
76 91
76 95
76 96
76 110
76 111
76 113
76 114
76 118
76 119
76 120
76 121
76 122
76 123
76 126
77 146
77 144
77 142
77 141
77 140
77 135
77 78
77 84
77 85
77 86
77 88
77 91
77 92
77 94
77 102
77 103
77 107
77 108
77 110
77 111
77 112
77 113
77 115
77 116
77 119
77 120
77 125
78 147
78 146
78 143
78 142
78 141
78 137
78 134
78 131
78 130
78 128
78 80
78 81
78 84
78 85
78 89
78 91
78 93
78 94
78 95
78 97
78 98
78 99
78 104
78 105
78 107
78 108
78 111
78 114
78 115
78 119
78 121
78 122
78 123
79 149
79 144
79 142
79 140
79 139
79 137
79 135
79 134
79 131
79 129
79 89
79 94
79 102
79 103
79 105
79 108
79 109
79 110
79 111
79 117
79 118
79 121
79 123
79 124
80 146
80 145
80 143
80 137
80 136
80 135
80 134
80 132
80 131
80 129
80 127
80 81
80 82
80 84
80 86
80 89
80 91
80 95
80 98
80 99
80 102
80 103
80 104
80 105
80 108
80 109
80 111
80 114
80 116
80 119
80 121
80 122
80 123
80 124
80 125
80 126
81 149
81 147
81 143
81 141
81 138
81 137
81 134
81 133
81 131
81 130
81 129
81 82
81 83
81 85
81 87
81 89
81 90
81 91
81 92
81 93
81 94
81 95
81 97
81 100
81 101
81 106
81 107
81 108
81 113
81 114
81 115
81 117
81 118
81 119
81 120
81 121
81 122
81 123
81 124
82 149
82 144
82 143
82 141
82 140
82 138
82 136
82 135
82 134
82 133
82 130
82 128
82 127
82 84
82 86
82 89
82 90
82 92
82 94
82 97
82 102
82 103
82 105
82 106
82 110
82 111
82 113
82 117
82 121
82 124
82 126
83 149
83 147
83 146
83 144
83 142
83 139
83 138
83 137
83 131
83 130
83 128
83 127
83 87
83 91
83 94
83 95
83 96
83 97
83 98
83 99
83 101
83 102
83 103
83 107
83 109
83 111
83 112
83 113
83 114
83 120
83 122
83 124
83 125
83 126
84 148
84 144
84 143
84 142
84 139
84 138
84 136
84 135
84 133
84 132
84 130
84 127
84 85
84 86
84 89
84 90
84 91
84 94
84 98
84 99
84 102
84 104
84 105
84 107
84 110
84 111
84 116
84 117
84 118
84 120
84 122
84 123
84 126
85 149
85 142
85 141
85 139
85 137
85 136
85 133
85 130
85 129
85 128
85 127
85 88
85 89
85 91
85 96
85 97
85 99
85 102
85 104
85 110
85 112
85 115
85 117
85 119
85 120
86 147
86 146
86 141
86 140
86 139
86 136
86 132
86 131
86 130
86 89
86 91
86 92
86 93
86 96
86 97
86 98
86 100
86 101
86 104
86 107
86 110
86 112
86 113
86 114
86 116
86 119
86 123
86 125
86 126
87 147
87 146
87 145
87 140
87 135
87 132
87 131
87 130
87 129
87 89
87 90
87 92
87 93
87 100
87 103
87 109
87 111
87 112
87 113
87 117
87 119
87 121
87 122
87 125
87 126
88 149
88 147
88 143
88 142
88 141
88 138
88 137
88 136
88 135
88 133
88 132
88 129
88 127
88 89
88 92
88 93
88 95
88 104
88 105
88 107
88 109
88 111
88 114
88 116
88 122
88 123
88 124
88 125
89 147
89 146
89 142
89 141
89 139
89 135
89 134
89 130
89 129
89 92
89 94
89 97
89 99
89 102
89 105
89 110
89 114
89 115
89 116
89 118
89 122
89 123
90 149
90 148
90 146
90 144
90 142
90 138
90 137
90 136
90 135
90 134
90 128
90 127
90 91
90 92
90 93
90 97
90 98
90 102
90 103
90 112
90 113
90 114
90 115
90 116
90 122
90 123
90 124
90 126
91 149
91 146
91 145
91 138
91 133
91 131
91 97
91 99
91 100
91 101
91 103
91 104
91 110
91 111
91 112
91 114
91 115
91 116
91 117
91 120
91 121
91 122
91 124
91 126
92 149
92 148
92 147
92 143
92 142
92 141
92 140
92 136
92 134
92 133
92 132
92 128
92 127
92 93
92 94
92 97
92 100
92 104
92 105
92 109
92 111
92 119
92 120
92 121
92 122
92 124
92 126
93 148
93 146
93 145
93 142
93 138
93 137
93 130
93 94
93 97
93 98
93 99
93 104
93 105
93 106
93 107
93 108
93 109
93 111
93 112
93 113
93 114
93 115
93 121
93 126
94 149
94 148
94 146
94 145
94 139
94 138
94 137
94 136
94 133
94 132
94 131
94 128
94 127
94 97
94 101
94 105
94 106
94 108
94 109
94 111
94 113
94 114
94 115
94 116
94 119
94 122
94 126
95 149
95 143
95 140
95 136
95 135
95 134
95 133
95 132
95 131
95 130
95 127
95 96
95 99
95 101
95 103
95 104
95 105
95 108
95 110
95 111
95 112
95 113
95 114
95 115
95 126
96 149
96 148
96 147
96 146
96 145
96 144
96 143
96 135
96 134
96 133
96 132
96 129
96 128
96 127
96 97
96 99
96 104
96 110
96 111
96 112
96 113
96 115
96 118
96 123
96 125
97 145
97 144
97 143
97 140
97 139
97 138
97 136
97 133
97 131
97 127
97 100
97 102
97 103
97 105
97 107
97 108
97 112
97 114
97 117
97 118
97 124
97 125
98 146
98 144
98 143
98 142
98 141
98 140
98 138
98 136
98 135
98 133
98 131
98 130
98 129
98 127
98 100
98 101
98 105
98 107
98 110
98 115
98 118
98 120
98 122
98 125
99 147
99 146
99 144
99 142
99 141
99 137
99 130
99 129
99 127
99 100
99 104
99 107
99 110
99 111
99 112
99 114
99 116
99 117
99 121
99 126
100 148
100 147
100 142
100 131
100 130
100 128
100 127
100 101
100 107
100 108
100 109
100 117
100 118
100 119
100 120
100 121
100 122
100 123
100 125
101 146
101 145
101 142
101 140
101 138
101 133
101 131
101 130
101 128
101 127
101 102
101 105
101 106
101 108
101 109
101 110
101 114
101 118
101 119
101 123
102 147
102 146
102 145
102 144
102 139
102 138
102 137
102 134
102 132
102 131
102 130
102 129
102 128
102 105
102 108
102 109
102 111
102 114
102 115
102 116
102 117
102 119
102 122
102 124
102 125
103 148
103 146
103 143
103 141
103 140
103 139
103 138
103 134
103 132
103 128
103 127
103 106
103 111
103 115
103 116
103 117
103 119
103 120
103 121
103 126
104 149
104 147
104 144
104 143
104 139
104 137
104 136
104 133
104 131
104 130
104 109
104 110
104 112
104 113
104 117
104 120
104 123
104 125
105 146
105 144
105 142
105 138
105 137
105 136
105 134
105 132
105 129
105 107
105 110
105 112
105 113
105 119
105 120
105 124
105 126
106 145
106 142
106 141
106 139
106 138
106 136
106 133
106 132
106 131
106 129
106 109
106 111
106 112
106 113
106 115
106 119
106 122
106 123
106 124
106 125
106 126
107 146
107 145
107 143
107 141
107 140
107 139
107 137
107 136
107 134
107 133
107 131
107 129
107 110
107 112
107 113
107 116
107 120
107 121
108 149
108 147
108 141
108 138
108 134
108 133
108 132
108 131
108 130
108 129
108 109
108 115
108 117
108 119
108 120
108 122
109 147
109 146
109 144
109 143
109 142
109 137
109 135
109 131
109 111
109 113
109 114
109 115
109 116
109 122
109 123
109 125
109 126
110 146
110 145
110 143
110 141
110 140
110 138
110 136
110 132
110 131
110 130
110 129
110 128
110 112
110 113
110 114
110 115
110 120
110 122
111 149
111 146
111 145
111 142
111 141
111 136
111 134
111 133
111 132
111 130
111 127
111 112
111 113
111 115
111 116
111 117
111 120
111 122
111 124
111 125
112 148
112 145
112 144
112 142
112 141
112 140
112 139
112 135
112 132
112 131
112 115
112 116
112 122
112 123
112 124
113 148
113 147
113 146
113 145
113 144
113 142
113 139
113 138
113 136
113 132
113 129
113 128
113 127
113 114
113 117
113 118
113 122
113 123
114 148
114 144
114 142
114 139
114 138
114 136
114 134
114 133
114 132
114 130
114 115
114 116
114 117
114 119
114 125
115 149
115 147
115 145
115 143
115 142
115 141
115 137
115 136
115 133
115 127
115 117
115 119
115 121
115 122
115 125
115 126
116 149
116 146
116 145
116 143
116 142
116 137
116 135
116 128
116 119
116 120
116 121
116 122
116 123
116 124
117 149
117 148
117 146
117 143
117 138
117 137
117 133
117 132
117 131
117 129
117 128
117 118
117 119
117 121
118 149
118 143
118 142
118 138
118 136
118 135
118 134
118 133
118 130
118 127
118 119
118 121
118 123
118 124
118 125
119 149
119 143
119 141
119 137
119 136
119 133
119 129
119 128
119 120
119 121
119 125
120 147
120 146
120 141
120 139
120 138
120 137
120 136
120 135
120 134
120 133
120 132
120 121
120 122
120 124
120 125
121 149
121 143
121 140
121 135
121 131
121 129
121 125
122 141
122 140
122 139
122 138
122 137
122 136
122 132
122 130
122 129
122 127
122 123
122 126
123 149
123 148
123 147
123 146
123 145
123 144
123 142
123 139
123 136
123 132
123 131
123 129
123 125
123 126
124 147
124 145
124 144
124 143
124 138
124 133
124 130
124 127
124 125
124 126
125 149
125 147
125 146
125 142
125 139
125 134
125 127
126 148
126 147
126 146
126 140
126 136
126 135
126 132
126 129
126 127
127 146
127 144
127 142
127 137
127 132
127 130
127 129
127 128
128 147
128 146
128 145
128 144
128 142
128 137
128 136
128 135
128 134
128 132
128 130
129 149
129 148
129 142
129 139
129 137
129 136
129 134
129 131
130 149
130 146
130 145
130 144
130 142
130 141
130 138
130 137
130 134
130 133
131 148
131 146
131 145
131 141
132 149
132 147
132 141
132 138
132 136
132 133
133 146
133 145
133 144
133 142
133 139
133 137
133 134
134 149
134 143
134 142
134 141
134 140
134 139
134 138
134 136
135 149
135 146
135 145
135 137
136 149
136 148
136 145
136 144
136 141
136 137
137 145
137 143
137 142
137 138
138 149
138 148
138 147
138 146
138 144
138 142
139 147
139 146
139 143
140 147
140 145
141 149
141 145
141 144
142 149
142 148
142 146
142 145
142 144
143 144
144 145
145 148
145 147
146 147
148 149