0 149
0 148
0 147
0 146
0 142
0 140
0 139
0 138
0 137
0 136
0 135
0 133
0 130
0 129
0 58
0 57
0 54
0 52
0 49
0 47
0 46
0 45
0 44
0 41
0 38
0 35
0 34
0 31
0 30
0 10
0 9
0 8
0 6
0 4
0 3
0 2
0 1
0 14
0 15
0 17
0 18
0 19
0 20
0 22
0 24
0 25
0 29
0 65
0 66
0 67
0 68
0 69
0 70
0 71
0 75
0 76
0 77
0 79
0 81
0 82
0 85
0 86
0 87
0 88
0 90
0 91
0 100
0 101
0 102
0 104
0 108
0 109
0 111
0 113
0 117
0 118
0 119
0 121
0 122
0 123
0 126
1 149
1 146
1 141
1 139
1 138
1 137
1 136
1 133
1 130
1 58
1 57
1 56
1 53
1 49
1 47
1 42
1 41
1 37
1 30
1 11
1 9
1 8
1 7
1 2
1 127
1 29
1 14
1 17
1 18
1 21
1 22
1 23
1 24
1 26
1 27
1 61
1 71
1 72
1 73
1 77
1 80
1 81
1 82
1 85
1 86
1 89
1 90
1 93
1 96
1 97
1 101
1 102
1 105
1 106
1 107
1 108
1 109
1 113
1 114
1 115
1 116
1 119
1 122
1 123
2 148
2 147
2 146
2 144
2 140
2 139
2 138
2 136
2 131
2 54
2 53
2 47
2 44
2 43
2 39
2 38
2 37
2 33
2 31
2 12
2 10
2 9
2 7
2 6
2 5
2 4
2 59
2 14
2 16
2 17
2 22
2 25
2 26
2 27
2 28
2 61
2 63
2 64
2 67
2 69
2 70
2 77
2 81
2 83
2 89
2 95
2 96
2 98
2 100
2 101
2 103
2 104
2 105
2 108
2 109
2 110
2 112
2 114
2 118
2 119
2 125
3 148
3 147
3 144
3 142
3 141
3 137
3 136
3 128
3 56
3 55
3 51
3 48
3 47
3 46
3 43
3 40
3 38
3 37
3 36
3 35
3 34
3 32
3 31
3 11
3 8
3 7
3 6
3 13
3 127
3 15
3 17
3 18
3 19
3 20
3 22
3 60
3 61
3 67
3 71
3 73
3 79
3 83
3 84
3 89
3 91
3 102
3 103
3 104
3 106
3 108
3 110
3 112
3 115
3 117
3 118
3 119
3 120
3 123
3 125
3 126
4 148
4 145
4 142
4 141
4 140
4 131
4 129
4 54
4 49
4 48
4 45
4 43
4 41
4 34
4 33
4 31
4 10
4 8
4 29
4 14
4 23
4 26
4 27
4 28
4 61
4 65
4 71
4 72
4 74
4 75
4 76
4 77
4 78
4 79
4 80
4 82
4 85
4 88
4 90
4 92
4 100
4 104
4 109
4 110
4 113
4 115
4 117
4 119
4 120
4 121
4 123
4 124
5 142
5 140
5 139
5 138
5 137
5 135
5 133
5 57
5 55
5 54
5 50
5 49
5 46
5 44
5 39
5 33
5 32
5 31
5 30
5 6
5 59
5 14
5 16
5 17
5 18
5 19
5 23
5 60
5 62
5 64
5 69
5 70
5 71
5 74
5 81
5 83
5 84
5 85
5 87
5 88
5 89
5 90
5 94
5 97
5 100
5 102
5 103
5 104
5 105
5 106
5 108
5 110
5 111
5 116
5 117
5 118
5 119
5 123
5 125
6 149
6 144
6 143
6 141
6 140
6 138
6 136
6 134
6 133
6 131
6 128
6 58
6 56
6 55
6 54
6 51
6 49
6 44
6 43
6 42
6 37
6 35
6 34
6 10
6 7
6 29
6 14
6 15
6 16
6 19
6 20
6 23
6 26
6 27
6 28
6 63
6 65
6 66
6 67
6 69
6 71
6 74
6 79
6 80
6 83
6 84
6 86
6 89
6 92
6 93
6 94
6 98
6 100
6 102
6 106
6 108
6 109
6 112
6 113
6 114
6 117
6 118
6 122
7 147
7 145
7 144
7 137
7 136
7 135
7 132
7 130
7 55
7 48
7 46
7 45
7 43
7 38
7 36
7 34
7 13
7 127
7 29
7 14
7 16
7 20
7 26
7 27
7 61
7 63
7 64
7 76
7 77
7 78
7 79
7 81
7 82
7 83
7 86
7 87
7 88
7 89
7 94
7 98
7 101
7 102
7 103
7 108
7 109
7 110
7 112
7 113
7 115
7 117
7 118
7 119
7 120
7 124
7 126
8 149
8 147
8 143
8 142
8 141
8 138
8 135
8 132
8 130
8 129
8 54
8 50
8 49
8 48
8 46
8 43
8 39
8 35
8 32
8 31
8 12
8 10
8 59
8 127
8 29
8 14
8 21
8 23
8 25
8 26
8 27
8 61
8 62
8 65
8 67
8 68
8 70
8 71
8 74
8 79
8 80
8 82
8 83
8 84
8 88
8 89
8 92
8 93
8 96
8 101
8 102
8 104
8 105
8 106
8 108
8 110
8 112
8 115
8 117
8 118
8 120
8 125
9 149
9 148
9 146
9 145
9 143
9 142
9 141
9 138
9 131
9 130
9 128
9 57
9 55
9 54
9 53
9 49
9 48
9 46
9 44
9 43
9 37
9 35
9 34
9 32
9 30
9 12
9 13
9 29
9 15
9 17
9 19
9 21
9 23
9 24
9 25
9 64
9 66
9 68
9 70
9 75
9 76
9 80
9 82
9 84
9 86
9 90
9 92
9 96
9 97
9 99
9 101
9 102
9 103
9 105
9 106
9 107
9 109
9 112
9 113
9 116
9 117
9 118
9 120
9 121
9 122
9 124
9 125
10 146
10 144
10 142
10 141
10 140
10 137
10 136
10 135
10 130
10 128
10 53
10 51
10 50
10 45
10 39
10 38
10 33
10 59
10 127
10 18
10 21
10 23
10 24
10 26
10 27
10 28
10 60
10 63
10 64
10 65
10 67
10 68
10 71
10 75
10 76
10 77
10 78
10 79
10 80
10 81
10 83
10 85
10 86
10 89
10 91
10 94
10 101
10 102
10 103
10 105
10 110
10 111
10 116
10 117
10 118
10 119
10 120
10 121
10 122
10 124
11 149
11 147
11 145
11 144
11 143
11 142
11 139
11 138
11 136
11 133
11 131
11 58
11 54
11 52
11 50
11 49
11 48
11 47
11 46
11 45
11 43
11 40
11 34
11 33
11 30
11 12
11 13
11 15
11 17
11 18
11 19
11 20
11 24
11 25
11 26
11 28
11 62
11 66
11 67
11 68
11 71
11 72
11 74
11 79
11 84
11 90
11 91
11 92
11 95
11 98
11 99
11 100
11 102
11 106
11 109
11 114
11 115
11 116
11 117
11 118
11 119
11 123
11 124
11 125
12 149
12 148
12 147
12 145
12 144
12 143
12 142
12 141
12 137
12 136
12 135
12 130
12 54
12 52
12 49
12 35
12 33
12 32
12 31
12 14
12 16
12 17
12 19
12 20
12 22
12 62
12 67
12 68
12 69
12 77
12 78
12 83
12 84
12 86
12 88
12 90
12 94
12 96
12 97
12 98
12 100
12 103
12 104
12 105
12 106
12 108
12 110
12 111
12 112
12 113
12 114
12 116
12 120
12 121
12 122
12 124
12 126
13 149
13 148
13 143
13 142
13 140
13 139
13 138
13 134
13 131
13 58
13 54
13 52
13 45
13 44
13 42
13 41
13 39
13 38
13 33
13 32
13 31
13 29
13 15
13 17
13 19
13 27
13 61
13 64
13 69
13 73
13 77
13 78
13 82
13 86
13 87
13 88
13 93
13 98
13 102
13 104
13 111
13 115
13 116
13 119
13 122
13 123
13 124
14 149
14 148
14 141
14 139
14 137
14 135
14 134
14 130
14 129
14 128
14 57
14 56
14 55
14 54
14 51
14 50
14 49
14 48
14 44
14 43
14 38
14 127
14 15
14 16
14 18
14 22
14 24
14 25
14 60
14 61
14 62
14 63
14 64
14 66
14 67
14 68
14 73
14 74
14 75
14 78
14 82
14 84
14 85
14 87
14 88
14 90
14 91
14 94
14 97
14 111
14 113
14 119
14 124
14 125
14 126
15 147
15 146
15 145
15 144
15 143
15 142
15 141
15 140
15 139
15 138
15 136
15 134
15 132
15 129
15 58
15 57
15 55
15 54
15 49
15 48
15 47
15 41
15 40
15 39
15 35
15 33
15 32
15 127
15 22
15 23
15 24
15 25
15 26
15 27
15 28
15 68
15 74
15 75
15 76
15 79
15 83
15 87
15 93
15 94
15 95
15 99
15 100
15 102
15 103
15 104
15 105
15 108
15 109
15 113
15 117
15 120
15 122
15 123
16 149
16 147
16 146
16 145
16 139
16 137
16 136
16 129
16 57
16 56
16 51
16 50
16 49
16 48
16 47
16 45
16 44
16 41
16 38
16 36
16 35
16 34
16 33
16 32
16 29
16 20
16 21
16 22
16 25
16 26
16 28
16 63
16 65
16 70
16 75
16 79
16 91
16 97
16 98
16 101
16 103
16 104
16 110
16 111
16 113
16 117
16 118
16 120
16 122
16 123
16 124
16 125
17 148
17 144
17 142
17 139
17 138
17 133
17 132
17 57
17 56
17 52
17 51
17 46
17 45
17 43
17 41
17 40
17 37
17 127
17 29
17 19
17 21
17 22
17 23
17 24
17 26
17 27
17 64
17 65
17 71
17 72
17 75
17 78
17 79
17 81
17 84
17 85
17 89
17 90
17 91
17 96
17 98
17 101
17 102
17 103
17 106
17 108
17 109
17 110
17 111
17 112
17 113
17 115
17 116
17 118
17 120
17 123
17 124
17 126
18 149
18 146
18 145
18 142
18 141
18 135
18 134
18 133
18 132
18 131
18 130
18 128
18 57
18 52
18 49
18 46
18 44
18 43
18 40
18 37
18 36
18 35
18 34
18 31
18 30
18 127
18 29
18 19
18 24
18 27
18 64
18 66
18 68
18 69
18 70
18 71
18 72
18 73
18 79
18 80
18 82
18 83
18 84
18 85
18 86
18 87
18 89
18 91
18 92
18 97
18 101
18 102
18 103
18 104
18 105
18 108
18 109
18 110
18 112
18 118
18 120
18 121
18 122
18 124
18 125
19 149
19 147
19 146
19 142
19 139
19 138
19 137
19 134
19 133
19 132
19 131
19 128
19 54
19 53
19 52
19 50
19 49
19 46
19 44
19 41
19 40
19 36
19 33
19 32
19 31
19 29
19 20
19 21
19 24
19 25
19 27
19 60
19 62
19 63
19 64
19 66
19 69
19 70
19 74
19 75
19 77
19 78
19 79
19 83
19 86
19 92
19 94
19 95
19 96
19 97
19 98
19 99
19 102
19 104
19 107
19 110
19 111
19 112
19 120
19 121
20 144
20 142
20 140
20 138
20 137
20 135
20 133
20 132
20 130
20 128
20 56
20 46
20 44
20 42
20 41
20 40
20 36
20 35
20 34
20 31
20 59
20 127
20 29
20 21
20 22
20 25
20 28
20 61
20 62
20 65
20 66
20 67
20 70
20 72
20 78
20 79
20 80
20 82
20 85
20 86
20 88
20 96
20 99
20 102
20 103
20 106
20 109
20 110
20 112
20 113
20 114
20 120
20 122
20 124
20 126
21 149
21 146
21 144
21 141
21 135
21 131
21 130
21 128
21 54
21 51
21 50
21 45
21 42
21 39
21 35
21 34
21 31
21 127
21 22
21 24
21 28
21 67
21 68
21 72
21 73
21 74
21 76
21 77
21 87
21 88
21 89
21 92
21 93
21 98
21 99
21 103
21 105
21 109
21 110
21 112
21 114
21 117
21 119
21 122
22 148
22 146
22 142
22 141
22 138
22 137
22 136
22 135
22 133
22 132
22 129
22 128
22 57
22 55
22 54
22 53
22 52
22 48
22 47
22 45
22 43
22 33
22 32
22 31
22 59
22 29
22 23
22 27
22 61
22 62
22 63
22 65
22 66
22 68
22 70
22 72
22 76
22 77
22 80
22 83
22 86
22 87
22 91
22 94
22 97
22 99
22 100
22 102
22 103
22 109
22 114
22 115
22 117
22 118
22 120
22 121
22 123
22 124
22 125
23 140
23 138
23 136
23 135
23 134
23 133
23 130
23 57
23 56
23 55
23 54
23 51
23 50
23 48
23 44
23 42
23 38
23 36
23 34
23 32
23 30
23 127
23 25
23 28
23 62
23 63
23 65
23 68
23 69
23 70
23 73
23 74
23 77
23 78
23 79
23 81
23 82
23 83
23 84
23 85
23 89
23 90
23 97
23 98
23 99
23 101
23 102
23 103
23 104
23 106
23 108
23 110
23 114
23 119
23 121
23 122
23 123
24 149
24 144
24 142
24 141
24 139
24 133
24 132
24 130
24 128
24 57
24 55
24 54
24 50
24 49
24 46
24 45
24 44
24 41
24 40
24 35
24 33
24 31
24 59
24 28
24 62
24 63
24 64
24 67
24 68
24 73
24 74
24 75
24 77
24 78
24 79
24 81
24 82
24 84
24 85
24 89
24 96
24 102
24 103
24 105
24 106
24 107
24 108
24 109
24 114
24 115
24 117
24 118
24 123
24 124
24 125
25 148
25 145
25 144
25 143
25 141
25 140
25 139
25 138
25 137
25 132
25 130
25 58
25 54
25 51
25 50
25 43
25 35
25 32
25 30
25 59
25 26
25 28
25 60
25 62
25 66
25 67
25 68
25 69
25 73
25 76
25 78
25 79
25 82
25 83
25 84
25 85
25 89
25 91
25 92
25 93
25 94
25 98
25 100
25 102
25 106
25 107
25 109
25 111
25 112
25 113
25 116
25 119
25 120
25 126
26 147
26 146
26 144
26 141
26 139
26 137
26 136
26 135
26 134
26 129
26 57
26 55
26 54
26 53
26 52
26 49
26 46
26 42
26 40
26 37
26 36
26 35
26 33
26 60
26 63
26 65
26 66
26 67
26 68
26 73
26 77
26 79
26 80
26 81
26 84
26 85
26 86
26 90
26 91
26 99
26 100
26 101
26 109
26 110
26 111
26 113
26 114
26 118
26 119
26 123
26 124
27 149
27 147
27 146
27 145
27 144
27 140
27 135
27 134
27 133
27 132
27 58
27 56
27 49
27 47
27 46
27 45
27 44
27 43
27 41
27 38
27 37
27 36
27 29
27 60
27 61
27 64
27 66
27 67
27 68
27 70
27 71
27 73
27 74
27 75
27 76
27 77
27 78
27 81
27 82
27 86
27 87
27 88
27 90
27 94
27 95
27 96
27 98
27 99
27 102
27 103
27 105
27 107
27 109
27 110
27 113
27 116
27 117
27 122
27 123
27 125
28 149
28 148
28 147
28 145
28 144
28 143
28 141
28 138
28 136
28 134
28 132
28 131
28 130
28 57
28 51
28 45
28 44
28 40
28 37
28 36
28 35
28 34
28 31
28 30
28 127
28 61
28 62
28 63
28 65
28 67
28 71
28 73
28 79
28 80
28 83
28 84
28 86
28 87
28 90
28 92
28 96
28 98
28 100
28 104
28 106
28 107
28 109
28 111
28 113
28 114
28 117
28 118
28 120
28 124
28 126
29 148
29 147
29 146
29 144
29 142
29 141
29 139
29 138
29 137
29 136
29 135
29 133
29 132
29 57
29 53
29 52
29 51
29 50
29 49
29 48
29 46
29 45
29 44
29 42
29 41
29 38
29 36
29 33
29 31
29 30
29 59
29 60
29 61
29 62
29 63
29 71
29 72
29 73
29 74
29 75
29 76
29 77
29 79
29 80
29 82
29 84
29 85
29 86
29 88
29 91
29 92
29 97
29 98
29 99
29 101
29 103
29 105
29 114
29 120
29 121
29 122
29 124
30 145
30 144
30 139
30 138
30 136
30 133
30 132
30 129
30 58
30 57
30 53
30 49
30 48
30 46
30 44
30 43
30 38
30 37
30 35
30 32
30 64
30 65
30 68
30 73
30 85
30 90
30 95
30 96
30 97
30 99
30 100
30 103
30 105
30 107
30 110
30 111
30 112
30 114
30 115
30 116
30 119
30 120
30 123
31 148
31 146
31 145
31 144
31 142
31 140
31 139
31 131
31 56
31 52
31 51
31 50
31 47
31 46
31 45
31 40
31 38
31 35
31 34
31 32
31 59
31 127
31 62
31 63
31 66
31 67
31 69
31 71
31 73
31 74
31 75
31 80
31 82
31 83
31 85
31 86
31 88
31 90
31 91
31 97
31 101
31 107
31 108
31 116
31 117
31 118
31 119
31 120
31 124
32 148
32 141
32 138
32 136
32 135
32 134
32 133
32 129
32 128
32 57
32 54
32 52
32 51
32 50
32 48
32 47
32 45
32 44
32 42
32 41
32 40
32 39
32 36
32 35
32 127
32 61
32 65
32 66
32 68
32 72
32 73
32 74
32 76
32 82
32 83
32 84
32 86
32 87
32 89
32 90
32 91
32 92
32 94
32 98
32 99
32 100
32 103
32 106
32 107
32 111
32 112
32 114
32 115
32 116
32 117
32 118
32 122
32 126
33 149
33 147
33 142
33 141
33 139
33 138
33 137
33 136
33 135
33 134
33 132
33 131
33 129
33 128
33 57
33 56
33 54
33 51
33 49
33 47
33 46
33 45
33 44
33 43
33 42
33 40
33 37
33 35
33 34
33 127
33 64
33 68
33 69
33 70
33 71
33 73
33 78
33 81
33 82
33 83
33 86
33 88
33 90
33 94
33 96
33 99
33 100
33 101
33 102
33 104
33 105
33 106
33 107
33 108
33 110
33 111
33 112
33 113
33 119
33 121
33 123
33 124
34 147
34 144
34 143
34 138
34 136
34 135
34 131
34 130
34 128
34 55
34 52
34 49
34 48
34 47
34 41
34 38
34 36
34 60
34 61
34 62
34 64
34 66
34 68
34 69
34 70
34 71
34 74
34 75
34 76
34 77
34 81
34 82
34 83
34 85
34 86
34 87
34 89
34 91
34 93
34 94
34 95
34 97
34 98
34 100
34 101
34 104
34 108
34 109
34 111
34 112
34 113
34 114
34 116
34 118
34 119
34 120
34 122
34 123
34 124
34 125
35 146
35 145
35 144
35 141
35 138
35 137
35 134
35 132
35 131
35 130
35 129
35 57
35 56
35 55
35 53
35 49
35 48
35 47
35 45
35 41
35 40
35 38
35 37
35 60
35 61
35 64
35 66
35 68
35 74
35 75
35 77
35 78
35 79
35 80
35 81
35 82
35 84
35 85
35 88
35 90
35 93
35 94
35 97
35 100
35 107
35 108
35 109
35 114
35 117
35 119
35 120
35 122
35 125
36 148
36 141
36 136
36 134
36 132
36 131
36 130
36 129
36 128
36 56
36 55
36 54
36 52
36 51
36 42
36 41
36 37
36 61
36 62
36 63
36 65
36 66
36 67
36 68
36 70
36 72
36 73
36 75
36 79
36 80
36 82
36 84
36 87
36 88
36 89
36 91
36 96
36 97
36 100
36 101
36 102
36 108
36 117
36 118
36 120
36 121
37 149
37 147
37 146
37 144
37 141
37 139
37 138
37 137
37 135
37 134
37 133
37 132
37 131
37 130
37 128
37 57
37 56
37 55
37 54
37 53
37 50
37 49
37 48
37 44
37 43
37 42
37 41
37 39
37 38
37 61
37 62
37 66
37 71
37 72
37 75
37 81
37 82
37 84
37 87
37 89
37 90
37 91
37 95
37 98
37 103
37 108
37 110
37 115
37 116
37 117
37 123
37 125
38 145
38 142
38 140
38 138
38 135
38 132
38 131
38 128
38 58
38 46
38 42
38 39
38 59
38 127
38 63
38 64
38 67
38 68
38 71
38 72
38 73
38 74
38 85
38 87
38 92
38 99
38 100
38 103
38 106
38 107
38 108
38 109
38 110
38 111
38 112
38 113
38 116
38 119
38 122
38 123
38 124
39 149
39 147
39 146
39 142
39 140
39 139
39 133
39 131
39 130
39 129
39 128
39 55
39 54
39 53
39 50
39 48
39 45
39 44
39 59
39 63
39 64
39 66
39 68
39 70
39 73
39 74
39 78
39 79
39 81
39 82
39 84
39 85
39 89
39 90
39 91
39 92
39 93
39 96
39 97
39 99
39 102
39 103
39 108
39 109
39 110
39 115
39 119
39 121
39 123
39 124
39 126
40 148
40 145
40 144
40 143
40 142
40 141
40 139
40 138
40 130
40 129
40 128
40 58
40 57
40 55
40 54
40 53
40 52
40 50
40 46
40 45
40 44
40 41
40 63
40 67
40 70
40 71
40 72
40 74
40 78
40 83
40 84
40 85
40 89
40 91
40 92
40 96
40 97
40 98
40 103
40 105
40 106
40 111
40 113
40 114
40 115
40 121
40 122
40 124
41 149
41 148
41 146
41 143
41 142
41 140
41 137
41 136
41 135
41 128
41 55
41 54
41 52
41 49
41 48
41 47
41 42
41 59
41 127
41 63
41 64
41 65
41 69
41 73
41 74
41 75
41 87
41 90
41 93
41 98
41 99
41 102
41 107
41 108
41 113
41 115
41 119
41 122
41 124
42 148
42 144
42 141
42 140
42 139
42 137
42 133
42 132
42 130
42 58
42 56
42 54
42 52
42 51
42 50
42 45
42 59
42 64
42 65
42 68
42 69
42 73
42 75
42 79
42 81
42 85
42 87
42 88
42 91
42 92
42 96
42 97
42 98
42 99
42 103
42 104
42 108
42 109
42 111
42 112
42 114
42 116
43 148
43 146
43 144
43 142
43 140
43 136
43 135
43 134
43 133
43 130
43 129
43 56
43 55
43 51
43 59
43 127
43 63
43 64
43 65
43 69
43 70
43 71
43 72
43 74
43 76
43 81
43 83
43 86
43 88
43 90
43 91
43 92
43 93
43 97
43 98
43 99
43 103
43 104
43 109
43 112
43 114
43 117
43 118
43 120
43 122
43 123
43 124
43 125
43 126
44 144
44 142
44 139
44 136
44 135
44 134
44 133
44 132
44 131
44 56
44 55
44 54
44 53
44 51
44 46
44 127
44 61
44 62
44 68
44 69
44 73
44 79
44 80
44 81
44 85
44 87
44 91
44 96
44 97
44 98
44 99
44 105
44 106
44 112
44 114
44 116
44 117
44 121
44 123
44 125
44 126
45 147
45 146
45 145
45 143
45 141
45 140
45 139
45 137
45 133
45 129
45 128
45 55
45 49
45 46
45 60
45 62
45 63
45 69
45 70
45 72
45 74
45 76
45 77
45 82
45 85
45 86
45 87
45 92
45 93
45 96
45 98
45 99
45 100
45 101
45 102
45 104
45 107
45 108
45 114
45 120
45 124
45 125
46 149
46 147
46 146
46 145
46 142
46 141
46 139
46 138
46 136
46 134
46 130
46 129
46 55
46 51
46 50
46 49
46 59
46 127
46 61
46 63
46 64
46 65
46 68
46 69
46 70
46 71
46 73
46 75
46 79
46 81
46 84
46 90
46 93
46 94
46 95
46 96
46 98
46 99
46 100
46 104
46 106
46 107
46 109
46 110
46 117
46 120
46 122
46 125
46 126
47 148
47 142
47 141
47 137
47 136
47 135
47 134
47 133
47 130
47 58
47 55
47 49
47 59
47 60
47 63
47 68
47 69
47 71
47 73
47 74
47 75
47 78
47 79
47 80
47 82
47 83
47 85
47 86
47 87
47 91
47 92
47 93
47 94
47 97
47 99
47 101
47 102
47 103
47 105
47 108
47 109
47 110
47 111
47 115
47 117
47 119
47 121
47 123
48 148
48 145
48 140
48 139
48 137
48 133
48 131
48 129
48 52
48 51
48 59
48 60
48 61
48 63
48 69
48 71
48 72
48 77
48 80
48 81
48 82
48 84
48 86
48 95
48 96
48 97
48 99
48 101
48 102
48 103
48 104
48 105
48 106
48 108
48 109
48 110
48 113
48 116
48 117
48 120
48 122
48 124
48 125
49 149
49 148
49 147
49 146
49 145
49 144
49 143
49 142
49 135
49 131
49 57
49 55
49 52
49 50
49 127
49 63
49 68
49 77
49 79
49 80
49 84
49 86
49 87
49 88
49 95
49 96
49 97
49 99
49 100
49 101
49 103
49 105
49 107
49 108
49 110
49 112
49 113
49 116
49 119
49 122
49 124
50 148
50 138
50 137
50 135
50 134
50 133
50 131
50 130
50 129
50 56
50 55
50 59
50 127
50 60
50 70
50 71
50 72
50 75
50 76
50 78
50 80
50 87
50 88
50 91
50 92
50 95
50 99
50 109
50 110
50 113
50 115
50 117
50 118
50 121
50 124
51 143
51 140
51 139
51 134
51 57
51 55
51 54
51 61
51 63
51 65
51 68
51 70
51 71
51 72
51 74
51 75
51 78
51 79
51 80
51 81
51 82
51 83
51 85
51 86
51 87
51 91
51 92
51 93
51 95
51 97
51 100
51 101
51 104
51 105
51 106
51 109
51 110
51 111
51 112
51 116
51 117
51 118
51 119
51 124
51 125
52 148
52 145
52 142
52 140
52 139
52 133
52 131
52 130
52 128
52 58
52 54
52 53
52 61
52 64
52 68
52 69
52 73
52 75
52 77
52 78
52 80
52 82
52 84
52 86
52 89
52 92
52 93
52 97
52 100
52 101
52 102
52 107
52 110
52 111
52 115
52 118
52 121
52 122
52 123
53 147
53 143
53 139
53 137
53 135
53 131
53 130
53 129
53 56
53 54
53 127
53 61
53 67
53 69
53 71
53 74
53 80
53 81
53 83
53 84
53 88
53 90
53 92
53 95
53 98
53 101
53 102
53 103
53 108
53 109
53 110
53 115
53 116
53 119
53 120
53 123
53 124
54 148
54 138
54 137
54 136
54 135
54 134
54 133
54 132
54 131
54 56
54 55
54 59
54 127
54 60
54 61
54 63
54 64
54 68
54 69
54 72
54 74
54 76
54 77
54 79
54 87
54 90
54 92
54 93
54 94
54 98
54 103
54 104
54 109
54 110
54 114
54 116
54 117
54 118
54 123
55 149
55 146
55 144
55 143
55 142
55 138
55 137
55 129
55 127
55 60
55 61
55 62
55 66
55 69
55 73
55 75
55 76
55 77
55 78
55 81
55 89
55 93
55 95
55 99
55 100
55 102
55 104
55 105
55 106
55 107
55 109
55 114
55 118
55 119
55 121
55 123
55 126
56 149
56 141
56 139
56 136
56 135
56 128
56 58
56 57
56 127
56 60
56 61
56 66
56 68
56 72
56 76
56 78
56 80
56 81
56 82
56 84
56 85
56 86
56 88
56 92
56 93
56 94
56 99
56 101
56 104
56 106
56 109
56 111
56 112
56 113
56 114
56 115
56 116
56 117
56 120
56 121
56 122
56 124
57 149
57 148
57 147
57 146
57 145
57 144
57 143
57 141
57 135
57 134
57 132
57 130
57 129
57 58
57 59
57 62
57 63
57 65
57 66
57 67
57 73
57 76
57 78
57 83
57 84
57 85
57 87
57 88
57 90
57 92
57 95
57 98
57 99
57 101
57 103
57 107
57 108
57 110
57 111
57 112
57 113
57 115
57 119
57 121
57 122
57 124
58 144
58 143
58 142
58 139
58 137
58 136
58 135
58 134
58 132
58 131
58 129
58 128
58 59
58 60
58 72
58 73
58 75
58 76
58 87
58 91
58 93
58 101
58 105
58 106
58 107
58 109
58 115
58 120
58 121
58 122
58 126
59 149
59 148
59 146
59 145
59 142
59 140
59 139
59 136
59 135
59 134
59 132
59 130
59 129
59 128
59 127
59 62
59 63
59 67
59 68
59 70
59 72
59 74
59 75
59 81
59 83
59 84
59 87
59 88
59 97
59 102
59 103
59 106
59 108
59 109
59 110
59 111
59 112
59 114
59 116
59 117
59 121
59 122
59 123
59 124
59 125
60 149
60 148
60 147
60 146
60 142
60 141
60 140
60 139
60 138
60 131
60 127
60 61
60 62
60 63
60 64
60 65
60 66
60 67
60 69
60 72
60 73
60 77
60 81
60 87
60 90
60 92
60 93
60 94
60 95
60 96
60 97
60 98
60 99
60 101
60 102
60 106
60 109
60 110
60 112
60 113
60 116
60 117
60 125
61 149
61 139
61 138
61 135
61 131
61 128
61 62
61 63
61 66
61 68
61 69
61 71
61 75
61 79
61 80
61 84
61 87
61 88
61 89
61 90
61 93
61 94
61 95
61 96
61 97
61 99
61 100
61 103
61 104
61 106
61 108
61 109
61 110
61 111
61 112
61 113
61 114
61 118
61 119
61 123
61 124
61 125
61 126
62 149
62 144
62 143
62 141
62 140
62 134
62 133
62 131
62 130
62 66
62 67
62 72
62 73
62 76
62 78
62 80
62 84
62 86
62 87
62 93
62 95
62 97
62 98
62 99
62 102
62 105
62 106
62 109
62 110
62 112
62 114
62 116
62 121
62 126
63 145
63 143
63 142
63 137
63 134
63 130
63 129
63 127
63 64
63 65
63 66
63 69
63 70
63 71
63 73
63 75
63 76
63 78
63 79
63 80
63 81
63 83
63 88
63 92
63 93
63 94
63 95
63 96
63 98
63 101
63 107
63 109
63 110
63 112
63 116
63 121
63 122
63 123
63 125
64 149
64 147
64 143
64 142
64 139
64 137
64 136
64 135
64 134
64 133
64 130
64 127
64 74
64 82
64 84
64 85
64 86
64 88
64 90
64 92
64 94
64 97
64 100
64 101
64 104
64 109
64 110
64 113
64 116
64 117
64 123
64 124
64 125
64 126
65 147
65 145
65 143
65 142
65 141
65 140
65 138
65 136
65 131
65 129
65 66
65 68
65 75
65 81
65 82
65 85
65 93
65 96
65 97
65 98
65 101
65 102
65 106
65 107
65 111
65 115
65 116
65 117
65 119
65 121
65 122
65 123
65 126
66 148
66 147
66 146
66 143
66 142
66 141
66 138
66 134
66 133
66 132
66 129
66 69
66 70
66 71
66 77
66 79
66 82
66 87
66 89
66 90
66 91
66 97
66 99
66 100
66 101
66 105
66 107
66 110
66 114
66 115
66 117
66 119
66 121
66 122
66 123
66 126
67 145
67 144
67 142
67 141
67 137
67 136
67 133
67 131
67 130
67 128
67 127
67 73
67 74
67 75
67 76
67 77
67 79
67 80
67 81
67 83
67 84
67 85
67 88
67 90
67 91
67 93
67 94
67 96
67 98
67 99
67 101
67 104
67 105
67 107
67 108
67 109
67 112
67 113
67 116
67 117
67 118
67 119
67 120
67 125
67 126
68 146
68 145
68 144
68 140
68 138
68 129
68 128
68 70
68 72
68 73
68 80
68 83
68 84
68 86
68 90
68 91
68 98
68 100
68 101
68 102
68 104
68 106
68 109
68 110
68 111
68 112
68 113
68 116
68 119
68 121
69 147
69 146
69 144
69 141
69 140
69 139
69 138
69 136
69 135
69 133
69 131
69 130
69 129
69 128
69 70
69 73
69 75
69 76
69 78
69 84
69 85
69 86
69 87
69 88
69 89
69 91
69 96
69 97
69 102
69 108
69 111
69 115
69 117
70 146
70 144
70 140
70 137
70 133
70 132
70 129
70 128
70 71
70 72
70 73
70 77
70 80
70 83
70 85
70 86
70 88
70 90
70 93
70 94
70 96
70 97
70 98
70 102
70 103
70 108
70 110
70 111
70 112
70 119
70 120
70 125
71 147
71 146
71 144
71 143
71 140
71 139
71 138
71 137
71 134
71 132
71 131
71 130
71 129
71 76
71 80
71 83
71 88
71 91
71 93
71 94
71 95
71 96
71 106
71 109
71 110
71 112
71 113
71 115
71 116
71 117
71 119
71 120
71 121
71 122
71 124
71 125
72 149
72 148
72 147
72 146
72 145
72 144
72 142
72 141
72 140
72 139
72 136
72 134
72 133
72 132
72 131
72 129
72 128
72 127
72 74
72 76
72 78
72 79
72 80
72 86
72 88
72 91
72 93
72 94
72 95
72 96
72 97
72 98
72 100
72 101
72 102
72 103
72 104
72 109
72 112
72 116
72 117
72 118
72 120
72 121
72 125
72 126
73 148
73 146
73 144
73 137
73 132
73 130
73 128
73 75
73 78
73 80
73 81
73 84
73 85
73 88
73 89
73 92
73 93
73 98
73 99
73 101
73 102
73 103
73 105
73 107
73 109
73 114
73 116
73 118
73 124
73 125
74 149
74 144
74 142
74 141
74 139
74 136
74 135
74 132
74 129
74 128
74 75
74 79
74 80
74 82
74 83
74 84
74 85
74 87
74 90
74 92
74 98
74 99
74 102
74 106
74 107
74 109
74 110
74 111
74 112
74 114
74 115
74 116
74 123
74 124
75 149
75 148
75 146
75 140
75 139
75 136
75 135
75 134
75 132
75 130
75 128
75 127
75 78
75 79
75 80
75 81
75 82
75 83
75 84
75 85
75 86
75 87
75 93
75 96
75 97
75 99
75 100
75 101
75 104
75 105
75 112
75 114
75 116
75 118
75 121
75 122
75 125
75 126
76 148
76 147
76 146
76 144
76 143
76 141
76 139
76 138
76 136
76 135
76 133
76 130
76 129
76 127
76 78
76 83
76 85
76 88
76 90
76 91
76 92
76 94
76 96
76 100
76 102
76 103
76 104
76 105
76 108
76 110
76 111
76 113
76 115
76 116
76 118
76 120
76 121
76 122
76 125
76 126
77 148
77 147
77 146
77 145
77 144
77 141
77 139
77 138
77 137
77 130
77 129
77 128
77 127
77 78
77 79
77 80
77 82
77 88
77 89
77 90
77 92
77 94
77 95
77 96
77 97
77 98
77 101
77 104
77 110
77 111
77 113
77 114
77 118
77 119
77 120
77 124
77 125
78 149
78 148
78 147
78 145
78 144
78 141
78 139
78 135
78 132
78 131
78 129
78 79
78 83
78 87
78 88
78 89
78 91
78 95
78 96
78 97
78 98
78 99
78 100
78 101
78 103
78 107
78 108
78 110
78 113
78 114
78 118
78 122
78 126
79 146
79 145
79 140
79 139
79 138
79 136
79 135
79 134
79 130
79 129
79 128
79 127
79 80
79 82
79 86
79 90
79 94
79 96
79 99
79 103
79 105
79 107
79 108
79 109
79 110
79 111
79 113
79 116
79 118
79 121
79 123
79 124
80 147
80 144
80 141
80 140
80 138
80 137
80 133
80 128
80 83
80 84
80 85
80 87
80 88
80 90
80 91
80 93
80 94
80 95
80 100
80 101
80 108
80 110
80 112
80 115
80 118
80 120
80 124
80 126
81 147
81 146
81 142
81 141
81 139
81 138
81 134
81 130
81 129
81 127
81 82
81 83
81 84
81 86
81 87
81 88
81 89
81 94
81 103
81 104
81 107
81 112
81 114
81 115
82 149
82 147
82 146
82 141
82 136
82 132
82 131
82 127
82 85
82 88
82 89
82 90
82 91
82 92
82 93
82 94
82 102
82 103
82 106
82 107
82 117
82 118
82 119
82 122
82 124
83 149
83 146
83 142
83 138
83 134
83 85
83 86
83 90
83 93
83 94
83 95
83 96
83 97
83 101
83 103
83 104
83 105
83 107
83 110
83 111
83 113
83 114
83 115
83 116
83 117
83 119
83 122
83 123
83 125
84 145
84 144
84 143
84 140
84 137
84 133
84 132
84 130
84 129
84 128
84 85
84 87
84 89
84 90
84 92
84 94
84 96
84 97
84 104
84 108
84 112
84 113
84 114
84 117
84 120
84 122
85 148
85 147
85 146
85 145
85 144
85 127
85 86
85 88
85 89
85 90
85 95
85 96
85 97
85 100
85 101
85 105
85 107
85 109
85 112
85 114
85 115
85 116
85 117
85 118
85 125
85 126
86 148
86 146
86 144
86 141
86 138
86 137
86 134
86 133
86 132
86 127
86 90
86 92
86 96
86 99
86 101
86 102
86 104
86 106
86 107
86 109
86 111
86 112
86 113
86 114
86 115
86 119
86 120
86 121
86 122
86 124
86 126
87 145
87 144
87 141
87 137
87 136
87 133
87 129
87 128
87 127
87 89
87 90
87 91
87 92
87 93
87 94
87 95
87 96
87 98
87 99
87 100
87 101
87 102
87 105
87 106
87 107
87 108
87 112
87 113
87 116
87 119
87 121
87 123
87 124
87 125
87 126
88 148
88 144
88 142
88 141
88 139
88 132
88 130
88 127
88 90
88 92
88 97
88 101
88 102
88 107
88 109
88 112
88 113
88 114
88 116
88 117
88 119
88 122
89 149
89 147
89 145
89 144
89 140
89 136
89 133
89 131
89 129
89 91
89 92
89 97
89 101
89 103
89 104
89 107
89 108
89 109
89 111
89 112
89 113
89 114
89 116
89 118
89 119
89 123
89 125
89 126
90 147
90 143
90 139
90 134
90 127
90 94
90 96
90 102
90 105
90 106
90 107
90 110
90 119
90 121
91 147
91 145
91 144
91 141
91 139
91 137
91 136
91 128
91 95
91 96
91 97
91 98
91 100
91 103
91 104
91 105
91 108
91 109
91 112
91 116
91 119
91 120
91 125
91 126
92 142
92 141
92 140
92 139
92 136
92 131
92 128
92 94
92 95
92 96
92 97
92 99
92 102
92 103
92 104
92 107
92 108
92 109
92 112
92 113
92 114
92 115
92 116
92 117
92 118
92 120
92 122
93 149
93 147
93 146
93 141
93 137
93 131
93 129
93 128
93 96
93 101
93 102
93 103
93 107
93 109
93 112
93 117
93 119
93 121
93 122
93 124
93 125
93 126
94 149
94 148
94 147
94 146
94 145
94 138
94 137
94 135
94 134
94 133
94 131
94 128
94 127
94 95
94 96
94 101
94 103
94 106
94 110
94 111
94 112
94 113
94 115
94 117
94 119
94 122
94 123
94 126
95 145
95 144
95 142
95 138
95 136
95 135
95 132
95 129
95 127
95 97
95 99
95 101
95 102
95 103
95 104
95 114
95 116
95 119
95 122
95 124
95 125
95 126
96 146
96 145
96 144
96 141
96 140
96 138
96 137
96 135
96 133
96 129
96 97
96 101
96 103
96 104
96 105
96 109
96 111
96 112
96 114
96 115
96 118
96 120
96 121
96 123
96 124
97 148
97 141
97 137
97 135
97 134
97 131
97 130
97 129
97 128
97 127
97 100
97 101
97 104
97 105
97 106
97 109
97 111
97 112
97 113
97 115
97 116
97 120
97 123
97 125
97 126
98 149
98 148
98 146
98 145
98 144
98 142
98 139
98 138
98 137
98 136
98 135
98 134
98 131
98 130
98 127
98 99
98 101
98 102
98 103
98 106
98 108
98 109
98 110
98 111
98 112
98 114
98 115
98 116
98 117
98 120
98 122
99 148
99 145
99 142
99 139
99 135
99 131
99 129
99 128
99 101
99 102
99 109
99 110
99 111
99 113
99 115
99 116
99 117
99 124
99 125
100 149
100 146
100 145
100 143
100 142
100 140
100 139
100 137
100 135
100 133
100 131
100 130
100 127
100 101
100 104
100 106
100 110
100 112
100 115
100 116
100 119
100 120
100 122
101 149
101 148
101 147
101 145
101 144
101 142
101 140
101 136
101 135
101 134
101 133
101 132
101 130
101 128
101 127
101 103
101 104
101 106
101 108
101 112
101 113
101 114
101 118
101 124
102 143
102 142
102 137
102 133
102 132
102 131
102 128
102 103
102 104
102 106
102 108
102 112
102 113
102 115
102 117
102 118
102 120
102 122
102 124
103 147
103 146
103 143
103 142
103 141
103 140
103 138
103 137
103 135
103 134
103 133
103 131
103 130
103 129
103 127
103 104
103 109
103 112
103 114
103 123
103 125
103 126
104 147
104 140
104 138
104 137
104 134
104 133
104 130
104 110
104 112
104 113
104 115
104 122
105 149
105 146
105 145
105 144
105 143
105 140
105 135
105 134
105 133
105 129
105 128
105 127
105 107
105 109
105 110
105 112
105 114
105 115
105 116
105 118
105 120
105 122
105 124
105 126
106 146
106 145
106 144
106 143
106 142
106 141
106 140
106 135
106 134
106 133
106 110
106 121
106 123
106 124
107 147
107 146
107 144
107 143
107 134
107 133
107 132
107 130
107 129
107 127
107 109
107 114
107 115
107 118
107 119
107 120
107 121
107 122
107 124
107 126
108 149
108 148
108 147
108 146
108 144
108 142
108 141
108 136
108 128
108 109
108 113
108 114
108 117
108 118
108 119
108 121
108 122
108 123
108 125
109 144
109 143
109 142
109 141
109 140
109 139
109 138
109 134
109 132
109 111
109 113
109 115
109 117
109 121
109 123
109 124
109 125
110 148
110 147
110 145
110 139
110 137
110 136
110 129
110 112
110 113
110 114
110 116
110 118
110 119
110 122
110 123
110 124
110 125
110 126
111 149
111 147
111 144
111 143
111 142
111 141
111 139
111 134
111 131
111 130
111 127
111 112
111 113
111 116
111 117
111 120
111 121
111 122
111 123
112 148
112 147
112 142
112 140
112 136
112 135
112 131
112 130
112 114
112 115
112 117
112 118
112 122
112 123
113 149
113 148
113 147
113 145
113 143
113 142
113 140
113 138
113 137
113 132
113 129
113 114
113 115
113 117
113 119
113 121
113 125
114 139
114 137
114 134
114 131
114 130
114 128
114 127
114 115
114 118
114 119
114 120
114 124
115 148
115 145
115 140
115 139
115 135
115 134
115 133
115 131
115 119
115 123
115 124
116 148
116 146
116 145
116 144
116 141
116 140
116 138
116 136
116 134
116 131
116 130
116 128
116 118
116 119
117 149
117 147
117 143
117 141
117 140
117 139
117 138
117 137
117 134
117 128
117 118
117 121
117 122
117 124
117 125
117 126
118 149
118 148
118 144
118 143
118 142
118 139
118 138
118 137
118 134
118 133
118 129
118 119
118 120
118 122
118 124
118 126
119 149
119 147
119 146
119 145
119 139
119 136
119 131
119 130
119 128
119 120
119 121
119 123
119 126
120 149
120 147
120 146
120 143
120 142
120 138
120 134
120 130
120 129
120 127
120 121
120 122
120 123
120 124
120 125
120 126
121 149
121 146
121 145
121 143
121 141
121 138
121 137
121 136
121 134
121 132
121 130
121 128
121 127
121 122
121 124
121 125
122 146
122 143
122 140
122 138
122 136
122 134
122 131
122 127
122 124
122 125
122 126
123 147
123 146
123 143
123 142
123 141
123 140
123 138
123 137
123 133
123 132
123 130
123 129
123 127
124 149
124 145
124 142
124 140
124 139
124 137
124 136
124 135
124 134
124 132
124 129
124 125
125 149
125 145
125 144
125 143
125 136
125 134
125 130
125 127
126 149
126 148
126 145
126 143
126 142
126 138
126 137
126 132
127 149
127 148
127 142
127 140
127 136
127 135
127 134
127 133
127 130
128 147
128 145
128 144
128 143
128 142
128 135
128 133
128 132
128 130
128 129
129 147
129 144
129 141
129 140
129 139
129 135
129 133
129 132
129 130
130 149
130 147
130 142
130 138
130 137
130 135
130 133
131 148
131 144
131 142
131 140
131 139
131 135
132 149
132 148
132 147
132 144
132 142
132 140
132 139
132 137
133 149
133 147
133 145
133 142
133 140
133 137
133 134
134 147
134 145
134 141
134 136
135 142
135 139
135 138
136 144
136 142
136 139
136 138
137 148
137 147
137 145
137 142
137 138
138 146
138 145
138 141
139 147
139 146
139 145
139 143
140 145
140 144
140 143
140 141
141 149
141 143
142 148
142 145
142 143
143 147
143 144
144 149
146 148
147 149
148 149