0 97
0 95
0 93
0 92
0 88
0 87
0 86
0 85
0 83
0 82
0 81
0 77
0 76
0 75
0 74
0 73
0 71
0 67
0 66
0 62
0 61
0 60
0 29
0 26
0 25
0 23
0 1
0 2
0 6
0 8
0 11
0 32
0 40
0 44
0 48
0 53
0 54
0 58
0 59
1 99
1 92
1 91
1 90
1 89
1 78
1 77
1 76
1 72
1 71
1 69
1 67
1 65
1 64
1 63
1 60
1 27
1 26
1 24
1 22
1 21
1 16
1 2
1 3
1 7
1 11
1 31
1 32
1 37
1 41
1 42
1 43
1 45
1 48
1 49
1 51
1 56
2 98
2 96
2 95
2 93
2 92
2 90
2 89
2 88
2 87
2 85
2 83
2 82
2 76
2 75
2 73
2 71
2 69
2 68
2 62
2 61
2 23
2 22
2 19
2 18
2 59
2 5
2 7
2 9
2 10
2 11
2 12
2 35
2 37
2 38
2 39
2 40
2 41
2 44
2 45
2 48
2 50
2 52
2 53
2 55
2 56
2 57
2 58
3 97
3 96
3 89
3 88
3 77
3 73
3 72
3 71
3 69
3 68
3 67
3 66
3 65
3 64
3 63
3 62
3 61
3 26
3 22
3 21
3 18
3 17
3 16
3 29
3 59
3 13
3 6
3 31
3 32
3 36
3 45
3 49
3 50
3 53
3 54
3 56
4 99
4 98
4 97
4 96
4 95
4 94
4 93
4 90
4 84
4 73
4 71
4 69
4 68
4 65
4 63
4 62
4 61
4 26
4 25
4 24
4 22
4 21
4 20
4 19
4 17
4 14
4 8
4 35
4 38
4 43
4 48
4 49
4 53
4 54
4 55
5 99
5 98
5 93
5 92
5 89
5 85
5 84
5 78
5 74
5 68
5 66
5 64
5 60
5 27
5 22
5 19
5 15
5 29
5 13
5 6
5 12
5 30
5 31
5 33
5 41
5 44
5 46
5 48
5 49
5 55
5 56
5 57
6 99
6 96
6 94
6 93
6 91
6 90
6 89
6 86
6 85
6 82
6 78
6 75
6 74
6 70
6 65
6 61
6 60
6 28
6 22
6 21
6 14
6 29
6 13
6 10
6 11
6 34
6 40
6 53
6 55
6 57
7 98
7 96
7 94
7 91
7 88
7 86
7 84
7 82
7 77
7 74
7 70
7 68
7 67
7 65
7 62
7 61
7 28
7 27
7 21
7 20
7 19
7 14
7 59
7 13
7 8
7 9
7 11
7 12
7 31
7 37
7 40
7 41
7 43
7 56
7 58
8 97
8 96
8 95
8 93
8 92
8 91
8 90
8 89
8 87
8 86
8 85
8 84
8 81
8 76
8 75
8 69
8 67
8 60
8 27
8 24
8 21
8 20
8 19
8 17
8 16
8 59
8 9
8 12
8 30
8 31
8 33
8 34
8 36
8 37
8 43
8 45
8 46
8 48
8 49
8 51
8 52
8 53
8 54
8 55
8 56
9 97
9 94
9 93
9 91
9 89
9 87
9 86
9 85
9 84
9 76
9 75
9 74
9 72
9 71
9 68
9 66
9 63
9 62
9 25
9 24
9 23
9 22
9 21
9 20
9 18
9 10
9 11
9 12
9 30
9 36
9 37
9 38
9 39
9 40
9 42
9 43
9 45
9 47
9 51
9 55
10 99
10 98
10 96
10 94
10 93
10 92
10 84
10 83
10 82
10 81
10 77
10 76
10 73
10 72
10 71
10 70
10 67
10 65
10 64
10 63
10 62
10 61
10 25
10 23
10 22
10 21
10 18
10 15
10 14
10 29
10 59
10 12
10 30
10 32
10 34
10 41
10 44
10 45
10 46
10 47
11 99
11 98
11 97
11 96
11 95
11 94
11 92
11 91
11 88
11 82
11 78
11 77
11 72
11 71
11 69
11 68
11 65
11 64
11 63
11 27
11 26
11 21
11 18
11 14
11 29
11 12
11 31
11 32
11 36
11 37
11 38
11 39
11 40
11 41
11 43
11 44
11 45
11 46
11 49
11 51
11 52
11 54
11 55
11 57
11 58
12 99
12 98
12 95
12 94
12 93
12 91
12 90
12 88
12 87
12 84
12 81
12 79
12 78
12 76
12 66
12 65
12 64
12 62
12 61
12 60
12 28
12 26
12 25
12 24
12 23
12 21
12 20
12 16
12 13
12 32
12 35
12 37
12 41
12 43
12 44
12 45
12 53
13 98
13 97
13 94
13 93
13 92
13 90
13 89
13 87
13 86
13 84
13 77
13 76
13 75
13 74
13 73
13 70
13 66
13 65
13 62
13 27
13 25
13 23
13 22
13 21
13 20
13 16
13 15
13 14
13 29
13 59
13 30
13 32
13 33
13 37
13 39
13 41
13 44
13 46
13 47
13 48
13 50
13 51
13 52
13 53
13 55
13 56
13 58
14 96
14 95
14 94
14 90
14 88
14 83
14 81
14 80
14 77
14 76
14 73
14 68
14 66
14 65
14 62
14 23
14 22
14 17
14 59
14 30
14 31
14 32
14 36
14 37
14 38
14 40
14 43
14 44
14 47
14 54
14 58
15 97
15 96
15 95
15 93
15 92
15 91
15 86
15 85
15 84
15 83
15 81
15 79
15 78
15 76
15 70
15 69
15 68
15 64
15 63
15 62
15 61
15 60
15 27
15 24
15 21
15 17
15 16
15 29
15 32
15 33
15 37
15 40
15 41
15 46
15 47
15 51
15 53
15 55
16 97
16 96
16 95
16 94
16 91
16 90
16 88
16 77
16 72
16 71
16 68
16 65
16 64
16 63
16 62
16 61
16 60
16 27
16 24
16 23
16 20
16 18
16 17
16 59
16 31
16 34
16 38
16 39
16 42
16 49
16 51
16 52
16 53
16 57
17 99
17 98
17 97
17 95
17 93
17 92
17 88
17 85
17 83
17 81
17 78
17 77
17 73
17 72
17 68
17 66
17 63
17 26
17 24
17 20
17 19
17 29
17 59
17 33
17 34
17 35
17 37
17 39
17 42
17 43
17 44
17 45
17 47
17 48
17 49
17 54
17 57
17 58
18 97
18 94
18 93
18 88
18 87
18 82
18 81
18 80
18 71
18 65
18 64
18 62
18 61
18 27
18 25
18 23
18 22
18 21
18 20
18 59
18 32
18 37
18 38
18 41
18 46
18 52
18 57
19 98
19 95
19 90
19 89
19 87
19 85
19 81
19 74
19 73
19 72
19 66
19 63
19 62
19 61
19 27
19 24
19 22
19 20
19 59
19 30
19 33
19 39
19 41
19 42
19 47
19 48
19 55
19 56
19 57
20 97
20 92
20 91
20 84
20 83
20 81
20 80
20 78
20 76
20 75
20 74
20 64
20 60
20 23
20 29
20 59
20 32
20 34
20 35
20 38
20 42
20 44
20 45
20 46
20 50
20 52
20 55
20 56
21 97
21 96
21 95
21 94
21 91
21 88
21 85
21 81
21 76
21 74
21 73
21 72
21 65
21 63
21 62
21 61
21 60
21 28
21 23
21 30
21 31
21 34
21 36
21 37
21 39
21 43
21 48
21 49
21 50
21 51
21 52
21 54
21 55
21 56
21 58
22 99
22 97
22 93
22 92
22 89
22 86
22 69
22 67
22 66
22 62
22 61
22 28
22 24
22 23
22 30
22 31
22 32
22 35
22 37
22 39
22 42
22 45
22 49
22 50
22 52
22 56
23 99
23 94
23 92
23 90
23 87
23 86
23 83
23 82
23 81
23 75
23 73
23 68
23 66
23 63
23 62
23 61
23 25
23 24
23 31
23 34
23 36
23 38
23 39
23 42
23 43
23 44
23 45
23 47
23 49
23 53
23 56
23 57
24 99
24 97
24 94
24 91
24 90
24 89
24 88
24 84
24 78
24 74
24 72
24 71
24 69
24 68
24 67
24 66
24 64
24 63
24 31
24 38
24 40
24 41
24 42
24 43
24 44
24 47
24 48
24 50
24 51
24 53
24 54
24 58
25 99
25 98
25 95
25 93
25 92
25 89
25 86
25 85
25 83
25 81
25 79
25 78
25 75
25 72
25 71
25 69
25 68
25 67
25 66
25 63
25 61
25 28
25 27
25 29
25 59
25 30
25 36
25 37
25 38
25 40
25 41
25 45
25 49
25 54
26 99
26 94
26 91
26 89
26 88
26 86
26 85
26 84
26 74
26 72
26 70
26 27
26 31
26 35
26 39
26 43
26 44
26 46
26 48
26 54
27 99
27 98
27 96
27 93
27 90
27 89
27 88
27 81
27 80
27 79
27 74
27 73
27 67
27 66
27 65
27 61
27 59
27 31
27 34
27 35
27 36
27 38
27 40
27 42
27 52
28 99
28 97
28 91
28 88
28 87
28 85
28 84
28 83
28 81
28 75
28 74
28 73
28 71
28 70
28 68
28 67
28 61
28 29
28 30
28 34
28 35
28 36
28 37
28 38
28 39
28 40
28 42
28 43
28 46
28 48
28 49
28 50
28 56
29 98
29 97
29 96
29 95
29 88
29 86
29 84
29 82
29 80
29 79
29 78
29 74
29 71
29 64
29 62
29 30
29 34
29 35
29 42
29 46
29 52
29 53
29 54
29 55
29 58
30 99
30 94
30 91
30 88
30 87
30 85
30 84
30 81
30 80
30 75
30 74
30 73
30 69
30 66
30 65
30 64
30 61
30 60
30 59
30 31
30 34
30 35
30 37
30 40
30 41
30 42
30 43
30 46
30 47
30 48
30 49
30 50
30 51
30 55
31 99
31 97
31 96
31 94
31 93
31 92
31 86
31 84
31 75
31 71
31 68
31 67
31 63
31 61
31 34
31 36
31 38
31 42
31 43
31 45
31 49
31 50
31 52
31 53
31 54
31 55
31 56
31 58
32 96
32 95
32 93
32 90
32 89
32 87
32 83
32 82
32 80
32 79
32 78
32 75
32 72
32 69
32 67
32 64
32 62
32 60
32 33
32 36
32 43
32 45
32 46
32 47
32 49
32 50
32 51
32 55
32 57
33 98
33 97
33 95
33 94
33 92
33 89
33 86
33 83
33 82
33 80
33 79
33 78
33 75
33 73
33 72
33 71
33 69
33 68
33 67
33 66
33 64
33 61
33 60
33 59
33 34
33 35
33 37
33 41
33 42
33 44
33 45
33 46
33 50
33 51
33 53
34 99
34 98
34 96
34 94
34 89
34 85
34 83
34 82
34 80
34 77
34 74
34 71
34 70
34 69
34 68
34 65
34 62
34 60
34 59
34 36
34 42
34 43
34 47
34 49
34 51
34 54
34 55
34 58
35 98
35 95
35 93
35 89
35 87
35 86
35 84
35 82
35 81
35 80
35 77
35 75
35 74
35 73
35 71
35 70
35 69
35 68
35 67
35 66
35 65
35 63
35 62
35 61
35 59
35 37
35 39
35 41
35 43
35 46
35 48
35 56
35 58
36 99
36 98
36 97
36 95
36 94
36 91
36 89
36 87
36 85
36 83
36 82
36 81
36 80
36 77
36 76
36 74
36 70
36 65
36 64
36 63
36 61
36 60
36 38
36 40
36 42
36 43
36 44
36 46
36 47
36 48
36 49
36 50
36 51
36 52
36 53
36 57
36 58
37 98
37 97
37 95
37 94
37 92
37 91
37 90
37 89
37 88
37 86
37 85
37 83
37 80
37 78
37 75
37 74
37 73
37 72
37 70
37 68
37 67
37 61
37 41
37 43
37 45
37 48
37 52
37 54
37 55
37 56
37 57
38 98
38 97
38 86
38 85
38 84
38 80
38 79
38 78
38 76
38 75
38 72
38 71
38 68
38 64
38 62
38 60
38 59
38 40
38 43
38 44
38 51
38 53
38 54
38 57
39 99
39 96
39 91
39 90
39 87
39 85
39 84
39 82
39 81
39 78
39 74
39 73
39 72
39 71
39 70
39 68
39 63
39 61
39 60
39 59
39 42
39 45
39 46
39 47
39 48
39 50
39 52
39 57
39 58
40 98
40 97
40 96
40 94
40 91
40 90
40 88
40 86
40 85
40 83
40 82
40 78
40 75
40 60
40 43
40 46
40 52
40 54
40 56
41 98
41 96
41 95
41 91
41 87
41 84
41 83
41 79
41 77
41 76
41 71
41 67
41 64
41 42
41 43
41 45
41 48
41 53
41 58
42 99
42 98
42 97
42 95
42 93
42 91
42 89
42 88
42 87
42 86
42 84
42 80
42 79
42 78
42 77
42 73
42 71
42 68
42 63
42 60
42 44
42 45
42 48
42 50
42 53
42 54
42 57
43 92
43 89
43 88
43 85
43 81
43 78
43 73
43 72
43 70
43 67
43 66
43 65
43 63
43 60
43 59
43 44
43 45
43 47
43 50
43 56
43 57
44 96
44 95
44 94
44 92
44 90
44 86
44 85
44 83
44 82
44 76
44 75
44 73
44 70
44 68
44 67
44 66
44 62
44 47
44 48
44 49
44 50
44 51
44 54
44 56
44 58
45 99
45 98
45 96
45 93
45 91
45 88
45 86
45 85
45 83
45 79
45 78
45 77
45 76
45 75
45 71
45 69
45 67
45 65
45 61
45 60
45 59
45 46
45 49
45 50
45 51
45 54
45 58
46 99
46 96
46 94
46 92
46 91
46 89
46 85
46 79
46 74
46 70
46 69
46 67
46 65
46 63
46 59
46 47
46 53
46 57
47 98
47 97
47 96
47 95
47 92
47 91
47 90
47 81
47 80
47 79
47 76
47 73
47 72
47 71
47 70
47 67
47 65
47 64
47 52
47 54
47 56
48 99
48 97
48 96
48 95
48 94
48 91
48 88
48 87
48 85
48 84
48 83
48 82
48 79
48 77
48 75
48 74
48 73
48 66
48 63
48 62
48 60
48 52
48 55
48 57
49 99
49 98
49 97
49 95
49 93
49 90
49 88
49 86
49 85
49 83
49 82
49 80
49 78
49 76
49 74
49 73
49 70
49 69
49 68
49 66
49 64
49 50
49 51
49 53
49 54
49 56
49 57
49 58
50 98
50 96
50 94
50 93
50 91
50 90
50 88
50 86
50 82
50 81
50 80
50 79
50 77
50 76
50 74
50 71
50 69
50 66
50 64
50 51
50 53
50 55
50 57
50 58
51 99
51 94
51 90
51 88
51 87
51 86
51 85
51 78
51 76
51 75
51 72
51 70
51 64
51 62
51 52
51 56
51 58
52 99
52 93
52 92
52 91
52 89
52 88
52 84
52 83
52 81
52 78
52 76
52 75
52 74
52 73
52 72
52 68
52 66
52 64
52 63
52 61
52 60
52 55
52 56
52 58
53 97
53 90
53 89
53 84
53 83
53 76
53 75
53 66
53 64
53 61
53 60
53 56
54 99
54 98
54 96
54 94
54 91
54 90
54 82
54 81
54 79
54 77
54 75
54 74
54 73
54 69
54 67
54 66
54 64
54 62
54 61
54 60
54 56
54 57
55 99
55 98
55 96
55 95
55 93
55 90
55 89
55 88
55 85
55 84
55 83
55 81
55 78
55 75
55 73
55 72
55 70
55 68
55 67
55 65
55 63
55 62
55 60
55 56
55 58
56 98
56 94
56 92
56 90
56 87
56 83
56 81
56 80
56 76
56 73
56 70
56 68
56 67
56 65
56 62
56 61
56 59
56 58
57 96
57 95
57 94
57 93
57 92
57 91
57 88
57 83
57 79
57 78
57 73
57 69
57 68
57 65
57 64
57 60
57 59
58 99
58 98
58 97
58 96
58 93
58 92
58 89
58 88
58 86
58 84
58 81
58 78
58 77
58 74
58 71
58 70
58 68
58 66
58 65
58 64
58 63
58 61
58 59
59 94
59 90
59 85
59 84
59 83
59 82
59 81
59 76
59 75
59 71
59 69
59 67
59 66
59 60
60 99
60 98
60 95
60 94
60 93
60 89
60 88
60 84
60 81
60 78
60 71
60 66
60 65
60 64
60 62
61 99
61 96
61 94
61 93
61 90
61 87
61 84
61 74
61 70
61 67
61 66
61 65
61 63
62 96
62 94
62 93
62 91
62 89
62 87
62 85
62 84
62 82
62 81
62 80
62 79
62 78
62 72
62 70
62 66
62 65
63 99
63 98
63 96
63 95
63 92
63 87
63 82
63 79
63 76
63 73
63 72
63 69
63 68
63 66
63 64
64 99
64 93
64 90
64 81
64 76
64 75
64 74
64 71
64 70
64 67
64 65
65 95
65 90
65 89
65 87
65 85
65 84
65 82
65 81
65 78
65 77
65 75
65 73
66 98
66 96
66 95
66 90
66 89
66 87
66 86
66 84
66 82
66 79
66 78
66 77
66 75
67 99
67 98
67 95
67 93
67 91
67 84
67 82
67 79
67 78
67 74
67 71
68 96
68 94
68 93
68 82
68 80
68 79
68 76
68 75
68 70
69 95
69 92
69 86
69 85
69 81
69 80
69 78
69 76
69 74
69 73
69 70
70 98
70 95
70 94
70 93
70 92
70 90
70 88
70 86
70 83
70 82
70 78
70 74
71 98
71 94
71 91
71 90
71 89
71 88
71 86
71 81
71 80
71 78
71 77
71 76
71 74
71 72
72 98
72 97
72 94
72 93
72 92
72 90
72 87
72 86
72 83
72 80
72 75
73 99
73 97
73 94
73 84
73 80
73 79
73 78
73 76
73 75
74 98
74 94
74 92
74 90
74 83
74 82
74 80
74 79
74 75
75 97
75 94
75 91
75 89
75 87
75 85
75 83
75 82
75 77
76 98
76 97
76 96
76 95
76 94
76 93
76 92
76 90
76 89
76 88
76 84
76 82
76 80
76 79
76 77
77 99
77 95
77 94
77 93
77 92
77 89
77 82
78 99
78 98
78 97
78 92
78 89
78 88
78 83
78 81
78 80
79 99
79 98
79 97
79 95
79 94
79 91
79 85
79 84
79 83
79 81
80 99
80 98
80 97
80 96
80 95
80 90
80 83
80 82
81 91
81 90
81 87
81 82
82 97
82 91
82 90
82 88
83 93
83 91
83 88
83 85
83 84
84 99
84 96
84 95
84 94
84 93
85 97
85 96
85 94
85 88
86 98
86 97
86 96
86 95
86 92
86 91
86 87
87 98
87 97
87 96
87 93
87 92
87 91
88 98
88 96
88 94
88 91
88 90
88 89
89 94
89 93
89 92
89 91
89 90
90 94
90 93
90 92
90 91
91 99
91 95
91 92
92 97
92 95
92 94
93 98
93 96
95 97
96 99
96 98
96 97
97 98