0 44
0 41
0 31
0 30
0 13
0 10
0 7
0 3
0 1
0 15
0 22
0 23
0 25
0 29
1 49
1 43
1 42
1 41
1 35
1 31
1 12
1 11
1 10
1 8
1 4
1 3
1 2
1 29
1 16
1 17
1 18
1 23
1 24
1 26
1 27
1 28
2 46
2 42
2 41
2 37
2 35
2 3
2 29
2 17
2 19
2 23
2 24
3 48
3 47
3 45
3 41
3 39
3 37
3 34
3 9
3 5
3 17
3 24
3 26
4 45
4 42
4 41
4 32
4 31
4 30
4 7
4 13
4 29
4 15
4 17
4 19
4 20
4 23
4 24
4 26
4 28
5 49
5 47
5 37
5 35
5 30
5 9
5 6
5 15
5 18
5 19
5 21
5 23
5 27
6 47
6 46
6 37
6 36
6 35
6 33
6 31
6 11
6 14
6 15
6 17
6 19
6 20
6 26
6 27
7 46
7 42
7 38
7 36
7 30
7 9
7 13
7 14
7 16
7 19
7 20
7 24
7 27
8 48
8 46
8 45
8 43
8 41
8 39
8 38
8 34
8 12
8 11
8 15
8 19
8 21
9 49
9 48
9 46
9 42
9 35
9 11
9 10
9 13
9 29
9 21
9 22
9 28
10 48
10 46
10 45
10 44
10 41
10 39
10 34
10 33
10 31
10 30
10 11
10 14
10 17
10 18
10 22
10 23
10 26
11 48
11 44
11 41
11 39
11 36
11 35
11 30
11 15
11 20
11 21
11 22
11 26
12 47
12 46
12 44
12 42
12 41
12 40
12 39
12 38
12 36
12 34
12 33
12 22
12 23
12 24
12 25
12 26
12 28
13 48
13 47
13 44
13 43
13 40
13 39
13 35
13 31
13 29
13 17
13 19
13 21
13 22
13 26
14 49
14 48
14 47
14 41
14 36
14 29
14 16
15 49
15 39
15 38
15 36
15 33
15 32
15 31
15 29
15 18
15 20
15 21
15 22
15 24
15 27
16 49
16 46
16 45
16 42
16 41
16 39
16 37
16 32
16 29
16 20
16 24
16 27
17 44
17 43
17 40
17 38
17 34
17 32
17 18
17 22
17 24
17 27
18 47
18 44
18 42
18 39
18 38
18 34
18 33
18 21
18 23
18 27
18 28
19 48
19 46
19 42
19 34
19 33
19 30
19 20
19 22
19 27
20 40
20 37
20 35
20 31
20 30
20 22
20 23
20 25
20 26
20 27
21 49
21 46
21 43
21 42
21 41
21 35
21 34
21 31
21 30
21 28
22 46
22 44
22 42
22 40
22 39
22 38
22 36
22 34
22 33
22 30
22 24
22 28
23 44
23 42
23 41
23 37
23 34
23 32
23 29
23 24
23 26
24 47
24 46
24 43
24 40
24 38
24 37
24 36
25 44
25 42
25 41
25 36
25 33
25 31
25 30
25 26
26 48
26 46
26 43
26 40
26 37
26 33
26 30
26 27
26 28
27 49
27 48
27 47
27 46
27 45
27 44
27 42
27 41
27 37
27 35
27 33
27 31
27 30
28 48
28 46
28 45
28 42
28 40
28 33
28 31
29 48
29 47
29 46
29 42
29 39
29 37
29 35
29 34
29 33
30 36
30 33
31 49
31 48
31 43
31 38
31 36
31 35
31 34
31 32
32 47
32 45
32 44
32 39
32 34
33 49
33 45
33 43
33 42
33 36
33 35
34 42
34 41
34 39
34 38
34 37
35 48
35 45
35 43
35 40
36 49
36 47
36 46
36 45
36 41
36 40
36 39
37 47
37 46
37 43
37 42
37 41
37 39
37 38
38 49
38 45
38 44
38 43
39 48
39 45
39 44
39 42
39 40
40 48
40 46
40 45
40 44
40 42
40 41
41 45
41 44
42 49
42 48
42 44
43 49
43 48
43 46
44 47
45 49
45 46
46 49
46 47
47 49
48 49