0 99
0 98
0 96
0 95
0 92
0 90
0 86
0 80
0 78
0 77
0 76
0 74
0 72
0 71
0 70
0 64
0 63
0 29
0 24
0 22
0 21
0 20
0 19
0 16
0 2
0 3
0 5
0 7
0 9
0 10
0 31
0 34
0 35
0 36
0 40
0 41
0 49
0 50
0 56
0 57
0 58
1 99
1 98
1 95
1 93
1 92
1 90
1 89
1 88
1 87
1 86
1 84
1 83
1 80
1 79
1 78
1 77
1 76
1 75
1 73
1 67
1 61
1 60
1 28
1 26
1 22
1 21
1 20
1 18
1 16
1 15
1 29
1 59
1 6
1 8
1 11
1 12
1 32
1 36
1 42
1 45
1 46
1 48
1 49
1 52
1 55
1 57
1 58
2 99
2 98
2 96
2 94
2 93
2 92
2 90
2 89
2 83
2 82
2 77
2 74
2 73
2 71
2 68
2 65
2 64
2 63
2 62
2 61
2 27
2 18
2 15
2 29
2 59
2 13
2 4
2 6
2 10
2 12
2 30
2 33
2 37
2 40
2 42
2 43
2 46
2 47
2 50
2 51
2 52
2 53
2 54
2 56
3 98
3 96
3 94
3 93
3 92
3 91
3 88
3 86
3 85
3 81
3 79
3 78
3 77
3 75
3 74
3 73
3 72
3 61
3 18
3 17
3 14
3 29
3 13
3 4
3 5
3 8
3 9
3 11
3 12
3 30
3 35
3 38
3 39
3 41
3 43
3 44
3 45
3 46
3 51
3 52
3 53
3 55
3 56
3 57
4 99
4 97
4 94
4 92
4 90
4 89
4 88
4 86
4 85
4 83
4 80
4 79
4 78
4 77
4 67
4 60
4 27
4 22
4 21
4 19
4 16
4 14
4 13
4 6
4 30
4 36
4 38
4 40
4 42
4 43
4 44
4 50
4 54
4 55
4 56
4 57
4 58
5 95
5 93
5 92
5 91
5 90
5 88
5 87
5 86
5 83
5 79
5 75
5 74
5 73
5 71
5 70
5 68
5 66
5 65
5 61
5 28
5 19
5 18
5 17
5 16
5 15
5 29
5 8
5 9
5 10
5 30
5 34
5 38
5 39
5 41
5 43
5 49
5 50
5 56
5 58
6 97
6 95
6 90
6 85
6 80
6 79
6 77
6 76
6 74
6 73
6 72
6 71
6 69
6 63
6 62
6 28
6 23
6 21
6 20
6 17
6 15
6 13
6 7
6 8
6 31
6 34
6 39
6 40
6 41
6 44
6 49
6 52
6 56
6 57
6 58
7 98
7 95
7 93
7 91
7 89
7 86
7 85
7 83
7 82
7 76
7 73
7 68
7 67
7 62
7 27
7 26
7 25
7 20
7 18
7 8
7 11
7 32
7 33
7 36
7 43
7 48
7 49
7 50
7 51
7 52
7 53
7 56
8 99
8 97
8 93
8 91
8 87
8 86
8 84
8 81
8 80
8 79
8 75
8 73
8 72
8 71
8 69
8 65
8 63
8 60
8 28
8 26
8 23
8 29
8 59
8 11
8 32
8 35
8 41
8 42
8 43
8 46
8 51
8 52
8 56
8 57
9 98
9 97
9 92
9 91
9 84
9 83
9 79
9 74
9 68
9 65
9 62
9 22
9 18
9 15
9 14
9 29
9 59
9 10
9 12
9 30
9 34
9 39
9 42
9 43
9 46
9 47
9 50
9 51
9 52
9 56
10 98
10 97
10 96
10 95
10 94
10 93
10 90
10 88
10 85
10 84
10 82
10 79
10 78
10 76
10 74
10 71
10 69
10 68
10 64
10 63
10 60
10 28
10 21
10 19
10 16
10 15
10 14
10 30
10 32
10 33
10 34
10 38
10 40
10 41
10 43
10 47
10 51
10 52
10 55
11 97
11 96
11 95
11 94
11 92
11 91
11 90
11 89
11 87
11 82
11 81
11 78
11 75
11 74
11 70
11 67
11 66
11 64
11 62
11 28
11 21
11 19
11 17
11 15
11 14
11 59
11 30
11 31
11 32
11 35
11 39
11 41
11 43
11 45
11 49
11 56
11 58
12 96
12 93
12 91
12 90
12 86
12 80
12 78
12 77
12 76
12 70
12 65
12 63
12 61
12 60
12 24
12 20
12 19
12 17
12 29
12 32
12 35
12 40
12 41
12 42
12 43
12 44
12 46
12 47
12 51
12 53
12 54
12 55
12 56
12 57
13 99
13 98
13 95
13 94
13 92
13 91
13 90
13 89
13 78
13 76
13 72
13 71
13 67
13 66
13 63
13 62
13 27
13 25
13 24
13 22
13 20
13 17
13 15
13 29
13 59
13 30
13 35
13 39
13 41
13 42
13 43
13 46
13 48
13 50
13 52
13 55
13 56
14 99
14 97
14 96
14 94
14 93
14 88
14 82
14 81
14 78
14 72
14 69
14 28
14 27
14 24
14 23
14 21
14 16
14 15
14 59
14 31
14 33
14 35
14 36
14 37
14 38
14 39
14 52
14 57
15 94
15 90
15 88
15 87
15 85
15 82
15 81
15 80
15 76
15 73
15 71
15 69
15 68
15 67
15 63
15 61
15 60
15 27
15 24
15 23
15 22
15 21
15 20
15 19
15 18
15 16
15 31
15 32
15 35
15 36
15 37
15 42
15 45
15 49
15 50
15 52
15 53
15 57
16 98
16 97
16 96
16 93
16 92
16 91
16 89
16 88
16 86
16 83
16 80
16 77
16 72
16 71
16 69
16 66
16 64
16 63
16 62
16 60
16 26
16 22
16 20
16 19
16 29
16 30
16 32
16 34
16 38
16 39
16 40
16 46
16 50
16 53
16 54
16 56
16 57
17 97
17 92
17 91
17 85
17 82
17 79
17 78
17 69
17 67
17 66
17 65
17 64
17 63
17 61
17 28
17 26
17 24
17 21
17 29
17 33
17 34
17 37
17 39
17 41
17 42
17 43
17 49
17 51
17 52
17 57
17 58
18 96
18 95
18 84
18 83
18 81
18 80
18 79
18 78
18 77
18 71
18 70
18 68
18 67
18 65
18 64
18 63
18 61
18 60
18 24
18 59
18 30
18 33
18 34
18 36
18 37
18 38
18 39
18 41
18 42
18 44
18 45
18 46
18 47
18 53
18 57
19 99
19 96
19 93
19 84
19 79
19 76
19 75
19 71
19 70
19 66
19 65
19 60
19 28
19 25
19 24
19 21
19 29
19 59
19 30
19 31
19 32
19 34
19 40
19 41
19 44
19 46
19 47
19 51
19 53
19 54
19 56
19 57
19 58
20 97
20 96
20 95
20 90
20 88
20 86
20 85
20 84
20 83
20 81
20 76
20 75
20 74
20 73
20 72
20 70
20 66
20 28
20 27
20 23
20 22
20 21
20 29
20 59
20 32
20 37
20 43
20 44
20 46
20 47
20 48
20 52
21 98
21 96
21 93
21 92
21 90
21 88
21 87
21 82
21 80
21 74
21 73
21 60
21 28
21 26
21 24
21 23
21 59
21 31
21 32
21 34
21 36
21 37
21 39
21 41
21 42
21 46
21 47
21 49
21 50
21 58
22 99
22 95
22 92
22 82
22 78
22 77
22 76
22 74
22 73
22 70
22 65
22 64
22 61
22 26
22 23
22 31
22 33
22 34
22 37
22 40
22 41
22 44
22 47
22 48
22 49
22 51
22 55
22 56
23 99
23 93
23 89
23 86
23 85
23 84
23 81
23 80
23 77
23 68
23 63
23 61
23 27
23 26
23 24
23 59
23 32
23 33
23 34
23 36
23 38
23 40
23 41
23 44
23 46
23 48
23 50
23 51
23 52
23 53
23 56
23 57
23 58
24 99
24 97
24 92
24 88
24 87
24 84
24 82
24 79
24 76
24 75
24 71
24 70
24 67
24 66
24 64
24 62
24 61
24 28
24 29
24 34
24 36
24 37
24 40
24 41
24 42
24 43
24 48
24 49
24 50
24 52
24 54
24 56
24 57
25 99
25 98
25 95
25 93
25 92
25 90
25 89
25 87
25 85
25 82
25 79
25 78
25 77
25 71
25 70
25 68
25 67
25 62
25 61
25 27
25 26
25 59
25 31
25 34
25 36
25 40
25 41
25 43
25 44
25 48
25 49
25 51
25 57
25 58
26 98
26 97
26 96
26 94
26 92
26 88
26 86
26 80
26 79
26 77
26 75
26 72
26 71
26 69
26 68
26 66
26 59
26 30
26 31
26 32
26 36
26 37
26 40
26 41
26 45
26 48
26 49
26 54
26 55
26 56
26 57
26 58
27 99
27 96
27 95
27 92
27 91
27 89
27 86
27 85
27 75
27 71
27 70
27 65
27 64
27 60
27 28
27 31
27 32
27 36
27 37
27 39
27 40
27 42
27 44
27 45
27 46
27 47
27 51
27 52
27 55
27 57
27 58
28 95
28 94
28 93
28 90
28 88
28 87
28 85
28 82
28 80
28 79
28 78
28 77
28 73
28 72
28 70
28 67
28 64
28 63
28 32
28 44
28 46
28 47
28 49
28 51
28 53
29 97
29 96
29 95
29 94
29 92
29 90
29 87
29 84
29 82
29 77
29 73
29 72
29 69
29 68
29 67
29 65
29 63
29 60
29 32
29 33
29 36
29 37
29 38
29 39
29 40
29 49
29 51
29 52
29 54
30 98
30 96
30 94
30 92
30 88
30 86
30 85
30 80
30 79
30 77
30 73
30 72
30 70
30 69
30 66
30 65
30 64
30 62
30 59
30 31
30 33
30 39
30 40
30 42
30 43
30 45
30 49
30 53
30 56
30 58
31 98
31 97
31 96
31 95
31 90
31 89
31 87
31 86
31 85
31 83
31 70
31 68
31 67
31 65
31 64
31 62
31 60
31 33
31 35
31 37
31 39
31 40
31 42
31 43
31 44
31 45
31 46
31 47
31 48
31 49
31 57
31 58
32 97
32 93
32 92
32 91
32 88
32 86
32 81
32 79
32 78
32 74
32 71
32 70
32 69
32 67
32 65
32 62
32 61
32 60
32 33
32 34
32 36
32 40
32 41
32 42
32 44
32 49
32 50
32 55
32 56
32 57
33 97
33 90
33 89
33 87
33 85
33 84
33 82
33 80
33 74
33 68
33 66
33 34
33 35
33 42
33 45
33 50
33 51
33 54
33 55
33 57
34 98
34 95
34 94
34 91
34 90
34 82
34 78
34 77
34 71
34 67
34 66
34 65
34 35
34 36
34 37
34 40
34 43
34 44
34 45
34 48
34 50
34 55
34 57
34 58
35 99
35 98
35 96
35 95
35 94
35 87
35 86
35 85
35 84
35 82
35 80
35 78
35 77
35 75
35 72
35 70
35 67
35 66
35 63
35 62
35 61
35 36
35 37
35 39
35 40
35 41
35 42
35 43
35 45
35 48
35 49
35 52
35 54
36 99
36 97
36 96
36 92
36 91
36 89
36 88
36 87
36 85
36 80
36 79
36 78
36 77
36 75
36 73
36 72
36 71
36 66
36 65
36 64
36 63
36 62
36 60
36 37
36 41
36 43
36 44
36 47
36 51
36 52
36 53
36 57
36 58
37 99
37 96
37 94
37 90
37 87
37 84
37 83
37 81
37 79
37 77
37 74
37 66
37 61
37 59
37 40
37 42
37 48
37 50
37 51
38 99
38 98
38 95
38 94
38 90
38 83
38 82
38 80
38 79
38 77
38 73
38 70
38 67
38 63
38 40
38 41
38 42
38 43
38 44
38 46
38 48
38 49
38 50
38 51
38 52
38 55
38 56
38 57
39 99
39 97
39 95
39 93
39 90
39 89
39 87
39 83
39 81
39 78
39 71
39 70
39 68
39 67
39 65
39 61
39 59
39 40
39 44
39 45
39 46
39 47
39 48
39 49
39 50
39 51
39 52
39 53
39 56
39 57
39 58
40 96
40 86
40 85
40 84
40 81
40 80
40 76
40 74
40 71
40 67
40 65
40 62
40 61
40 60
40 42
40 43
40 45
40 46
40 47
40 49
40 54
40 56
41 99
41 97
41 94
41 92
41 91
41 89
41 87
41 84
41 81
41 79
41 78
41 75
41 74
41 71
41 69
41 68
41 65
41 62
41 61
41 59
41 43
41 44
41 45
41 46
41 48
41 50
41 55
41 57
41 58
42 98
42 97
42 93
42 91
42 90
42 88
42 83
42 80
42 78
42 77
42 76
42 75
42 72
42 70
42 66
42 63
42 62
42 60
42 43
42 44
42 47
42 50
42 51
42 54
42 55
42 58
43 98
43 97
43 96
43 91
43 90
43 85
43 78
43 75
43 72
43 71
43 66
43 65
43 63
43 61
43 60
43 45
43 46
43 49
43 50
43 51
43 56
43 57
43 58
44 99
44 97
44 94
44 92
44 90
44 89
44 88
44 86
44 85
44 83
44 79
44 78
44 75
44 72
44 69
44 66
44 63
44 62
44 45
44 46
44 47
44 52
44 57
45 96
45 95
45 93
45 90
45 89
45 88
45 84
45 79
45 77
45 75
45 74
45 73
45 72
45 70
45 69
45 68
45 62
45 61
45 60
45 59
45 48
45 53
45 55
45 56
45 57
46 99
46 96
46 94
46 90
46 83
46 81
46 80
46 78
46 77
46 72
46 70
46 69
46 68
46 67
46 64
46 62
46 61
46 47
46 49
46 50
46 53
46 55
46 56
46 57
47 98
47 92
47 91
47 88
47 87
47 84
47 83
47 82
47 80
47 76
47 73
47 64
47 60
47 59
47 49
47 51
47 53
47 56
47 58
48 99
48 98
48 96
48 94
48 93
48 89
48 82
48 80
48 78
48 75
48 72
48 70
48 69
48 64
48 62
48 60
48 59
48 49
48 50
48 57
49 95
49 94
49 93
49 88
49 86
49 85
49 83
49 79
49 78
49 75
49 72
49 70
49 69
49 67
49 66
49 65
49 64
49 60
49 59
49 50
49 51
49 54
50 99
50 96
50 94
50 93
50 92
50 91
50 89
50 88
50 87
50 86
50 81
50 79
50 76
50 75
50 73
50 72
50 68
50 66
50 65
50 63
50 62
50 61
50 53
50 55
51 99
51 98
51 97
51 94
51 93
51 90
51 88
51 74
51 72
51 71
51 69
51 67
51 66
51 65
51 63
51 62
51 53
51 55
52 99
52 98
52 97
52 96
52 95
52 92
52 90
52 89
52 88
52 86
52 85
52 84
52 82
52 80
52 79
52 75
52 71
52 70
52 65
52 63
52 60
52 59
52 53
52 55
52 57
52 58
53 98
53 93
53 90
53 89
53 88
53 87
53 86
53 84
53 82
53 78
53 73
53 69
53 67
53 66
53 65
53 63
53 59
53 58
54 96
54 93
54 91
54 89
54 84
54 83
54 82
54 81
54 79
54 75
54 72
54 68
54 66
54 65
54 64
54 61
54 59
54 55
54 56
54 57
54 58
55 98
55 96
55 94
55 92
55 87
55 86
55 85
55 82
55 81
55 79
55 78
55 75
55 73
55 72
55 71
55 69
55 68
55 67
55 59
55 57
56 95
56 93
56 92
56 91
56 86
56 85
56 84
56 81
56 80
56 76
56 73
56 69
56 62
56 59
56 57
57 99
57 94
57 91
57 90
57 87
57 86
57 85
57 84
57 80
57 78
57 75
57 74
57 73
57 68
57 67
57 66
57 64
57 61
57 60
57 59
57 58
58 94
58 91
58 88
58 87
58 86
58 84
58 82
58 80
58 79
58 74
58 73
58 69
58 66
58 65
58 63
58 62
58 60
59 93
59 89
59 85
59 83
59 81
59 78
59 76
59 73
59 70
59 65
59 64
60 96
60 95
60 94
60 92
60 91
60 89
60 87
60 86
60 85
60 83
60 75
60 74
60 68
60 66
60 61
61 96
61 93
61 92
61 90
61 86
61 85
61 84
61 83
61 80
61 78
61 75
61 74
61 72
61 71
61 70
61 69
61 68
61 67
62 99
62 98
62 95
62 93
62 91
62 89
62 85
62 84
62 82
62 81
62 80
62 72
62 71
62 70
62 69
62 67
62 66
62 65
62 64
63 99
63 98
63 95
63 94
63 93
63 88
63 86
63 85
63 81
63 77
63 75
63 70
63 66
63 65
64 96
64 94
64 84
64 83
64 82
64 80
64 79
64 78
64 77
64 73
64 68
65 99
65 98
65 97
65 92
65 88
65 86
65 85
65 83
65 82
65 72
65 71
65 69
65 66
66 98
66 97
66 96
66 95
66 94
66 93
66 91
66 90
66 89
66 86
66 84
66 83
66 82
66 77
66 75
66 73
66 70
66 68
66 67
67 98
67 97
67 95
67 93
67 92
67 89
67 88
67 87
67 86
67 84
67 82
67 79
67 77
67 74
67 73
67 70
67 69
68 99
68 97
68 95
68 94
68 89
68 87
68 83
68 80
68 79
68 78
68 77
68 76
68 75
68 74
68 73
69 99
69 96
69 94
69 93
69 92
69 89
69 88
69 87
69 86
69 85
69 83
69 80
69 72
69 71
69 70
70 98
70 97
70 96
70 93
70 92
70 88
70 87
70 84
70 82
70 80
70 79
70 77
70 75
70 73
71 98
71 97
71 95
71 94
71 93
71 89
71 88
71 86
71 85
71 84
71 79
71 77
71 76
71 75
71 73
72 98
72 92
72 85
72 84
72 82
72 80
72 79
72 76
72 75
72 74
73 97
73 94
73 91
73 90
73 89
73 85
73 83
73 82
73 81
73 79
73 77
74 98
74 97
74 95
74 94
74 92
74 90
74 89
74 87
74 80
74 79
74 77
74 76
75 98
75 94
75 90
75 88
75 76
76 96
76 95
76 93
76 91
76 89
76 83
76 82
76 81
77 97
77 94
77 93
77 90
77 89
77 86
77 85
77 84
77 82
77 80
77 79
78 99
78 93
78 90
78 89
78 88
78 84
78 82
78 80
78 79
79 99
79 98
79 97
79 95
79 94
79 91
79 84
79 83
79 82
79 80
80 99
80 96
80 94
80 92
80 89
80 83
81 97
81 94
81 93
81 88
81 87
81 86
81 84
81 82
82 99
82 97
82 95
82 92
82 91
82 90
82 88
82 85
82 83
83 99
83 98
83 97
83 96
83 89
83 87
84 98
84 97
84 93
84 92
84 91
84 89
84 86
85 97
85 95
85 94
85 88
85 86
86 99
86 98
86 96
86 95
86 92
86 90
86 88
86 87
87 98
87 94
87 93
87 92
87 91
88 98
88 97
88 96
88 94
88 93
88 91
88 89
89 98
89 96
89 93
89 90
90 99
90 98
90 97
90 95
90 94
91 97
91 92
92 98
92 97
92 96
93 99
93 96
93 95
94 97
94 95
95 98
96 99
96 98
97 99