0 48
0 47
0 43
0 39
0 38
0 36
0 13
0 12
0 7
0 5
0 16
0 18
0 19
0 23
0 28
0 29
1 48
1 46
1 45
1 44
1 41
1 38
1 36
1 35
1 34
1 2
1 13
1 29
1 14
1 19
1 21
1 23
2 48
2 45
2 37
2 35
2 34
2 33
2 6
2 4
2 13
2 29
2 21
2 23
3 43
3 40
3 39
3 38
3 36
3 10
3 8
3 13
3 29
3 15
3 20
3 22
3 24
3 25
3 28
4 48
4 47
4 46
4 42
4 38
4 37
4 31
4 12
4 7
4 13
4 29
4 14
4 15
4 16
4 17
4 18
4 19
4 25
4 26
4 27
5 49
5 42
5 39
5 34
5 32
5 12
5 10
5 6
5 13
5 29
5 15
5 18
5 20
5 26
5 27
5 28
6 45
6 32
6 31
6 30
6 9
6 14
6 15
6 16
6 20
6 26
6 27
7 43
7 41
7 38
7 32
7 30
7 10
7 29
7 16
7 17
7 19
7 21
7 22
8 44
8 43
8 37
8 17
8 22
8 24
8 25
8 26
8 27
9 47
9 46
9 43
9 41
9 38
9 37
9 36
9 35
9 32
9 14
9 16
9 17
9 19
9 23
9 27
9 28
10 48
10 44
10 39
10 37
10 33
10 12
10 13
10 29
10 16
10 17
10 22
10 24
10 26
10 28
11 47
11 46
11 42
11 37
11 35
11 33
11 31
11 12
11 13
11 29
11 15
11 17
11 19
11 20
11 21
11 22
11 24
12 48
12 47
12 46
12 44
12 43
12 42
12 40
12 38
12 37
12 35
12 34
12 32
12 13
12 14
12 15
12 18
12 21
12 22
12 24
12 25
13 46
13 44
13 42
13 40
13 38
13 29
13 14
13 16
13 17
13 18
13 22
13 26
13 28
14 46
14 44
14 42
14 40
14 39
14 37
14 36
14 35
14 30
14 15
14 16
14 17
14 18
14 26
15 49
15 44
15 34
15 18
15 21
16 45
16 43
16 38
16 37
16 36
16 35
16 25
16 27
16 28
17 48
17 45
17 35
17 32
17 31
17 29
17 27
18 49
18 48
18 45
18 42
18 41
18 35
18 33
18 32
18 29
18 23
18 26
18 27
18 28
19 45
19 43
19 41
19 40
19 39
19 38
19 35
19 34
19 29
19 24
20 48
20 47
20 46
20 44
20 41
20 37
20 34
20 33
20 31
20 29
20 23
20 24
20 26
20 28
21 48
21 47
21 46
21 39
21 34
21 30
21 23
21 24
21 28
22 48
22 41
22 34
22 33
22 31
22 24
22 28
23 48
23 45
23 44
23 40
23 39
23 35
23 34
24 49
24 46
24 45
24 44
24 42
24 36
24 35
24 34
24 30
25 44
25 43
25 41
25 37
25 28
26 48
26 47
26 45
26 42
26 38
26 37
26 32
26 30
26 28
27 49
27 45
27 43
27 42
27 41
27 34
27 32
28 49
28 46
28 41
28 40
28 38
28 37
28 36
28 34
28 32
28 31
29 47
29 45
29 43
29 38
29 37
29 34
29 31
30 49
30 46
30 44
30 43
30 42
30 39
30 38
30 36
30 35
31 48
31 47
31 46
31 45
31 44
31 41
31 36
32 49
32 44
32 39
32 35
32 33
33 45
33 42
33 40
33 38
33 36
33 35
33 34
34 48
34 47
34 46
34 40
34 39
34 38
34 37
34 36
35 49
35 47
35 46
35 40
36 49
36 48
36 47
36 44
36 42
36 38
37 49
37 45
37 42
37 40
37 39
38 49
38 47
38 46
38 42
38 41
38 40
38 39
39 49
39 48
39 47
39 41
39 40
40 46
40 45
40 42
41 47
42 49
42 48
42 45
43 49
43 45
43 44
44 49
44 48
45 48
45 47
46 48