0 99
0 98
0 96
0 95
0 94
0 91
0 90
0 88
0 83
0 82
0 80
0 77
0 76
0 74
0 73
0 72
0 71
0 61
0 27
0 25
0 23
0 21
0 19
0 16
0 15
0 14
0 5
0 8
0 10
0 11
0 12
0 13
0 30
0 34
0 35
0 38
0 39
0 41
0 42
0 45
0 47
0 49
0 54
0 55
0 56
0 57
0 58
0 59
1 99
1 98
1 95
1 93
1 92
1 84
1 83
1 80
1 79
1 78
1 77
1 76
1 71
1 66
1 65
1 62
1 28
1 26
1 25
1 24
1 22
1 19
1 17
1 16
1 13
1 7
1 10
1 11
1 30
1 31
1 35
1 37
1 40
1 41
1 42
1 43
1 47
1 50
1 52
1 57
2 97
2 96
2 94
2 92
2 91
2 90
2 89
2 88
2 85
2 84
2 83
2 81
2 79
2 76
2 73
2 72
2 70
2 69
2 66
2 63
2 60
2 28
2 23
2 21
2 19
2 16
2 15
2 29
2 5
2 6
2 7
2 31
2 33
2 35
2 37
2 38
2 40
2 41
2 43
2 47
2 48
2 49
2 50
2 53
3 99
3 98
3 96
3 94
3 91
3 90
3 87
3 85
3 84
3 77
3 75
3 70
3 69
3 67
3 66
3 65
3 64
3 60
3 25
3 23
3 19
3 17
3 29
3 59
3 4
3 6
3 7
3 8
3 9
3 33
3 39
3 40
3 41
3 43
3 44
3 45
3 48
3 49
3 51
3 52
3 54
3 55
3 58
4 99
4 98
4 93
4 92
4 89
4 88
4 85
4 82
4 80
4 79
4 76
4 75
4 71
4 66
4 65
4 64
4 63
4 28
4 23
4 20
4 19
4 18
4 16
4 15
4 14
4 29
4 13
4 5
4 6
4 7
4 8
4 30
4 35
4 37
4 38
4 39
4 41
4 44
4 49
4 50
4 53
5 98
5 97
5 96
5 95
5 94
5 92
5 89
5 88
5 87
5 81
5 77
5 75
5 73
5 71
5 67
5 66
5 63
5 61
5 60
5 26
5 23
5 18
5 15
5 14
5 13
5 6
5 32
5 34
5 46
5 47
5 48
5 51
5 57
6 97
6 92
6 89
6 88
6 85
6 82
6 80
6 78
6 77
6 76
6 73
6 72
6 70
6 69
6 68
6 67
6 61
6 60
6 27
6 25
6 22
6 21
6 20
6 18
6 17
6 16
6 15
6 14
6 7
6 12
6 30
6 36
6 37
6 38
6 39
6 41
6 43
6 44
6 49
6 50
6 51
6 53
6 55
6 57
6 58
7 99
7 97
7 93
7 92
7 91
7 90
7 88
7 87
7 86
7 82
7 80
7 79
7 77
7 73
7 72
7 67
7 64
7 62
7 60
7 24
7 19
7 16
7 15
7 14
7 29
7 59
7 13
7 9
7 31
7 32
7 33
7 34
7 37
7 38
7 39
7 44
7 46
7 48
7 49
7 53
7 54
7 57
8 97
8 94
8 93
8 91
8 87
8 85
8 80
8 78
8 77
8 74
8 71
8 70
8 66
8 65
8 60
8 28
8 27
8 25
8 23
8 22
8 19
8 18
8 17
8 16
8 15
8 14
8 29
8 9
8 10
8 31
8 33
8 36
8 37
8 39
8 44
8 45
8 46
8 49
8 50
8 51
8 52
8 57
8 58
9 97
9 95
9 94
9 87
9 86
9 84
9 83
9 81
9 80
9 79
9 78
9 69
9 66
9 65
9 61
9 27
9 25
9 24
9 21
9 17
9 16
9 14
9 29
9 10
9 12
9 30
9 31
9 33
9 34
9 37
9 40
9 41
9 42
9 43
9 44
9 45
9 46
9 57
10 92
10 91
10 88
10 87
10 83
10 77
10 76
10 75
10 73
10 72
10 71
10 70
10 69
10 67
10 65
10 61
10 60
10 27
10 26
10 24
10 23
10 13
10 11
10 30
10 31
10 33
10 36
10 38
10 40
10 44
10 48
10 50
10 55
10 58
11 99
11 98
11 97
11 96
11 94
11 93
11 91
11 88
11 87
11 83
11 82
11 79
11 78
11 75
11 74
11 73
11 71
11 68
11 66
11 64
11 63
11 27
11 26
11 25
11 24
11 23
11 20
11 19
11 18
11 16
11 15
11 14
11 29
11 59
11 30
11 35
11 36
11 37
11 38
11 44
11 51
11 54
11 55
11 56
12 99
12 96
12 93
12 92
12 91
12 90
12 89
12 87
12 85
12 84
12 82
12 81
12 80
12 78
12 76
12 69
12 66
12 64
12 62
12 60
12 27
12 26
12 24
12 16
12 15
12 59
12 34
12 35
12 36
12 39
12 43
12 46
12 47
12 48
12 49
12 51
12 54
12 56
12 58
13 98
13 95
13 92
13 90
13 89
13 85
13 84
13 77
13 76
13 73
13 72
13 70
13 69
13 61
13 60
13 27
13 23
13 21
13 19
13 18
13 17
13 14
13 29
13 30
13 33
13 35
13 36
13 37
13 44
13 45
13 46
13 47
13 49
13 54
13 55
13 57
13 58
14 98
14 94
14 93
14 88
14 86
14 83
14 82
14 80
14 76
14 74
14 72
14 70
14 69
14 66
14 63
14 62
14 61
14 60
14 28
14 26
14 25
14 23
14 22
14 19
14 15
14 30
14 32
14 33
14 35
14 40
14 41
14 43
14 47
14 49
14 53
14 55
15 98
15 94
15 87
15 86
15 85
15 81
15 79
15 78
15 76
15 74
15 73
15 70
15 65
15 64
15 63
15 62
15 28
15 20
15 16
15 59
15 33
15 39
15 40
15 43
15 45
15 46
15 48
15 52
15 53
16 99
16 95
16 94
16 91
16 90
16 89
16 87
16 85
16 83
16 82
16 79
16 74
16 73
16 72
16 67
16 66
16 63
16 62
16 60
16 28
16 25
16 24
16 23
16 22
16 20
16 36
16 37
16 38
16 41
16 42
16 43
16 44
16 46
16 49
16 51
16 52
16 53
17 99
17 98
17 95
17 91
17 90
17 89
17 81
17 79
17 78
17 76
17 75
17 73
17 70
17 69
17 68
17 67
17 66
17 62
17 61
17 22
17 18
17 29
17 59
17 30
17 31
17 32
17 33
17 34
17 37
17 38
17 39
17 44
17 46
17 47
17 50
17 53
17 54
17 56
17 57
17 58
18 97
18 93
18 92
18 88
18 87
18 85
18 83
18 81
18 76
18 75
18 74
18 66
18 64
18 62
18 61
18 28
18 23
18 29
18 59
18 41
18 42
18 43
18 45
18 56
18 58
19 98
19 95
19 92
19 90
19 89
19 81
19 80
19 75
19 73
19 70
19 69
19 68
19 67
19 65
19 62
19 61
19 27
19 26
19 25
19 24
19 20
19 29
19 33
19 36
19 39
19 40
19 43
19 45
19 48
19 49
19 50
19 51
19 52
19 53
19 56
20 98
20 96
20 94
20 91
20 90
20 88
20 87
20 86
20 85
20 83
20 82
20 81
20 78
20 77
20 74
20 72
20 70
20 68
20 60
20 26
20 25
20 23
20 31
20 34
20 35
20 36
20 40
20 41
20 42
20 45
20 46
20 49
20 50
20 52
20 54
20 56
21 99
21 98
21 97
21 91
21 87
21 86
21 85
21 84
21 78
21 77
21 73
21 71
21 69
21 68
21 66
21 64
21 62
21 61
21 26
21 24
21 23
21 22
21 59
21 30
21 35
21 36
21 37
21 39
21 40
21 42
21 43
21 47
21 48
21 50
21 54
21 55
21 57
22 99
22 96
22 95
22 94
22 84
22 83
22 82
22 80
22 77
22 76
22 73
22 66
22 64
22 61
22 60
22 28
22 26
22 29
22 59
22 30
22 31
22 35
22 41
22 43
22 46
22 50
22 53
22 54
22 57
22 58
23 99
23 96
23 95
23 91
23 90
23 86
23 85
23 83
23 74
23 73
23 71
23 70
23 67
23 66
23 65
23 64
23 28
23 27
23 25
23 24
23 29
23 31
23 33
23 36
23 38
23 39
23 41
23 42
23 43
23 47
23 49
23 55
23 56
23 57
24 99
24 96
24 92
24 91
24 90
24 86
24 85
24 83
24 80
24 79
24 78
24 77
24 76
24 75
24 74
24 72
24 70
24 69
24 67
24 65
24 64
24 63
24 61
24 26
24 25
24 29
24 30
24 31
24 32
24 34
24 37
24 39
24 47
24 49
24 52
25 97
25 96
25 95
25 94
25 91
25 88
25 86
25 83
25 80
25 79
25 78
25 75
25 71
25 69
25 64
25 60
25 29
25 32
25 33
25 34
25 35
25 36
25 37
25 44
25 45
25 51
25 55
25 56
25 58
26 99
26 98
26 97
26 96
26 93
26 88
26 87
26 85
26 84
26 83
26 81
26 80
26 73
26 72
26 71
26 69
26 67
26 63
26 62
26 59
26 34
26 35
26 37
26 39
26 42
26 43
26 44
26 47
26 49
26 51
26 53
26 54
26 58
27 99
27 97
27 95
27 94
27 92
27 88
27 83
27 79
27 76
27 75
27 74
27 73
27 72
27 69
27 67
27 64
27 62
27 60
27 29
27 59
27 30
27 34
27 35
27 38
27 40
27 41
27 42
27 44
27 45
27 46
27 50
27 52
27 53
27 54
27 57
28 95
28 93
28 92
28 91
28 90
28 88
28 84
28 82
28 79
28 75
28 73
28 72
28 71
28 68
28 64
28 62
28 60
28 29
28 59
28 37
28 39
28 42
28 46
28 52
28 54
28 55
28 57
29 99
29 97
29 93
29 92
29 89
29 88
29 82
29 81
29 80
29 75
29 73
29 72
29 71
29 69
29 63
29 30
29 37
29 42
29 43
29 48
29 50
29 53
29 56
30 98
30 97
30 92
30 89
30 88
30 79
30 77
30 73
30 72
30 70
30 64
30 63
30 60
30 32
30 34
30 36
30 37
30 40
30 47
30 48
30 50
30 51
30 52
30 55
31 99
31 97
31 93
31 92
31 90
31 89
31 81
31 80
31 79
31 77
31 75
31 73
31 71
31 68
31 65
31 61
31 32
31 34
31 37
31 39
31 40
31 42
31 44
31 46
31 51
31 53
32 97
32 96
32 94
32 93
32 92
32 91
32 89
32 85
32 81
32 80
32 78
32 77
32 75
32 72
32 71
32 69
32 67
32 65
32 63
32 62
32 60
32 33
32 34
32 36
32 38
32 39
32 42
32 44
32 46
32 47
32 51
32 53
32 54
32 55
32 57
33 99
33 97
33 96
33 95
33 94
33 92
33 89
33 86
33 85
33 81
33 79
33 77
33 72
33 71
33 69
33 67
33 65
33 64
33 61
33 60
33 37
33 39
33 40
33 44
33 45
33 46
33 51
33 52
33 53
33 54
33 55
33 57
34 98
34 97
34 95
34 93
34 89
34 87
34 83
34 82
34 78
34 77
34 73
34 70
34 68
34 64
34 59
34 35
34 38
34 41
34 42
34 45
34 47
34 49
34 52
34 53
34 56
34 57
35 98
35 95
35 93
35 92
35 90
35 87
35 86
35 82
35 78
35 72
35 70
35 66
35 61
35 60
35 37
35 38
35 39
35 44
35 45
35 46
35 47
35 48
36 99
36 96
36 95
36 94
36 92
36 90
36 89
36 87
36 83
36 81
36 79
36 78
36 77
36 76
36 73
36 70
36 68
36 67
36 65
36 64
36 61
36 37
36 41
36 42
36 43
36 45
36 46
36 47
36 50
36 53
37 97
37 95
37 94
37 93
37 89
37 88
37 83
37 81
37 65
37 64
37 63
37 61
37 38
37 40
37 45
37 46
37 47
37 51
37 57
37 58
38 99
38 98
38 95
38 94
38 91
38 90
38 89
38 85
38 83
38 81
38 80
38 76
38 75
38 71
38 70
38 67
38 62
38 60
38 39
38 41
38 42
38 43
38 44
38 46
38 49
38 51
38 54
38 55
39 99
39 97
39 95
39 94
39 92
39 91
39 89
39 84
39 78
39 76
39 75
39 68
39 67
39 61
39 43
39 44
39 46
39 47
39 48
39 49
39 50
39 51
39 52
40 98
40 96
40 95
40 94
40 89
40 86
40 84
40 81
40 78
40 71
40 70
40 65
40 62
40 59
40 42
40 44
40 45
40 46
40 49
40 53
40 58
41 98
41 97
41 93
41 92
41 90
41 88
41 83
41 76
41 70
41 68
41 66
41 65
41 64
41 63
41 61
41 59
41 42
41 43
41 45
41 48
41 51
41 52
41 57
41 58
42 99
42 95
42 94
42 93
42 92
42 88
42 87
42 84
42 81
42 78
42 76
42 73
42 70
42 69
42 67
42 63
42 62
42 60
42 43
42 44
42 46
42 50
42 52
42 55
42 56
42 57
43 98
43 96
43 95
43 94
43 93
43 91
43 88
43 86
43 85
43 83
43 82
43 80
43 79
43 78
43 75
43 69
43 65
43 61
43 59
43 44
43 45
43 49
43 50
43 51
43 53
43 57
43 58
44 96
44 95
44 94
44 89
44 88
44 87
44 85
44 83
44 82
44 81
44 74
44 71
44 70
44 68
44 66
44 65
44 64
44 63
44 62
44 61
44 60
44 49
44 51
44 53
44 55
44 57
44 58
45 91
45 89
45 88
45 85
45 78
45 74
45 73
45 70
45 68
45 67
45 61
45 59
45 46
45 47
45 48
45 49
45 50
45 53
45 55
45 56
45 58
46 98
46 96
46 95
46 90
46 88
46 87
46 86
46 85
46 84
46 81
46 77
46 76
46 75
46 74
46 72
46 71
46 69
46 63
46 62
46 61
46 59
46 47
46 48
46 52
46 56
46 57
47 99
47 98
47 96
47 94
47 91
47 89
47 86
47 81
47 80
47 79
47 78
47 74
47 72
47 67
47 66
47 64
47 61
47 60
47 59
47 49
47 52
47 54
48 99
48 93
48 92
48 90
48 88
48 84
48 83
48 82
48 80
48 77
48 71
48 70
48 69
48 68
48 67
48 66
48 65
48 63
48 62
48 60
48 49
48 50
48 54
48 55
48 56
49 99
49 98
49 94
49 93
49 90
49 89
49 88
49 87
49 85
49 84
49 83
49 80
49 77
49 76
49 72
49 64
49 63
49 62
49 61
49 60
49 59
49 51
49 53
49 56
50 98
50 97
50 95
50 82
50 79
50 78
50 76
50 75
50 74
50 70
50 68
50 66
50 65
50 62
50 61
50 60
50 59
50 55
51 95
51 94
51 93
51 92
51 88
51 86
51 84
51 78
51 77
51 76
51 73
51 72
51 71
51 67
51 65
51 64
51 63
51 62
51 52
51 54
52 99
52 90
52 87
52 83
52 81
52 79
52 71
52 67
52 65
52 63
52 62
52 60
52 56
52 57
52 58
53 99
53 98
53 95
53 91
53 85
53 84
53 83
53 82
53 78
53 72
53 70
53 69
53 66
53 63
53 60
53 59
53 56
53 57
54 95
54 94
54 93
54 92
54 91
54 88
54 85
54 80
54 79
54 78
54 77
54 75
54 73
54 72
54 71
54 70
54 68
54 67
54 66
54 65
54 62
54 60
54 55
54 56
54 57
55 99
55 98
55 94
55 93
55 92
55 91
55 87
55 86
55 85
55 79
55 77
55 76
55 68
55 66
55 64
55 62
55 57
56 99
56 98
56 97
56 96
56 95
56 93
56 88
56 84
56 79
56 78
56 76
56 75
56 74
56 73
56 69
56 68
56 67
56 65
56 64
56 63
56 57
57 95
57 91
57 80
57 78
57 75
57 74
57 73
57 72
57 71
57 70
57 66
58 99
58 98
58 96
58 93
58 85
58 84
58 83
58 79
58 73
58 69
58 68
58 67
58 65
58 61
59 98
59 95
59 94
59 91
59 87
59 86
59 80
59 76
59 73
59 72
59 69
59 67
59 66
59 65
59 63
59 62
59 60
60 96
60 94
60 93
60 92
60 88
60 86
60 85
60 84
60 82
60 79
60 77
60 76
60 75
60 73
60 71
60 69
60 68
60 66
60 65
60 63
60 61
61 97
61 96
61 95
61 93
61 92
61 88
61 87
61 86
61 85
61 83
61 78
61 77
61 75
61 74
61 72
61 70
61 69
61 68
61 64
62 99
62 96
62 95
62 92
62 90
62 87
62 86
62 85
62 83
62 82
62 79
62 75
62 71
62 70
62 65
62 64
62 63
63 97
63 95
63 91
63 88
63 85
63 82
63 81
63 80
63 79
63 75
63 74
63 72
63 70
63 68
63 67
63 66
64 99
64 94
64 93
64 90
64 88
64 87
64 85
64 84
64 82
64 81
64 79
64 77
64 75
64 74
64 73
64 72
64 69
64 68
65 99
65 98
65 96
65 95
65 94
65 83
65 82
65 78
65 77
65 76
65 75
65 72
65 71
65 69
65 67
65 66
66 98
66 93
66 91
66 87
66 86
66 85
66 84
66 80
66 79
66 77
67 99
67 97
67 92
67 91
67 90
67 88
67 85
67 83
67 80
67 75
67 74
67 72
68 99
68 96
68 93
68 87
68 85
68 75
68 74
69 99
69 96
69 95
69 94
69 92
69 90
69 88
69 86
69 85
69 84
69 83
69 82
69 80
69 76
69 75
69 74
70 98
70 97
70 94
70 89
70 84
70 81
70 80
70 75
70 74
70 71
71 98
71 97
71 96
71 93
71 92
71 91
71 90
71 87
71 83
71 79
71 77
71 75
72 98
72 97
72 96
72 95
72 94
72 92
72 89
72 86
72 84
72 83
72 81
72 79
72 77
72 75
72 74
73 96
73 93
73 92
73 88
73 86
73 76
73 74
74 99
74 97
74 92
74 91
74 89
74 85
74 84
74 80
74 79
74 78
74 76
75 99
75 98
75 97
75 94
75 93
75 91
75 90
75 88
75 87
75 86
75 83
75 80
75 79
75 78
76 98
76 97
76 95
76 94
76 90
76 89
76 88
76 87
76 85
76 84
76 82
76 80
76 79
76 78
76 77
77 97
77 92
77 91
77 89
77 85
77 84
77 83
77 81
78 98
78 96
78 92
78 89
78 88
78 87
78 86
78 84
78 83
78 82
79 97
79 96
79 94
79 93
79 92
79 91
79 88
79 87
79 86
79 83
79 82
80 98
80 97
80 95
80 94
80 91
80 89
80 87
80 85
80 82
80 81
81 99
81 96
81 92
81 91
81 87
81 86
81 85
81 82
82 98
82 95
82 94
82 93
82 91
82 90
82 89
82 88
82 86
82 85
82 83
83 98
83 93
83 92
83 89
83 88
84 99
84 98
84 97
84 87
85 97
85 96
85 94
85 91
85 90
85 89
85 88
86 97
86 95
86 92
86 90
86 88
87 97
87 95
87 94
87 92
88 97
88 93
89 97
89 96
89 95
89 92
89 90
90 99
91 99
91 96
91 95
92 96
92 93
93 98
93 97
93 96
93 95
94 98
94 96
94 95
95 97
95 96
97 99
97 98