Loading graph from files:
    
    clique_150.txt
  ...graph loaded. It has 150 nodes and 11175 edges, 0 of which are self-loops.

The original graph has log2_aut = 872.86
Running for 150 iterations per trial...
Trial 0 for (noise-, noise+) = (0.55718, -nan)


Adding: 

Removing: (0, 7), (0, 8), (0, 9), (0, 11), (0, 14), (0, 15), (0, 17), (0, 18), (0, 19), (0, 21), (0, 24), (0, 27), (0, 33), (0, 36), (0, 37), (0, 38), (0, 42), (0, 43), (0, 45), (0, 46), (0, 47), (0, 48), (0, 52), (0, 53), (0, 54), (0, 56), (0, 57), (0, 58), (0, 60), (0, 61), (0, 63), (0, 66), (0, 72), (0, 73), (0, 75), (0, 77), (0, 78), (0, 79), (0, 81), (0, 84), (0, 85), (0, 86), (0, 87), (0, 88), (0, 89), (0, 91), (0, 93), (0, 94), (0, 95), (0, 96), (0, 97), (0, 98), (0, 99), (0, 100), (0, 101), (0, 107), (0, 109), (0, 110), (0, 111), (0, 112), (0, 113), (0, 114), (0, 116), (0, 120), (0, 123), (0, 124), (0, 126), (0, 129), (0, 131), (0, 132), (0, 135), (0, 136), (0, 137), (0, 138), (0, 140), (0, 141), (0, 143), (0, 144), (0, 145), (0, 146), (0, 147), (0, 148), (1, 3), (1, 4), (1, 9), (1, 11), (1, 13), (1, 14), (1, 15), (1, 16), (1, 17), (1, 19), (1, 20), (1, 22), (1, 25), (1, 26), (1, 27), (1, 28), (1, 30), (1, 31), (1, 33), (1, 34), (1, 35), (1, 37), (1, 40), (1, 42), (1, 46), (1, 48), (1, 50), (1, 53), (1, 54), (1, 55), (1, 60), (1, 63), (1, 64), (1, 65), (1, 66), (1, 67), (1, 68), (1, 70), (1, 73), (1, 74), (1, 75), (1, 76), (1, 77), (1, 78), (1, 81), (1, 85), (1, 86), (1, 89), (1, 90), (1, 91), (1, 92), (1, 93), (1, 94), (1, 95), (1, 97), (1, 98), (1, 99), (1, 100), (1, 101), (1, 102), (1, 103), (1, 106), (1, 107), (1, 111), (1, 114), (1, 117), (1, 118), (1, 120), (1, 123), (1, 124), (1, 126), (1, 128), (1, 129), (1, 130), (1, 134), (1, 135), (1, 136), (1, 137), (1, 138), (1, 140), (1, 141), (1, 142), (1, 143), (1, 144), (1, 147), (1, 148), (1, 149), (2, 4), (2, 5), (2, 6), (2, 8), (2, 9), (2, 10), (2, 11), (2, 16), (2, 18), (2, 21), (2, 22), (2, 23), (2, 24), (2, 28), (2, 30), (2, 31), (2, 34), (2, 36), (2, 38), (2, 39), (2, 42), (2, 44), (2, 45), (2, 46), (2, 54), (2, 55), (2, 57), (2, 58), (2, 59), (2, 60), (2, 64), (2, 67), (2, 68), (2, 69), (2, 70), (2, 71), (2, 73), (2, 74), (2, 76), (2, 79), (2, 81), (2, 83), (2, 85), (2, 86), (2, 87), (2, 90), (2, 97), (2, 98), (2, 100), (2, 101), (2, 102), (2, 103), (2, 104), (2, 106), (2, 109), (2, 111), (2, 113), (2, 114), (2, 115), (2, 118), (2, 119), (2, 120), (2, 123), (2, 128), (2, 131), (2, 132), (2, 135), (2, 136), (2, 137), (2, 138), (2, 141), (2, 146), (2, 147), (3, 5), (3, 6), (3, 7), (3, 8), (3, 9), (3, 10), (3, 11), (3, 12), (3, 13), (3, 17), (3, 20), (3, 21), (3, 22), (3, 26), (3, 28), (3, 30), (3, 31), (3, 32), (3, 35), (3, 39), (3, 40), (3, 45), (3, 46), (3, 47), (3, 49), (3, 50), (3, 52), (3, 53), (3, 54), (3, 55), (3, 57), (3, 58), (3, 59), (3, 61), (3, 75), (3, 79), (3, 80), (3, 81), (3, 82), (3, 84), (3, 85), (3, 88), (3, 91), (3, 93), (3, 96), (3, 99), (3, 100), (3, 103), (3, 108), (3, 109), (3, 111), (3, 112), (3, 113), (3, 116), (3, 118), (3, 120), (3, 121), (3, 124), (3, 126), (3, 128), (3, 130), (3, 138), (3, 140), (3, 142), (3, 146), (3, 147), (3, 149), (4, 5), (4, 7), (4, 9), (4, 12), (4, 13), (4, 14), (4, 16), (4, 18), (4, 23), (4, 24), (4, 25), (4, 26), (4, 29), (4, 33), (4, 34), (4, 41), (4, 42), (4, 44), (4, 45), (4, 46), (4, 47), (4, 50), (4, 51), (4, 52), (4, 56), (4, 57), (4, 59), (4, 61), (4, 63), (4, 67), (4, 68), (4, 69), (4, 71), (4, 72), (4, 78), (4, 79), (4, 81), (4, 82), (4, 85), (4, 86), (4, 87), (4, 90), (4, 93), (4, 95), (4, 96), (4, 97), (4, 98), (4, 99), (4, 101), (4, 102), (4, 103), (4, 104), (4, 105), (4, 106), (4, 108), (4, 109), (4, 111), (4, 116), (4, 117), (4, 119), (4, 123), (4, 124), (4, 125), (4, 126), (4, 129), (4, 130), (4, 134), (4, 138), (4, 139), (4, 140), (4, 141), (4, 142), (4, 144), (4, 145), (4, 146), (4, 147), (4, 148), (4, 149), (5, 6), (5, 7), (5, 9), (5, 11), (5, 13), (5, 14), (5, 15), (5, 16), (5, 20), (5, 21), (5, 22), (5, 24), (5, 25), (5, 26), (5, 29), (5, 31), (5, 32), (5, 33), (5, 35), (5, 39), (5, 41), (5, 42), (5, 43), (5, 47), (5, 49), (5, 52), (5, 53), (5, 54), (5, 57), (5, 58), (5, 59), (5, 64), (5, 67), (5, 69), (5, 70), (5, 72), (5, 75), (5, 76), (5, 77), (5, 79), (5, 81), (5, 82), (5, 84), (5, 85), (5, 86), (5, 87), (5, 89), (5, 90), (5, 91), (5, 96), (5, 97), (5, 99), (5, 100), (5, 102), (5, 105), (5, 106), (5, 107), (5, 108), (5, 109), (5, 110), (5, 117), (5, 120), (5, 121), (5, 123), (5, 124), (5, 125), (5, 126), (5, 130), (5, 131), (5, 132), (5, 133), (5, 135), (5, 136), (5, 137), (5, 138), (5, 139), (5, 141), (5, 143), (5, 145), (5, 146), (5, 148), (6, 8), (6, 11), (6, 12), (6, 13), (6, 14), (6, 15), (6, 16), (6, 19), (6, 21), (6, 22), (6, 23), (6, 24), (6, 26), (6, 27), (6, 28), (6, 31), (6, 33), (6, 37), (6, 38), (6, 39), (6, 40), (6, 41), (6, 43), (6, 44), (6, 47), (6, 48), (6, 50), (6, 51), (6, 52), (6, 54), (6, 55), (6, 56), (6, 58), (6, 60), (6, 61), (6, 62), (6, 63), (6, 67), (6, 68), (6, 70), (6, 72), (6, 73), (6, 74), (6, 76), (6, 83), (6, 85), (6, 88), (6, 90), (6, 91), (6, 92), (6, 93), (6, 96), (6, 98), (6, 99), (6, 100), (6, 101), (6, 102), (6, 103), (6, 105), (6, 107), (6, 108), (6, 109), (6, 110), (6, 114), (6, 115), (6, 118), (6, 120), (6, 121), (6, 122), (6, 125), (6, 126), (6, 129), (6, 132), (6, 133), (6, 134), (6, 135), (6, 137), (6, 139), (6, 140), (6, 142), (6, 143), (6, 144), (6, 145), (6, 146), (6, 149), (7, 8), (7, 9), (7, 11), (7, 13), (7, 14), (7, 15), (7, 16), (7, 17), (7, 18), (7, 19), (7, 21), (7, 23), (7, 25), (7, 26), (7, 27), (7, 28), (7, 30), (7, 31), (7, 32), (7, 33), (7, 35), (7, 37), (7, 39), (7, 40), (7, 41), (7, 43), (7, 44), (7, 45), (7, 46), (7, 47), (7, 48), (7, 49), (7, 50), (7, 52), (7, 54), (7, 55), (7, 58), (7, 67), (7, 68), (7, 69), (7, 70), (7, 72), (7, 76), (7, 80), (7, 83), (7, 87), (7, 88), (7, 92), (7, 93), (7, 95), (7, 97), (7, 103), (7, 104), (7, 107), (7, 108), (7, 111), (7, 112), (7, 113), (7, 115), (7, 116), (7, 118), (7, 119), (7, 120), (7, 122), (7, 123), (7, 128), (7, 129), (7, 133), (7, 135), (7, 136), (7, 137), (7, 139), (7, 141), (7, 142), (7, 143), (7, 144), (7, 146), (7, 147), (7, 148), (7, 149), (8, 10), (8, 12), (8, 13), (8, 14), (8, 18), (8, 19), (8, 20), (8, 22), (8, 24), (8, 25), (8, 27), (8, 29), (8, 30), (8, 32), (8, 33), (8, 37), (8, 40), (8, 41), (8, 44), (8, 46), (8, 47), (8, 49), (8, 52), (8, 53), (8, 63), (8, 65), (8, 66), (8, 67), (8, 69), (8, 73), (8, 75), (8, 76), (8, 77), (8, 78), (8, 80), (8, 82), (8, 84), (8, 87), (8, 88), (8, 89), (8, 90), (8, 91), (8, 93), (8, 94), (8, 96), (8, 98), (8, 99), (8, 100), (8, 101), (8, 102), (8, 104), (8, 105), (8, 106), (8, 108), (8, 111), (8, 112), (8, 113), (8, 115), (8, 122), (8, 126), (8, 128), (8, 129), (8, 131), (8, 133), (8, 135), (8, 138), (8, 139), (8, 140), (8, 141), (8, 142), (8, 143), (8, 144), (8, 146), (8, 147), (8, 149), (9, 12), (9, 18), (9, 19), (9, 20), (9, 21), (9, 22), (9, 23), (9, 24), (9, 28), (9, 29), (9, 30), (9, 31), (9, 32), (9, 35), (9, 36), (9, 37), (9, 40), (9, 43), (9, 45), (9, 46), (9, 52), (9, 54), (9, 55), (9, 56), (9, 57), (9, 58), (9, 61), (9, 67), (9, 68), (9, 70), (9, 71), (9, 72), (9, 73), (9, 74), (9, 75), (9, 76), (9, 77), (9, 78), (9, 80), (9, 82), (9, 85), (9, 87), (9, 88), (9, 91), (9, 93), (9, 94), (9, 95), (9, 98), (9, 99), (9, 100), (9, 101), (9, 103), (9, 104), (9, 105), (9, 106), (9, 108), (9, 109), (9, 112), (9, 113), (9, 114), (9, 116), (9, 117), (9, 120), (9, 121), (9, 123), (9, 124), (9, 125), (9, 126), (9, 127), (9, 128), (9, 130), (9, 131), (9, 133), (9, 135), (9, 136), (9, 137), (9, 138), (9, 141), (9, 142), (9, 143), (9, 145), (9, 146), (9, 147), (9, 148), (10, 11), (10, 12), (10, 14), (10, 15), (10, 16), (10, 17), (10, 18), (10, 19), (10, 20), (10, 21), (10, 22), (10, 23), (10, 24), (10, 26), (10, 27), (10, 28), (10, 29), (10, 31), (10, 33), (10, 34), (10, 35), (10, 39), (10, 40), (10, 41), (10, 42), (10, 43), (10, 50), (10, 52), (10, 53), (10, 54), (10, 56), (10, 57), (10, 58), (10, 60), (10, 63), (10, 65), (10, 68), (10, 69), (10, 71), (10, 72), (10, 77), (10, 78), (10, 80), (10, 81), (10, 82), (10, 83), (10, 84), (10, 86), (10, 87), (10, 88), (10, 89), (10, 90), (10, 91), (10, 94), (10, 95), (10, 96), (10, 99), (10, 100), (10, 101), (10, 104), (10, 105), (10, 108), (10, 109), (10, 112), (10, 116), (10, 117), (10, 118), (10, 119), (10, 120), (10, 122), (10, 127), (10, 135), (10, 136), (10, 137), (10, 140), (10, 146), (10, 147), (10, 148), (10, 149), (11, 12), (11, 13), (11, 15), (11, 16), (11, 17), (11, 23), (11, 24), (11, 25), (11, 29), (11, 34), (11, 36), (11, 37), (11, 38), (11, 40), (11, 41), (11, 44), (11, 45), (11, 46), (11, 47), (11, 48), (11, 52), (11, 55), (11, 56), (11, 57), (11, 58), (11, 59), (11, 60), (11, 61), (11, 63), (11, 64), (11, 65), (11, 66), (11, 67), (11, 68), (11, 69), (11, 70), (11, 71), (11, 72), (11, 76), (11, 79), (11, 80), (11, 82), (11, 83), (11, 85), (11, 87), (11, 88), (11, 91), (11, 93), (11, 94), (11, 95), (11, 98), (11, 99), (11, 100), (11, 101), (11, 103), (11, 105), (11, 106), (11, 108), (11, 109), (11, 111), (11, 112), (11, 113), (11, 114), (11, 115), (11, 116), (11, 117), (11, 118), (11, 119), (11, 121), (11, 124), (11, 127), (11, 130), (11, 133), (11, 137), (11, 138), (11, 140), (11, 144), (11, 145), (11, 146), (12, 14), (12, 20), (12, 22), (12, 25), (12, 30), (12, 31), (12, 33), (12, 34), (12, 36), (12, 37), (12, 38), (12, 40), (12, 42), (12, 44), (12, 45), (12, 46), (12, 47), (12, 48), (12, 50), (12, 52), (12, 53), (12, 54), (12, 58), (12, 59), (12, 60), (12, 63), (12, 64), (12, 67), (12, 70), (12, 72), (12, 73), (12, 75), (12, 77), (12, 79), (12, 83), (12, 84), (12, 85), (12, 86), (12, 88), (12, 89), (12, 90), (12, 91), (12, 93), (12, 94), (12, 96), (12, 97), (12, 98), (12, 99), (12, 100), (12, 101), (12, 102), (12, 104), (12, 105), (12, 110), (12, 111), (12, 113), (12, 114), (12, 118), (12, 120), (12, 122), (12, 123), (12, 124), (12, 125), (12, 126), (12, 127), (12, 128), (12, 129), (12, 132), (12, 133), (12, 134), (12, 135), (12, 136), (12, 137), (12, 138), (12, 142), (12, 146), (12, 148), (12, 149), (13, 14), (13, 16), (13, 17), (13, 18), (13, 21), (13, 22), (13, 23), (13, 24), (13, 28), (13, 29), (13, 31), (13, 33), (13, 34), (13, 37), (13, 39), (13, 40), (13, 41), (13, 43), (13, 44), (13, 46), (13, 47), (13, 48), (13, 53), (13, 55), (13, 56), (13, 58), (13, 59), (13, 61), (13, 62), (13, 63), (13, 64), (13, 65), (13, 67), (13, 69), (13, 70), (13, 71), (13, 72), (13, 73), (13, 75), (13, 78), (13, 79), (13, 81), (13, 82), (13, 84), (13, 86), (13, 90), (13, 91), (13, 92), (13, 94), (13, 97), (13, 98), (13, 100), (13, 103), (13, 107), (13, 109), (13, 110), (13, 114), (13, 116), (13, 117), (13, 119), (13, 120), (13, 121), (13, 122), (13, 130), (13, 132), (13, 138), (13, 139), (13, 143), (13, 144), (13, 145), (13, 146), (13, 147), (13, 148), (14, 15), (14, 16), (14, 18), (14, 21), (14, 23), (14, 24), (14, 25), (14, 26), (14, 27), (14, 28), (14, 29), (14, 33), (14, 35), (14, 37), (14, 38), (14, 39), (14, 40), (14, 42), (14, 43), (14, 45), (14, 46), (14, 47), (14, 50), (14, 52), (14, 56), (14, 57), (14, 59), (14, 61), (14, 63), (14, 65), (14, 66), (14, 68), (14, 69), (14, 70), (14, 72), (14, 74), (14, 76), (14, 77), (14, 78), (14, 81), (14, 83), (14, 85), (14, 89), (14, 90), (14, 93), (14, 94), (14, 95), (14, 96), (14, 98), (14, 101), (14, 106), (14, 108), (14, 109), (14, 112), (14, 113), (14, 116), (14, 119), (14, 121), (14, 122), (14, 124), (14, 125), (14, 126), (14, 127), (14, 128), (14, 129), (14, 130), (14, 132), (14, 133), (14, 134), (14, 140), (14, 142), (14, 143), (14, 148), (15, 18), (15, 19), (15, 20), (15, 21), (15, 22), (15, 23), (15, 24), (15, 25), (15, 26), (15, 27), (15, 28), (15, 29), (15, 30), (15, 31), (15, 32), (15, 36), (15, 37), (15, 38), (15, 39), (15, 42), (15, 43), (15, 44), (15, 45), (15, 46), (15, 48), (15, 50), (15, 53), (15, 54), (15, 57), (15, 59), (15, 62), (15, 64), (15, 65), (15, 66), (15, 67), (15, 68), (15, 70), (15, 71), (15, 72), (15, 73), (15, 76), (15, 78), (15, 79), (15, 82), (15, 83), (15, 84), (15, 85), (15, 90), (15, 92), (15, 93), (15, 94), (15, 95), (15, 96), (15, 97), (15, 99), (15, 100), (15, 103), (15, 104), (15, 108), (15, 109), (15, 111), (15, 112), (15, 113), (15, 114), (15, 115), (15, 117), (15, 120), (15, 121), (15, 122), (15, 123), (15, 124), (15, 126), (15, 130), (15, 137), (15, 139), (15, 141), (15, 143), (15, 145), (15, 146), (15, 147), (16, 17), (16, 18), (16, 19), (16, 23), (16, 25), (16, 29), (16, 30), (16, 32), (16, 34), (16, 39), (16, 43), (16, 44), (16, 47), (16, 48), (16, 49), (16, 51), (16, 52), (16, 54), (16, 56), (16, 57), (16, 61), (16, 62), (16, 63), (16, 65), (16, 73), (16, 75), (16, 78), (16, 79), (16, 80), (16, 81), (16, 82), (16, 83), (16, 85), (16, 87), (16, 88), (16, 91), (16, 93), (16, 96), (16, 97), (16, 98), (16, 101), (16, 103), (16, 104), (16, 105), (16, 107), (16, 109), (16, 111), (16, 114), (16, 116), (16, 118), (16, 124), (16, 126), (16, 128), (16, 129), (16, 130), (16, 135), (16, 136), (16, 139), (16, 140), (16, 142), (16, 143), (16, 144), (16, 147), (16, 148), (17, 18), (17, 19), (17, 23), (17, 26), (17, 27), (17, 28), (17, 29), (17, 30), (17, 37), (17, 38), (17, 41), (17, 42), (17, 44), (17, 45), (17, 46), (17, 47), (17, 49), (17, 55), (17, 56), (17, 62), (17, 65), (17, 66), (17, 67), (17, 69), (17, 71), (17, 72), (17, 75), (17, 76), (17, 77), (17, 80), (17, 81), (17, 82), (17, 86), (17, 87), (17, 89), (17, 90), (17, 92), (17, 93), (17, 96), (17, 99), (17, 100), (17, 101), (17, 105), (17, 109), (17, 110), (17, 111), (17, 114), (17, 115), (17, 117), (17, 118), (17, 119), (17, 121), (17, 123), (17, 124), (17, 125), (17, 126), (17, 128), (17, 129), (17, 130), (17, 131), (17, 132), (17, 133), (17, 134), (17, 136), (17, 140), (17, 141), (17, 142), (17, 143), (17, 145), (17, 149), (18, 19), (18, 20), (18, 22), (18, 23), (18, 24), (18, 27), (18, 30), (18, 34), (18, 35), (18, 36), (18, 37), (18, 41), (18, 43), (18, 44), (18, 45), (18, 48), (18, 49), (18, 52), (18, 54), (18, 56), (18, 58), (18, 59), (18, 60), (18, 63), (18, 64), (18, 66), (18, 67), (18, 68), (18, 71), (18, 72), (18, 73), (18, 74), (18, 77), (18, 81), (18, 82), (18, 84), (18, 87), (18, 89), (18, 90), (18, 91), (18, 92), (18, 93), (18, 94), (18, 96), (18, 97), (18, 99), (18, 103), (18, 104), (18, 105), (18, 106), (18, 107), (18, 108), (18, 109), (18, 110), (18, 111), (18, 112), (18, 115), (18, 118), (18, 119), (18, 121), (18, 122), (18, 125), (18, 126), (18, 127), (18, 129), (18, 130), (18, 131), (18, 132), (18, 133), (18, 134), (18, 138), (18, 144), (18, 145), (18, 146), (18, 148), (18, 149), (19, 21), (19, 22), (19, 26), (19, 27), (19, 28), (19, 29), (19, 30), (19, 31), (19, 33), (19, 34), (19, 35), (19, 36), (19, 39), (19, 41), (19, 42), (19, 46), (19, 47), (19, 49), (19, 52), (19, 56), (19, 57), (19, 60), (19, 61), (19, 62), (19, 63), (19, 64), (19, 65), (19, 66), (19, 69), (19, 70), (19, 74), (19, 75), (19, 76), (19, 80), (19, 81), (19, 83), (19, 86), (19, 88), (19, 89), (19, 90), (19, 92), (19, 93), (19, 95), (19, 96), (19, 97), (19, 98), (19, 100), (19, 101), (19, 103), (19, 104), (19, 105), (19, 106), (19, 108), (19, 109), (19, 111), (19, 112), (19, 116), (19, 117), (19, 119), (19, 122), (19, 123), (19, 125), (19, 127), (19, 128), (19, 129), (19, 130), (19, 135), (19, 137), (19, 138), (19, 139), (19, 141), (19, 142), (19, 143), (19, 144), (19, 145), (19, 146), (19, 147), (19, 148), (19, 149), (20, 21), (20, 25), (20, 26), (20, 27), (20, 32), (20, 33), (20, 37), (20, 38), (20, 40), (20, 41), (20, 42), (20, 43), (20, 44), (20, 45), (20, 46), (20, 50), (20, 51), (20, 52), (20, 55), (20, 56), (20, 57), (20, 61), (20, 62), (20, 64), (20, 65), (20, 66), (20, 68), (20, 72), (20, 74), (20, 75), (20, 77), (20, 80), (20, 81), (20, 84), (20, 87), (20, 89), (20, 90), (20, 91), (20, 92), (20, 93), (20, 94), (20, 95), (20, 96), (20, 99), (20, 100), (20, 101), (20, 104), (20, 105), (20, 111), (20, 112), (20, 114), (20, 115), (20, 116), (20, 118), (20, 119), (20, 123), (20, 127), (20, 131), (20, 134), (20, 136), (20, 139), (20, 141), (20, 142), (21, 22), (21, 23), (21, 26), (21, 27), (21, 28), (21, 29), (21, 30), (21, 31), (21, 33), (21, 36), (21, 38), (21, 39), (21, 42), (21, 43), (21, 44), (21, 45), (21, 49), (21, 50), (21, 51), (21, 52), (21, 53), (21, 54), (21, 56), (21, 59), (21, 61), (21, 62), (21, 63), (21, 64), (21, 66), (21, 69), (21, 70), (21, 71), (21, 72), (21, 74), (21, 79), (21, 82), (21, 83), (21, 84), (21, 90), (21, 91), (21, 92), (21, 94), (21, 97), (21, 99), (21, 100), (21, 103), (21, 105), (21, 106), (21, 108), (21, 109), (21, 112), (21, 115), (21, 117), (21, 118), (21, 122), (21, 125), (21, 126), (21, 130), (21, 133), (21, 135), (21, 137), (21, 139), (21, 141), (21, 143), (21, 144), (21, 145), (21, 148), (21, 149), (22, 23), (22, 24), (22, 25), (22, 27), (22, 30), (22, 31), (22, 33), (22, 40), (22, 41), (22, 43), (22, 44), (22, 45), (22, 46), (22, 48), (22, 49), (22, 50), (22, 52), (22, 53), (22, 54), (22, 55), (22, 56), (22, 57), (22, 61), (22, 72), (22, 73), (22, 76), (22, 77), (22, 78), (22, 79), (22, 80), (22, 81), (22, 83), (22, 86), (22, 87), (22, 89), (22, 90), (22, 92), (22, 93), (22, 94), (22, 96), (22, 97), (22, 101), (22, 103), (22, 105), (22, 106), (22, 109), (22, 110), (22, 112), (22, 113), (22, 115), (22, 116), (22, 118), (22, 120), (22, 121), (22, 122), (22, 123), (22, 125), (22, 128), (22, 129), (22, 132), (22, 133), (22, 136), (22, 140), (22, 141), (22, 144), (22, 146), (22, 147), (22, 148), (22, 149), (23, 26), (23, 27), (23, 29), (23, 30), (23, 33), (23, 36), (23, 38), (23, 39), (23, 40), (23, 42), (23, 43), (23, 46), (23, 47), (23, 49), (23, 50), (23, 51), (23, 53), (23, 54), (23, 55), (23, 58), (23, 59), (23, 61), (23, 62), (23, 63), (23, 64), (23, 66), (23, 67), (23, 70), (23, 71), (23, 74), (23, 79), (23, 82), (23, 85), (23, 88), (23, 93), (23, 95), (23, 97), (23, 98), (23, 100), (23, 102), (23, 105), (23, 107), (23, 115), (23, 117), (23, 123), (23, 128), (23, 129), (23, 130), (23, 133), (23, 135), (23, 136), (23, 137), (23, 138), (23, 140), (23, 141), (23, 142), (23, 143), (23, 147), (23, 148), (23, 149), (24, 27), (24, 30), (24, 32), (24, 34), (24, 37), (24, 39), (24, 42), (24, 43), (24, 47), (24, 48), (24, 51), (24, 52), (24, 56), (24, 57), (24, 62), (24, 65), (24, 67), (24, 69), (24, 71), (24, 72), (24, 74), (24, 78), (24, 79), (24, 80), (24, 82), (24, 83), (24, 84), (24, 85), (24, 87), (24, 88), (24, 89), (24, 92), (24, 93), (24, 96), (24, 98), (24, 100), (24, 103), (24, 104), (24, 106), (24, 107), (24, 110), (24, 111), (24, 112), (24, 113), (24, 114), (24, 115), (24, 118), (24, 119), (24, 120), (24, 123), (24, 124), (24, 125), (24, 126), (24, 128), (24, 129), (24, 133), (24, 134), (24, 136), (24, 137), (24, 138), (24, 139), (24, 141), (24, 142), (24, 143), (24, 144), (24, 145), (24, 147), (25, 28), (25, 29), (25, 30), (25, 31), (25, 32), (25, 33), (25, 34), (25, 35), (25, 36), (25, 37), (25, 38), (25, 41), (25, 43), (25, 44), (25, 45), (25, 49), (25, 50), (25, 52), (25, 53), (25, 54), (25, 55), (25, 56), (25, 58), (25, 59), (25, 61), (25, 62), (25, 65), (25, 66), (25, 67), (25, 68), (25, 70), (25, 74), (25, 75), (25, 76), (25, 77), (25, 79), (25, 84), (25, 85), (25, 87), (25, 88), (25, 89), (25, 90), (25, 91), (25, 96), (25, 99), (25, 100), (25, 101), (25, 103), (25, 107), (25, 110), (25, 112), (25, 115), (25, 116), (25, 118), (25, 123), (25, 124), (25, 126), (25, 129), (25, 132), (25, 134), (25, 135), (25, 137), (25, 139), (25, 146), (25, 147), (26, 27), (26, 28), (26, 29), (26, 34), (26, 35), (26, 37), (26, 40), (26, 42), (26, 43), (26, 44), (26, 45), (26, 48), (26, 52), (26, 53), (26, 54), (26, 55), (26, 57), (26, 58), (26, 61), (26, 62), (26, 63), (26, 64), (26, 65), (26, 66), (26, 67), (26, 68), (26, 69), (26, 72), (26, 73), (26, 74), (26, 75), (26, 78), (26, 82), (26, 83), (26, 84), (26, 85), (26, 86), (26, 87), (26, 88), (26, 90), (26, 92), (26, 94), (26, 96), (26, 101), (26, 102), (26, 103), (26, 105), (26, 107), (26, 110), (26, 111), (26, 112), (26, 113), (26, 114), (26, 115), (26, 116), (26, 117), (26, 119), (26, 120), (26, 122), (26, 123), (26, 124), (26, 126), (26, 131), (26, 133), (26, 134), (26, 135), (26, 136), (26, 138), (26, 139), (26, 140), (26, 141), (26, 144), (26, 147), (26, 148), (27, 30), (27, 33), (27, 34), (27, 35), (27, 36), (27, 37), (27, 38), (27, 39), (27, 40), (27, 41), (27, 42), (27, 44), (27, 45), (27, 47), (27, 49), (27, 52), (27, 53), (27, 55), (27, 57), (27, 58), (27, 59), (27, 60), (27, 61), (27, 62), (27, 64), (27, 65), (27, 67), (27, 68), (27, 72), (27, 76), (27, 78), (27, 79), (27, 83), (27, 85), (27, 87), (27, 89), (27, 93), (27, 94), (27, 95), (27, 96), (27, 97), (27, 98), (27, 99), (27, 100), (27, 102), (27, 103), (27, 104), (27, 105), (27, 108), (27, 110), (27, 114), (27, 115), (27, 116), (27, 118), (27, 119), (27, 120), (27, 122), (27, 124), (27, 127), (27, 128), (27, 135), (27, 138), (27, 139), (27, 141), (27, 142), (27, 146), (27, 147), (28, 32), (28, 35), (28, 36), (28, 38), (28, 39), (28, 40), (28, 41), (28, 42), (28, 44), (28, 45), (28, 46), (28, 48), (28, 50), (28, 51), (28, 53), (28, 54), (28, 67), (28, 69), (28, 71), (28, 76), (28, 77), (28, 82), (28, 83), (28, 84), (28, 85), (28, 86), (28, 87), (28, 90), (28, 91), (28, 92), (28, 94), (28, 96), (28, 97), (28, 99), (28, 100), (28, 103), (28, 104), (28, 105), (28, 106), (28, 107), (28, 108), (28, 109), (28, 110), (28, 113), (28, 114), (28, 119), (28, 122), (28, 123), (28, 124), (28, 125), (28, 126), (28, 127), (28, 128), (28, 129), (28, 131), (28, 135), (28, 137), (28, 139), (28, 140), (28, 141), (28, 142), (28, 143), (28, 144), (28, 146), (29, 30), (29, 32), (29, 33), (29, 34), (29, 35), (29, 38), (29, 39), (29, 41), (29, 43), (29, 48), (29, 49), (29, 52), (29, 55), (29, 56), (29, 58), (29, 59), (29, 65), (29, 66), (29, 68), (29, 70), (29, 71), (29, 72), (29, 73), (29, 74), (29, 75), (29, 76), (29, 77), (29, 78), (29, 80), (29, 81), (29, 85), (29, 86), (29, 87), (29, 92), (29, 95), (29, 96), (29, 99), (29, 100), (29, 101), (29, 102), (29, 103), (29, 104), (29, 105), (29, 106), (29, 110), (29, 112), (29, 113), (29, 114), (29, 115), (29, 116), (29, 117), (29, 118), (29, 119), (29, 120), (29, 122), (29, 123), (29, 124), (29, 126), (29, 128), (29, 129), (29, 130), (29, 131), (29, 133), (29, 136), (29, 140), (29, 141), (29, 144), (29, 146), (29, 148), (29, 149), (30, 32), (30, 33), (30, 34), (30, 35), (30, 36), (30, 39), (30, 40), (30, 42), (30, 43), (30, 44), (30, 45), (30, 46), (30, 49), (30, 50), (30, 51), (30, 52), (30, 53), (30, 54), (30, 57), (30, 59), (30, 61), (30, 63), (30, 64), (30, 66), (30, 67), (30, 68), (30, 69), (30, 70), (30, 72), (30, 73), (30, 75), (30, 77), (30, 79), (30, 80), (30, 82), (30, 85), (30, 86), (30, 88), (30, 89), (30, 90), (30, 91), (30, 92), (30, 93), (30, 94), (30, 95), (30, 97), (30, 98), (30, 99), (30, 100), (30, 101), (30, 102), (30, 103), (30, 105), (30, 107), (30, 109), (30, 112), (30, 113), (30, 114), (30, 117), (30, 118), (30, 119), (30, 124), (30, 126), (30, 128), (30, 131), (30, 132), (30, 135), (30, 136), (30, 137), (30, 138), (30, 142), (30, 143), (30, 144), (30, 145), (30, 146), (30, 147), (30, 149), (31, 32), (31, 33), (31, 34), (31, 35), (31, 36), (31, 38), (31, 42), (31, 43), (31, 44), (31, 45), (31, 46), (31, 48), (31, 49), (31, 50), (31, 51), (31, 54), (31, 57), (31, 58), (31, 59), (31, 60), (31, 61), (31, 64), (31, 65), (31, 67), (31, 70), (31, 71), (31, 72), (31, 74), (31, 76), (31, 78), (31, 80), (31, 83), (31, 84), (31, 87), (31, 92), (31, 94), (31, 95), (31, 96), (31, 99), (31, 100), (31, 102), (31, 106), (31, 107), (31, 108), (31, 109), (31, 110), (31, 111), (31, 115), (31, 119), (31, 121), (31, 122), (31, 123), (31, 125), (31, 126), (31, 127), (31, 131), (31, 132), (31, 133), (31, 134), (31, 135), (31, 136), (31, 137), (31, 138), (31, 139), (31, 140), (31, 141), (31, 142), (31, 143), (31, 146), (31, 149), (32, 35), (32, 37), (32, 38), (32, 39), (32, 43), (32, 45), (32, 47), (32, 50), (32, 52), (32, 53), (32, 54), (32, 55), (32, 56), (32, 58), (32, 59), (32, 61), (32, 63), (32, 65), (32, 66), (32, 67), (32, 68), (32, 69), (32, 71), (32, 72), (32, 74), (32, 75), (32, 76), (32, 78), (32, 79), (32, 80), (32, 82), (32, 84), (32, 85), (32, 86), (32, 87), (32, 91), (32, 98), (32, 102), (32, 103), (32, 105), (32, 107), (32, 108), (32, 109), (32, 111), (32, 112), (32, 113), (32, 114), (32, 115), (32, 116), (32, 117), (32, 118), (32, 119), (32, 120), (32, 121), (32, 124), (32, 125), (32, 127), (32, 130), (32, 131), (32, 132), (32, 133), (32, 134), (32, 136), (32, 139), (32, 140), (32, 142), (32, 143), (32, 145), (32, 146), (32, 147), (32, 149), (33, 34), (33, 35), (33, 36), (33, 39), (33, 40), (33, 42), (33, 43), (33, 44), (33, 45), (33, 46), (33, 47), (33, 49), (33, 51), (33, 52), (33, 53), (33, 55), (33, 56), (33, 66), (33, 69), (33, 70), (33, 72), (33, 73), (33, 75), (33, 76), (33, 77), (33, 79), (33, 80), (33, 82), (33, 83), (33, 84), (33, 87), (33, 92), (33, 93), (33, 95), (33, 96), (33, 98), (33, 99), (33, 100), (33, 102), (33, 106), (33, 107), (33, 108), (33, 109), (33, 110), (33, 112), (33, 116), (33, 118), (33, 119), (33, 120), (33, 122), (33, 127), (33, 131), (33, 132), (33, 134), (33, 135), (33, 137), (33, 138), (33, 139), (33, 140), (33, 143), (33, 144), (33, 146), (33, 148), (34, 35), (34, 37), (34, 41), (34, 43), (34, 45), (34, 46), (34, 47), (34, 48), (34, 49), (34, 51), (34, 52), (34, 58), (34, 59), (34, 61), (34, 63), (34, 64), (34, 65), (34, 71), (34, 72), (34, 73), (34, 76), (34, 77), (34, 78), (34, 81), (34, 82), (34, 83), (34, 84), (34, 85), (34, 88), (34, 90), (34, 93), (34, 94), (34, 95), (34, 96), (34, 97), (34, 98), (34, 100), (34, 101), (34, 103), (34, 104), (34, 107), (34, 108), (34, 109), (34, 110), (34, 111), (34, 112), (34, 114), (34, 115), (34, 116), (34, 118), (34, 121), (34, 124), (34, 125), (34, 130), (34, 132), (34, 133), (34, 137), (34, 139), (34, 140), (34, 142), (34, 143), (34, 144), (34, 147), (35, 36), (35, 39), (35, 42), (35, 43), (35, 44), (35, 45), (35, 48), (35, 51), (35, 52), (35, 53), (35, 54), (35, 56), (35, 57), (35, 61), (35, 63), (35, 64), (35, 65), (35, 67), (35, 68), (35, 70), (35, 71), (35, 74), (35, 75), (35, 76), (35, 77), (35, 80), (35, 81), (35, 82), (35, 83), (35, 85), (35, 87), (35, 91), (35, 92), (35, 93), (35, 94), (35, 95), (35, 96), (35, 99), (35, 100), (35, 101), (35, 102), (35, 106), (35, 107), (35, 108), (35, 110), (35, 112), (35, 113), (35, 114), (35, 116), (35, 118), (35, 121), (35, 124), (35, 125), (35, 127), (35, 131), (35, 132), (35, 133), (35, 134), (35, 136), (35, 138), (35, 139), (35, 142), (35, 145), (35, 148), (35, 149), (36, 37), (36, 40), (36, 43), (36, 45), (36, 46), (36, 47), (36, 48), (36, 49), (36, 50), (36, 56), (36, 57), (36, 58), (36, 63), (36, 64), (36, 65), (36, 66), (36, 67), (36, 71), (36, 75), (36, 76), (36, 77), (36, 79), (36, 81), (36, 82), (36, 83), (36, 84), (36, 86), (36, 88), (36, 89), (36, 93), (36, 94), (36, 96), (36, 99), (36, 101), (36, 104), (36, 106), (36, 107), (36, 108), (36, 110), (36, 112), (36, 113), (36, 115), (36, 116), (36, 118), (36, 119), (36, 122), (36, 123), (36, 125), (36, 126), (36, 127), (36, 129), (36, 130), (36, 132), (36, 133), (36, 134), (36, 136), (36, 138), (36, 139), (36, 141), (36, 146), (36, 147), (37, 39), (37, 40), (37, 41), (37, 42), (37, 43), (37, 44), (37, 47), (37, 49), (37, 50), (37, 53), (37, 57), (37, 59), (37, 61), (37, 64), (37, 65), (37, 67), (37, 69), (37, 73), (37, 75), (37, 84), (37, 86), (37, 89), (37, 90), (37, 91), (37, 92), (37, 94), (37, 98), (37, 99), (37, 100), (37, 101), (37, 103), (37, 107), (37, 109), (37, 110), (37, 112), (37, 114), (37, 116), (37, 117), (37, 123), (37, 124), (37, 126), (37, 127), (37, 128), (37, 129), (37, 132), (37, 133), (37, 138), (37, 141), (37, 143), (37, 148), (37, 149), (38, 40), (38, 41), (38, 42), (38, 43), (38, 44), (38, 45), (38, 46), (38, 49), (38, 50), (38, 51), (38, 52), (38, 53), (38, 54), (38, 55), (38, 57), (38, 58), (38, 59), (38, 60), (38, 62), (38, 63), (38, 64), (38, 65), (38, 66), (38, 69), (38, 70), (38, 72), (38, 73), (38, 75), (38, 77), (38, 79), (38, 81), (38, 82), (38, 83), (38, 84), (38, 87), (38, 88), (38, 90), (38, 91), (38, 94), (38, 96), (38, 97), (38, 98), (38, 101), (38, 103), (38, 104), (38, 105), (38, 106), (38, 107), (38, 111), (38, 112), (38, 113), (38, 115), (38, 117), (38, 119), (38, 120), (38, 122), (38, 123), (38, 126), (38, 127), (38, 128), (38, 130), (38, 131), (38, 132), (38, 134), (38, 138), (38, 139), (38, 140), (38, 141), (38, 142), (38, 143), (38, 145), (38, 148), (39, 40), (39, 42), (39, 43), (39, 45), (39, 49), (39, 52), (39, 55), (39, 58), (39, 59), (39, 63), (39, 66), (39, 67), (39, 71), (39, 74), (39, 77), (39, 79), (39, 80), (39, 82), (39, 83), (39, 84), (39, 88), (39, 90), (39, 91), (39, 95), (39, 97), (39, 98), (39, 100), (39, 101), (39, 103), (39, 104), (39, 105), (39, 106), (39, 107), (39, 110), (39, 112), (39, 113), (39, 115), (39, 116), (39, 118), (39, 119), (39, 120), (39, 123), (39, 125), (39, 126), (39, 127), (39, 132), (39, 133), (39, 134), (39, 141), (39, 146), (39, 147), (39, 148), (39, 149), (40, 41), (40, 43), (40, 47), (40, 48), (40, 50), (40, 51), (40, 52), (40, 53), (40, 54), (40, 56), (40, 58), (40, 60), (40, 62), (40, 64), (40, 66), (40, 67), (40, 68), (40, 69), (40, 72), (40, 73), (40, 75), (40, 76), (40, 77), (40, 80), (40, 83), (40, 84), (40, 86), (40, 88), (40, 90), (40, 91), (40, 92), (40, 93), (40, 96), (40, 97), (40, 98), (40, 99), (40, 105), (40, 106), (40, 108), (40, 110), (40, 112), (40, 113), (40, 122), (40, 123), (40, 125), (40, 126), (40, 128), (40, 129), (40, 130), (40, 131), (40, 133), (40, 134), (40, 140), (40, 142), (40, 143), (40, 145), (40, 146), (40, 147), (40, 148), (40, 149), (41, 43), (41, 44), (41, 45), (41, 47), (41, 49), (41, 52), (41, 54), (41, 55), (41, 61), (41, 62), (41, 64), (41, 65), (41, 68), (41, 69), (41, 70), (41, 71), (41, 72), (41, 78), (41, 80), (41, 82), (41, 85), (41, 87), (41, 88), (41, 89), (41, 90), (41, 91), (41, 93), (41, 94), (41, 96), (41, 98), (41, 101), (41, 102), (41, 104), (41, 106), (41, 107), (41, 108), (41, 110), (41, 112), (41, 115), (41, 117), (41, 118), (41, 119), (41, 121), (41, 123), (41, 126), (41, 128), (41, 129), (41, 130), (41, 131), (41, 132), (41, 134), (41, 135), (41, 138), (41, 142), (41, 143), (41, 146), (41, 148), (42, 43), (42, 44), (42, 46), (42, 47), (42, 48), (42, 49), (42, 51), (42, 52), (42, 53), (42, 54), (42, 55), (42, 57), (42, 60), (42, 62), (42, 63), (42, 64), (42, 65), (42, 66), (42, 67), (42, 68), (42, 69), (42, 72), (42, 76), (42, 77), (42, 78), (42, 79), (42, 80), (42, 81), (42, 84), (42, 86), (42, 87), (42, 89), (42, 91), (42, 92), (42, 94), (42, 95), (42, 96), (42, 97), (42, 100), (42, 101), (42, 103), (42, 104), (42, 105), (42, 110), (42, 114), (42, 117), (42, 118), (42, 119), (42, 120), (42, 121), (42, 122), (42, 123), (42, 124), (42, 127), (42, 128), (42, 129), (42, 130), (42, 131), (42, 132), (42, 134), (42, 136), (42, 137), (42, 142), (42, 143), (42, 145), (42, 146), (42, 148), (42, 149), (43, 44), (43, 46), (43, 47), (43, 50), (43, 52), (43, 53), (43, 56), (43, 60), (43, 62), (43, 66), (43, 68), (43, 69), (43, 70), (43, 71), (43, 74), (43, 75), (43, 76), (43, 77), (43, 78), (43, 80), (43, 81), (43, 82), (43, 83), (43, 84), (43, 86), (43, 88), (43, 90), (43, 91), (43, 92), (43, 94), (43, 95), (43, 96), (43, 99), (43, 102), (43, 104), (43, 105), (43, 106), (43, 107), (43, 110), (43, 113), (43, 114), (43, 115), (43, 116), (43, 118), (43, 120), (43, 128), (43, 129), (43, 130), (43, 132), (43, 133), (43, 135), (43, 141), (43, 143), (43, 145), (43, 147), (43, 149), (44, 52), (44, 54), (44, 55), (44, 58), (44, 62), (44, 63), (44, 65), (44, 66), (44, 67), (44, 68), (44, 69), (44, 70), (44, 71), (44, 73), (44, 74), (44, 77), (44, 78), (44, 82), (44, 83), (44, 84), (44, 85), (44, 88), (44, 89), (44, 96), (44, 101), (44, 103), (44, 104), (44, 106), (44, 107), (44, 110), (44, 111), (44, 116), (44, 117), (44, 119), (44, 121), (44, 125), (44, 127), (44, 129), (44, 130), (44, 133), (44, 134), (44, 135), (44, 138), (44, 140), (44, 141), (44, 146), (44, 148), (44, 149), (45, 47), (45, 48), (45, 49), (45, 50), (45, 58), (45, 60), (45, 62), (45, 63), (45, 64), (45, 65), (45, 66), (45, 68), (45, 69), (45, 71), (45, 72), (45, 75), (45, 79), (45, 80), (45, 83), (45, 84), (45, 89), (45, 94), (45, 95), (45, 97), (45, 99), (45, 103), (45, 104), (45, 106), (45, 107), (45, 108), (45, 110), (45, 112), (45, 113), (45, 114), (45, 115), (45, 116), (45, 117), (45, 119), (45, 129), (45, 133), (45, 134), (45, 135), (45, 136), (45, 137), (45, 140), (45, 141), (45, 142), (45, 143), (45, 146), (45, 147), (45, 149), (46, 47), (46, 48), (46, 49), (46, 51), (46, 53), (46, 54), (46, 55), (46, 56), (46, 58), (46, 59), (46, 60), (46, 62), (46, 64), (46, 65), (46, 68), (46, 69), (46, 70), (46, 72), (46, 73), (46, 74), (46, 75), (46, 77), (46, 81), (46, 83), (46, 85), (46, 88), (46, 89), (46, 97), (46, 99), (46, 100), (46, 101), (46, 106), (46, 107), (46, 108), (46, 109), (46, 110), (46, 111), (46, 112), (46, 114), (46, 116), (46, 117), (46, 118), (46, 120), (46, 121), (46, 124), (46, 128), (46, 129), (46, 131), (46, 137), (46, 141), (46, 142), (46, 144), (46, 147), (46, 148), (47, 51), (47, 53), (47, 54), (47, 56), (47, 60), (47, 63), (47, 64), (47, 66), (47, 68), (47, 72), (47, 74), (47, 76), (47, 77), (47, 78), (47, 79), (47, 80), (47, 85), (47, 88), (47, 92), (47, 93), (47, 95), (47, 96), (47, 97), (47, 98), (47, 103), (47, 105), (47, 106), (47, 114), (47, 116), (47, 117), (47, 118), (47, 119), (47, 121), (47, 124), (47, 126), (47, 128), (47, 129), (47, 130), (47, 131), (47, 133), (47, 135), (47, 138), (47, 143), (47, 144), (47, 147), (48, 49), (48, 50), (48, 51), (48, 53), (48, 54), (48, 55), (48, 58), (48, 62), (48, 63), (48, 64), (48, 66), (48, 67), (48, 69), (48, 70), (48, 71), (48, 72), (48, 74), (48, 75), (48, 77), (48, 79), (48, 80), (48, 82), (48, 83), (48, 84), (48, 86), (48, 87), (48, 88), (48, 89), (48, 91), (48, 93), (48, 94), (48, 95), (48, 96), (48, 98), (48, 100), (48, 101), (48, 102), (48, 103), (48, 104), (48, 106), (48, 110), (48, 113), (48, 114), (48, 118), (48, 119), (48, 120), (48, 121), (48, 122), (48, 123), (48, 124), (48, 125), (48, 126), (48, 131), (48, 134), (48, 135), (48, 138), (48, 141), (48, 145), (48, 146), (48, 148), (49, 50), (49, 51), (49, 52), (49, 55), (49, 59), (49, 62), (49, 63), (49, 64), (49, 65), (49, 67), (49, 68), (49, 69), (49, 70), (49, 71), (49, 72), (49, 74), (49, 78), (49, 79), (49, 82), (49, 83), (49, 85), (49, 86), (49, 87), (49, 88), (49, 89), (49, 90), (49, 91), (49, 92), (49, 93), (49, 94), (49, 97), (49, 98), (49, 100), (49, 101), (49, 104), (49, 106), (49, 107), (49, 108), (49, 109), (49, 111), (49, 114), (49, 116), (49, 118), (49, 120), (49, 121), (49, 122), (49, 123), (49, 124), (49, 128), (49, 129), (49, 131), (49, 132), (49, 133), (49, 135), (49, 137), (49, 140), (49, 144), (49, 146), (49, 147), (49, 148), (49, 149), (50, 51), (50, 52), (50, 53), (50, 55), (50, 58), (50, 59), (50, 64), (50, 67), (50, 68), (50, 69), (50, 72), (50, 74), (50, 75), (50, 78), (50, 80), (50, 81), (50, 83), (50, 84), (50, 85), (50, 88), (50, 89), (50, 90), (50, 91), (50, 92), (50, 93), (50, 94), (50, 95), (50, 99), (50, 100), (50, 102), (50, 105), (50, 106), (50, 110), (50, 111), (50, 112), (50, 114), (50, 115), (50, 116), (50, 117), (50, 118), (50, 119), (50, 120), (50, 122), (50, 125), (50, 127), (50, 128), (50, 129), (50, 130), (50, 133), (50, 136), (50, 137), (50, 138), (50, 141), (50, 142), (50, 144), (50, 145), (50, 148), (50, 149), (51, 52), (51, 54), (51, 55), (51, 57), (51, 58), (51, 59), (51, 60), (51, 62), (51, 66), (51, 67), (51, 69), (51, 71), (51, 74), (51, 77), (51, 79), (51, 80), (51, 82), (51, 83), (51, 84), (51, 85), (51, 87), (51, 91), (51, 92), (51, 94), (51, 95), (51, 96), (51, 97), (51, 98), (51, 100), (51, 104), (51, 105), (51, 106), (51, 107), (51, 111), (51, 113), (51, 115), (51, 116), (51, 117), (51, 119), (51, 121), (51, 122), (51, 124), (51, 125), (51, 126), (51, 127), (51, 128), (51, 134), (51, 135), (51, 136), (51, 138), (51, 139), (51, 141), (51, 145), (51, 147), (51, 148), (52, 53), (52, 55), (52, 58), (52, 59), (52, 61), (52, 62), (52, 63), (52, 64), (52, 65), (52, 67), (52, 69), (52, 70), (52, 71), (52, 72), (52, 73), (52, 75), (52, 76), (52, 78), (52, 79), (52, 81), (52, 85), (52, 86), (52, 89), (52, 91), (52, 92), (52, 93), (52, 94), (52, 95), (52, 97), (52, 98), (52, 100), (52, 102), (52, 103), (52, 104), (52, 105), (52, 106), (52, 107), (52, 108), (52, 109), (52, 110), (52, 111), (52, 113), (52, 114), (52, 115), (52, 116), (52, 117), (52, 120), (52, 121), (52, 122), (52, 123), (52, 125), (52, 126), (52, 127), (52, 128), (52, 129), (52, 135), (52, 140), (52, 142), (52, 143), (52, 144), (52, 146), (52, 147), (52, 148), (52, 149), (53, 54), (53, 55), (53, 57), (53, 61), (53, 63), (53, 66), (53, 67), (53, 71), (53, 72), (53, 73), (53, 74), (53, 75), (53, 80), (53, 81), (53, 82), (53, 86), (53, 88), (53, 89), (53, 90), (53, 91), (53, 92), (53, 93), (53, 95), (53, 99), (53, 100), (53, 101), (53, 103), (53, 104), (53, 106), (53, 107), (53, 109), (53, 110), (53, 111), (53, 112), (53, 113), (53, 115), (53, 119), (53, 120), (53, 122), (53, 124), (53, 126), (53, 128), (53, 129), (53, 130), (53, 131), (53, 133), (53, 134), (53, 135), (53, 137), (53, 138), (53, 139), (53, 141), (53, 143), (53, 147), (54, 55), (54, 56), (54, 57), (54, 58), (54, 59), (54, 60), (54, 64), (54, 65), (54, 67), (54, 69), (54, 70), (54, 71), (54, 74), (54, 77), (54, 80), (54, 81), (54, 83), (54, 84), (54, 87), (54, 88), (54, 89), (54, 90), (54, 91), (54, 92), (54, 93), (54, 94), (54, 95), (54, 97), (54, 99), (54, 101), (54, 104), (54, 105), (54, 106), (54, 109), (54, 111), (54, 114), (54, 116), (54, 119), (54, 121), (54, 122), (54, 124), (54, 125), (54, 126), (54, 129), (54, 130), (54, 131), (54, 133), (54, 137), (54, 138), (54, 140), (54, 141), (54, 143), (54, 145), (54, 146), (55, 56), (55, 57), (55, 60), (55, 62), (55, 63), (55, 65), (55, 66), (55, 68), (55, 69), (55, 70), (55, 71), (55, 74), (55, 75), (55, 76), (55, 77), (55, 79), (55, 80), (55, 81), (55, 82), (55, 84), (55, 85), (55, 86), (55, 89), (55, 94), (55, 96), (55, 99), (55, 100), (55, 104), (55, 106), (55, 109), (55, 112), (55, 114), (55, 116), (55, 118), (55, 121), (55, 122), (55, 123), (55, 124), (55, 127), (55, 128), (55, 131), (55, 132), (55, 133), (55, 138), (55, 139), (55, 140), (55, 142), (55, 146), (55, 147), (55, 149), (56, 58), (56, 61), (56, 62), (56, 63), (56, 65), (56, 68), (56, 70), (56, 72), (56, 74), (56, 75), (56, 76), (56, 77), (56, 82), (56, 83), (56, 87), (56, 89), (56, 91), (56, 92), (56, 93), (56, 95), (56, 101), (56, 103), (56, 105), (56, 106), (56, 107), (56, 110), (56, 112), (56, 113), (56, 114), (56, 115), (56, 117), (56, 119), (56, 121), (56, 123), (56, 126), (56, 127), (56, 128), (56, 131), (56, 132), (56, 137), (56, 138), (56, 142), (56, 145), (56, 149), (57, 59), (57, 60), (57, 62), (57, 63), (57, 65), (57, 66), (57, 67), (57, 68), (57, 70), (57, 71), (57, 72), (57, 73), (57, 74), (57, 75), (57, 77), (57, 80), (57, 82), (57, 83), (57, 84), (57, 87), (57, 89), (57, 90), (57, 91), (57, 92), (57, 93), (57, 95), (57, 96), (57, 97), (57, 98), (57, 99), (57, 100), (57, 101), (57, 102), (57, 104), (57, 105), (57, 106), (57, 107), (57, 108), (57, 117), (57, 118), (57, 120), (57, 122), (57, 123), (57, 124), (57, 126), (57, 127), (57, 129), (57, 131), (57, 133), (57, 135), (57, 136), (57, 137), (57, 138), (57, 139), (57, 142), (57, 147), (57, 148), (57, 149), (58, 59), (58, 60), (58, 62), (58, 63), (58, 64), (58, 67), (58, 68), (58, 71), (58, 73), (58, 74), (58, 75), (58, 76), (58, 79), (58, 82), (58, 83), (58, 84), (58, 86), (58, 87), (58, 88), (58, 89), (58, 90), (58, 91), (58, 95), (58, 98), (58, 100), (58, 101), (58, 103), (58, 104), (58, 105), (58, 109), (58, 111), (58, 112), (58, 113), (58, 114), (58, 116), (58, 119), (58, 120), (58, 122), (58, 124), (58, 126), (58, 127), (58, 128), (58, 130), (58, 132), (58, 133), (58, 134), (58, 136), (58, 138), (58, 139), (58, 140), (58, 143), (58, 148), (59, 60), (59, 61), (59, 63), (59, 67), (59, 69), (59, 70), (59, 71), (59, 72), (59, 73), (59, 74), (59, 78), (59, 80), (59, 81), (59, 82), (59, 83), (59, 85), (59, 89), (59, 92), (59, 94), (59, 97), (59, 99), (59, 100), (59, 101), (59, 102), (59, 104), (59, 106), (59, 108), (59, 110), (59, 111), (59, 115), (59, 116), (59, 117), (59, 118), (59, 119), (59, 120), (59, 122), (59, 125), (59, 129), (59, 131), (59, 133), (59, 134), (59, 135), (59, 136), (59, 137), (59, 140), (59, 141), (59, 142), (59, 146), (59, 147), (59, 148), (59, 149), (60, 61), (60, 63), (60, 64), (60, 65), (60, 66), (60, 68), (60, 70), (60, 71), (60, 72), (60, 80), (60, 81), (60, 82), (60, 84), (60, 87), (60, 88), (60, 92), (60, 95), (60, 96), (60, 98), (60, 100), (60, 101), (60, 102), (60, 103), (60, 104), (60, 112), (60, 113), (60, 114), (60, 115), (60, 116), (60, 117), (60, 118), (60, 120), (60, 121), (60, 123), (60, 126), (60, 131), (60, 133), (60, 135), (60, 136), (60, 138), (60, 140), (60, 142), (60, 146), (60, 148), (61, 66), (61, 67), (61, 68), (61, 69), (61, 70), (61, 71), (61, 72), (61, 73), (61, 74), (61, 75), (61, 77), (61, 82), (61, 85), (61, 87), (61, 88), (61, 89), (61, 92), (61, 93), (61, 94), (61, 96), (61, 98), (61, 99), (61, 100), (61, 102), (61, 103), (61, 104), (61, 106), (61, 107), (61, 108), (61, 110), (61, 112), (61, 117), (61, 118), (61, 120), (61, 121), (61, 122), (61, 123), (61, 124), (61, 125), (61, 126), (61, 128), (61, 134), (61, 136), (61, 138), (61, 140), (61, 141), (61, 142), (61, 143), (61, 148), (62, 63), (62, 64), (62, 65), (62, 67), (62, 73), (62, 76), (62, 77), (62, 78), (62, 80), (62, 82), (62, 83), (62, 85), (62, 86), (62, 90), (62, 91), (62, 92), (62, 93), (62, 94), (62, 96), (62, 97), (62, 98), (62, 101), (62, 103), (62, 105), (62, 106), (62, 107), (62, 111), (62, 113), (62, 114), (62, 117), (62, 119), (62, 122), (62, 125), (62, 126), (62, 127), (62, 128), (62, 130), (62, 131), (62, 132), (62, 133), (62, 134), (62, 136), (62, 137), (62, 138), (62, 139), (62, 140), (62, 141), (62, 142), (62, 143), (62, 145), (62, 146), (63, 64), (63, 66), (63, 67), (63, 68), (63, 70), (63, 71), (63, 72), (63, 74), (63, 78), (63, 79), (63, 80), (63, 81), (63, 83), (63, 84), (63, 85), (63, 86), (63, 87), (63, 89), (63, 96), (63, 99), (63, 100), (63, 101), (63, 103), (63, 105), (63, 106), (63, 107), (63, 108), (63, 110), (63, 111), (63, 112), (63, 116), (63, 119), (63, 121), (63, 127), (63, 128), (63, 130), (63, 131), (63, 133), (63, 134), (63, 137), (63, 138), (63, 140), (63, 141), (63, 148), (63, 149), (64, 70), (64, 71), (64, 72), (64, 75), (64, 76), (64, 77), (64, 82), (64, 84), (64, 85), (64, 87), (64, 88), (64, 89), (64, 90), (64, 91), (64, 92), (64, 93), (64, 94), (64, 95), (64, 99), (64, 101), (64, 102), (64, 105), (64, 106), (64, 107), (64, 108), (64, 111), (64, 112), (64, 113), (64, 114), (64, 119), (64, 121), (64, 122), (64, 124), (64, 126), (64, 127), (64, 128), (64, 131), (64, 132), (64, 133), (64, 135), (64, 136), (64, 137), (64, 140), (64, 142), (64, 144), (64, 145), (64, 146), (64, 149), (65, 68), (65, 71), (65, 72), (65, 74), (65, 75), (65, 76), (65, 78), (65, 79), (65, 80), (65, 84), (65, 87), (65, 88), (65, 90), (65, 91), (65, 92), (65, 93), (65, 94), (65, 95), (65, 96), (65, 99), (65, 101), (65, 105), (65, 106), (65, 107), (65, 108), (65, 109), (65, 110), (65, 113), (65, 119), (65, 121), (65, 124), (65, 125), (65, 127), (65, 130), (65, 132), (65, 135), (65, 138), (65, 139), (65, 141), (65, 142), (65, 143), (65, 145), (65, 148), (66, 67), (66, 69), (66, 72), (66, 75), (66, 77), (66, 80), (66, 83), (66, 84), (66, 86), (66, 87), (66, 88), (66, 90), (66, 91), (66, 92), (66, 94), (66, 95), (66, 96), (66, 98), (66, 99), (66, 100), (66, 101), (66, 106), (66, 107), (66, 109), (66, 110), (66, 113), (66, 114), (66, 118), (66, 119), (66, 120), (66, 123), (66, 125), (66, 126), (66, 128), (66, 129), (66, 130), (66, 132), (66, 133), (66, 134), (66, 135), (66, 138), (66, 139), (66, 143), (66, 144), (66, 145), (66, 147), (66, 149), (67, 69), (67, 70), (67, 73), (67, 75), (67, 76), (67, 77), (67, 80), (67, 82), (67, 85), (67, 87), (67, 88), (67, 93), (67, 95), (67, 97), (67, 100), (67, 103), (67, 112), (67, 115), (67, 116), (67, 118), (67, 119), (67, 120), (67, 122), (67, 125), (67, 126), (67, 130), (67, 133), (67, 134), (67, 139), (67, 140), (67, 141), (67, 142), (67, 143), (67, 147), (68, 70), (68, 73), (68, 74), (68, 76), (68, 78), (68, 79), (68, 80), (68, 82), (68, 84), (68, 86), (68, 87), (68, 89), (68, 92), (68, 94), (68, 95), (68, 96), (68, 97), (68, 99), (68, 100), (68, 102), (68, 103), (68, 104), (68, 106), (68, 107), (68, 108), (68, 111), (68, 113), (68, 115), (68, 117), (68, 118), (68, 119), (68, 120), (68, 121), (68, 122), (68, 125), (68, 126), (68, 127), (68, 128), (68, 130), (68, 133), (68, 134), (68, 135), (68, 136), (68, 137), (68, 142), (68, 143), (68, 144), (68, 145), (68, 148), (68, 149), (69, 71), (69, 73), (69, 76), (69, 78), (69, 82), (69, 83), (69, 84), (69, 85), (69, 88), (69, 90), (69, 93), (69, 94), (69, 96), (69, 98), (69, 100), (69, 102), (69, 107), (69, 109), (69, 110), (69, 112), (69, 113), (69, 114), (69, 118), (69, 120), (69, 121), (69, 122), (69, 123), (69, 124), (69, 125), (69, 126), (69, 129), (69, 130), (69, 131), (69, 132), (69, 135), (69, 136), (69, 137), (69, 138), (69, 140), (69, 142), (69, 143), (69, 145), (69, 146), (69, 147), (69, 148), (70, 72), (70, 73), (70, 74), (70, 75), (70, 77), (70, 78), (70, 79), (70, 80), (70, 86), (70, 87), (70, 92), (70, 94), (70, 95), (70, 97), (70, 99), (70, 101), (70, 102), (70, 103), (70, 104), (70, 105), (70, 106), (70, 108), (70, 110), (70, 111), (70, 112), (70, 113), (70, 116), (70, 118), (70, 120), (70, 121), (70, 123), (70, 124), (70, 125), (70, 126), (70, 128), (70, 130), (70, 131), (70, 132), (70, 133), (70, 137), (70, 138), (70, 139), (70, 142), (70, 143), (70, 145), (70, 148), (71, 72), (71, 74), (71, 77), (71, 79), (71, 82), (71, 83), (71, 85), (71, 86), (71, 87), (71, 88), (71, 90), (71, 93), (71, 94), (71, 95), (71, 99), (71, 100), (71, 103), (71, 104), (71, 105), (71, 109), (71, 111), (71, 113), (71, 115), (71, 116), (71, 118), (71, 122), (71, 123), (71, 124), (71, 125), (71, 126), (71, 127), (71, 129), (71, 130), (71, 131), (71, 132), (71, 134), (71, 135), (71, 136), (71, 138), (71, 139), (71, 140), (71, 141), (71, 142), (71, 146), (71, 147), (71, 149), (72, 73), (72, 76), (72, 77), (72, 80), (72, 81), (72, 82), (72, 83), (72, 84), (72, 85), (72, 86), (72, 88), (72, 90), (72, 91), (72, 92), (72, 97), (72, 100), (72, 103), (72, 104), (72, 105), (72, 107), (72, 109), (72, 110), (72, 114), (72, 119), (72, 120), (72, 122), (72, 124), (72, 125), (72, 128), (72, 130), (72, 131), (72, 132), (72, 134), (72, 135), (72, 136), (72, 137), (72, 139), (72, 141), (72, 142), (72, 143), (72, 144), (72, 145), (72, 146), (72, 148), (73, 74), (73, 76), (73, 77), (73, 78), (73, 79), (73, 82), (73, 86), (73, 88), (73, 89), (73, 90), (73, 95), (73, 97), (73, 99), (73, 100), (73, 102), (73, 104), (73, 105), (73, 107), (73, 110), (73, 111), (73, 115), (73, 116), (73, 117), (73, 124), (73, 125), (73, 126), (73, 127), (73, 128), (73, 130), (73, 133), (73, 135), (73, 137), (73, 138), (73, 139), (73, 144), (73, 147), (73, 149), (74, 76), (74, 78), (74, 79), (74, 83), (74, 88), (74, 91), (74, 93), (74, 96), (74, 99), (74, 100), (74, 107), (74, 109), (74, 110), (74, 111), (74, 112), (74, 113), (74, 117), (74, 119), (74, 120), (74, 122), (74, 123), (74, 124), (74, 129), (74, 131), (74, 136), (74, 137), (74, 138), (74, 139), (74, 142), (74, 143), (74, 144), (74, 145), (74, 147), (74, 148), (75, 77), (75, 78), (75, 79), (75, 80), (75, 81), (75, 82), (75, 85), (75, 86), (75, 88), (75, 89), (75, 90), (75, 91), (75, 94), (75, 96), (75, 98), (75, 99), (75, 100), (75, 101), (75, 102), (75, 103), (75, 105), (75, 106), (75, 107), (75, 108), (75, 112), (75, 115), (75, 116), (75, 118), (75, 119), (75, 120), (75, 123), (75, 125), (75, 126), (75, 127), (75, 128), (75, 129), (75, 131), (75, 132), (75, 133), (75, 134), (75, 136), (75, 137), (75, 140), (75, 141), (75, 142), (75, 144), (75, 145), (75, 146), (76, 77), (76, 79), (76, 80), (76, 81), (76, 82), (76, 83), (76, 84), (76, 88), (76, 92), (76, 93), (76, 94), (76, 97), (76, 98), (76, 99), (76, 100), (76, 101), (76, 102), (76, 103), (76, 104), (76, 105), (76, 106), (76, 107), (76, 108), (76, 109), (76, 112), (76, 115), (76, 116), (76, 117), (76, 124), (76, 125), (76, 127), (76, 128), (76, 129), (76, 130), (76, 131), (76, 132), (76, 134), (76, 135), (76, 136), (76, 137), (76, 140), (76, 141), (76, 142), (76, 145), (76, 147), (77, 79), (77, 80), (77, 81), (77, 82), (77, 83), (77, 87), (77, 89), (77, 90), (77, 93), (77, 95), (77, 96), (77, 97), (77, 98), (77, 99), (77, 100), (77, 101), (77, 104), (77, 105), (77, 106), (77, 109), (77, 114), (77, 117), (77, 118), (77, 121), (77, 122), (77, 123), (77, 124), (77, 126), (77, 127), (77, 128), (77, 129), (77, 130), (77, 131), (77, 132), (77, 133), (77, 134), (77, 136), (77, 137), (77, 138), (77, 139), (77, 143), (77, 145), (77, 147), (77, 148), (77, 149), (78, 79), (78, 82), (78, 83), (78, 86), (78, 87), (78, 88), (78, 90), (78, 92), (78, 96), (78, 100), (78, 101), (78, 102), (78, 103), (78, 106), (78, 109), (78, 110), (78, 112), (78, 113), (78, 116), (78, 117), (78, 118), (78, 120), (78, 124), (78, 125), (78, 126), (78, 127), (78, 129), (78, 132), (78, 133), (78, 135), (78, 136), (78, 138), (78, 139), (78, 140), (78, 144), (78, 145), (78, 148), (78, 149), (79, 80), (79, 81), (79, 82), (79, 83), (79, 84), (79, 85), (79, 86), (79, 87), (79, 88), (79, 90), (79, 91), (79, 92), (79, 93), (79, 95), (79, 96), (79, 97), (79, 98), (79, 99), (79, 100), (79, 101), (79, 104), (79, 106), (79, 107), (79, 112), (79, 113), (79, 114), (79, 115), (79, 116), (79, 119), (79, 120), (79, 122), (79, 125), (79, 126), (79, 127), (79, 128), (79, 130), (79, 132), (79, 133), (79, 136), (79, 138), (79, 141), (79, 143), (79, 145), (79, 146), (79, 147), (79, 148), (80, 83), (80, 85), (80, 87), (80, 88), (80, 90), (80, 92), (80, 93), (80, 94), (80, 96), (80, 97), (80, 100), (80, 101), (80, 106), (80, 107), (80, 110), (80, 112), (80, 113), (80, 115), (80, 117), (80, 118), (80, 120), (80, 128), (80, 130), (80, 133), (80, 138), (80, 139), (80, 140), (80, 141), (80, 142), (80, 144), (80, 147), (80, 148), (80, 149), (81, 84), (81, 86), (81, 88), (81, 96), (81, 98), (81, 99), (81, 102), (81, 103), (81, 104), (81, 105), (81, 109), (81, 110), (81, 111), (81, 112), (81, 116), (81, 125), (81, 126), (81, 127), (81, 128), (81, 132), (81, 135), (81, 136), (81, 139), (81, 140), (81, 142), (81, 144), (81, 145), (81, 146), (81, 148), (82, 83), (82, 85), (82, 87), (82, 88), (82, 91), (82, 93), (82, 95), (82, 96), (82, 98), (82, 99), (82, 100), (82, 101), (82, 104), (82, 107), (82, 108), (82, 109), (82, 112), (82, 114), (82, 115), (82, 116), (82, 118), (82, 119), (82, 120), (82, 122), (82, 123), (82, 125), (82, 129), (82, 131), (82, 132), (82, 137), (82, 139), (82, 142), (82, 145), (82, 146), (82, 147), (82, 148), (83, 84), (83, 85), (83, 86), (83, 88), (83, 89), (83, 90), (83, 92), (83, 93), (83, 100), (83, 104), (83, 105), (83, 106), (83, 108), (83, 110), (83, 115), (83, 116), (83, 117), (83, 118), (83, 119), (83, 121), (83, 123), (83, 129), (83, 132), (83, 133), (83, 134), (83, 135), (83, 136), (83, 140), (83, 141), (83, 143), (83, 145), (83, 148), (84, 87), (84, 88), (84, 92), (84, 93), (84, 95), (84, 96), (84, 97), (84, 100), (84, 101), (84, 103), (84, 106), (84, 108), (84, 109), (84, 112), (84, 113), (84, 114), (84, 115), (84, 119), (84, 121), (84, 124), (84, 125), (84, 128), (84, 129), (84, 131), (84, 134), (84, 137), (84, 140), (84, 141), (84, 145), (84, 146), (84, 147), (84, 149), (85, 86), (85, 87), (85, 90), (85, 92), (85, 93), (85, 94), (85, 95), (85, 98), (85, 100), (85, 101), (85, 103), (85, 105), (85, 106), (85, 107), (85, 108), (85, 109), (85, 111), (85, 113), (85, 114), (85, 116), (85, 118), (85, 121), (85, 122), (85, 123), (85, 124), (85, 125), (85, 126), (85, 131), (85, 132), (85, 134), (85, 135), (85, 138), (85, 140), (85, 143), (85, 144), (85, 145), (85, 146), (85, 147), (85, 148), (86, 87), (86, 88), (86, 90), (86, 94), (86, 95), (86, 99), (86, 102), (86, 103), (86, 105), (86, 106), (86, 108), (86, 109), (86, 111), (86, 115), (86, 117), (86, 118), (86, 120), (86, 121), (86, 122), (86, 124), (86, 127), (86, 128), (86, 129), (86, 133), (86, 134), (86, 135), (86, 137), (86, 138), (86, 142), (86, 143), (86, 144), (86, 145), (86, 148), (86, 149), (87, 88), (87, 91), (87, 94), (87, 95), (87, 96), (87, 97), (87, 98), (87, 99), (87, 101), (87, 102), (87, 104), (87, 105), (87, 106), (87, 107), (87, 108), (87, 110), (87, 114), (87, 115), (87, 116), (87, 118), (87, 120), (87, 123), (87, 124), (87, 127), (87, 128), (87, 133), (87, 134), (87, 136), (87, 137), (87, 138), (87, 139), (87, 141), (87, 142), (87, 143), (87, 144), (87, 148), (87, 149), (88, 90), (88, 91), (88, 94), (88, 96), (88, 97), (88, 98), (88, 99), (88, 100), (88, 101), (88, 102), (88, 103), (88, 106), (88, 108), (88, 110), (88, 112), (88, 113), (88, 115), (88, 117), (88, 118), (88, 119), (88, 120), (88, 121), (88, 126), (88, 128), (88, 130), (88, 131), (88, 134), (88, 139), (88, 140), (88, 144), (88, 145), (88, 146), (88, 148), (89, 90), (89, 91), (89, 93), (89, 95), (89, 96), (89, 98), (89, 100), (89, 101), (89, 103), (89, 104), (89, 106), (89, 107), (89, 108), (89, 109), (89, 111), (89, 112), (89, 113), (89, 117), (89, 119), (89, 120), (89, 121), (89, 124), (89, 125), (89, 126), (89, 127), (89, 128), (89, 131), (89, 132), (89, 133), (89, 136), (89, 137), (89, 138), (89, 140), (89, 143), (89, 144), (89, 145), (89, 148), (89, 149), (90, 94), (90, 95), (90, 96), (90, 99), (90, 100), (90, 101), (90, 104), (90, 105), (90, 106), (90, 107), (90, 108), (90, 109), (90, 110), (90, 111), (90, 117), (90, 118), (90, 119), (90, 120), (90, 121), (90, 125), (90, 129), (90, 130), (90, 131), (90, 132), (90, 133), (90, 139), (90, 140), (90, 141), (90, 143), (90, 145), (90, 147), (91, 92), (91, 93), (91, 94), (91, 95), (91, 96), (91, 98), (91, 102), (91, 105), (91, 106), (91, 107), (91, 108), (91, 109), (91, 113), (91, 118), (91, 119), (91, 123), (91, 125), (91, 127), (91, 128), (91, 129), (91, 130), (91, 132), (91, 134), (91, 135), (91, 136), (91, 137), (91, 139), (91, 140), (91, 141), (91, 142), (91, 143), (91, 144), (91, 147), (91, 148), (92, 95), (92, 96), (92, 98), (92, 99), (92, 101), (92, 102), (92, 103), (92, 106), (92, 107), (92, 108), (92, 110), (92, 112), (92, 113), (92, 114), (92, 115), (92, 116), (92, 117), (92, 118), (92, 123), (92, 125), (92, 129), (92, 130), (92, 131), (92, 135), (92, 137), (92, 138), (92, 139), (92, 144), (92, 145), (92, 146), (93, 95), (93, 96), (93, 100), (93, 101), (93, 102), (93, 103), (93, 110), (93, 116), (93, 117), (93, 118), (93, 119), (93, 120), (93, 122), (93, 123), (93, 124), (93, 125), (93, 127), (93, 128), (93, 129), (93, 131), (93, 132), (93, 133), (93, 134), (93, 135), (93, 136), (93, 139), (93, 140), (93, 141), (93, 143), (93, 144), (93, 147), (93, 149), (94, 95), (94, 96), (94, 98), (94, 99), (94, 100), (94, 102), (94, 103), (94, 104), (94, 107), (94, 110), (94, 112), (94, 117), (94, 118), (94, 120), (94, 121), (94, 123), (94, 124), (94, 125), (94, 129), (94, 130), (94, 134), (94, 135), (94, 140), (94, 141), (94, 142), (94, 143), (94, 144), (94, 147), (95, 97), (95, 98), (95, 100), (95, 102), (95, 106), (95, 107), (95, 109), (95, 116), (95, 117), (95, 118), (95, 119), (95, 120), (95, 121), (95, 122), (95, 123), (95, 124), (95, 125), (95, 128), (95, 129), (95, 137), (95, 138), (95, 139), (95, 141), (95, 142), (95, 144), (95, 145), (95, 146), (95, 147), (95, 148), (96, 98), (96, 100), (96, 101), (96, 102), (96, 103), (96, 105), (96, 106), (96, 107), (96, 108), (96, 109), (96, 114), (96, 116), (96, 117), (96, 119), (96, 120), (96, 121), (96, 122), (96, 124), (96, 126), (96, 130), (96, 131), (96, 136), (96, 137), (96, 138), (96, 139), (96, 140), (96, 141), (96, 142), (97, 98), (97, 99), (97, 101), (97, 104), (97, 106), (97, 109), (97, 110), (97, 111), (97, 113), (97, 115), (97, 116), (97, 119), (97, 120), (97, 121), (97, 122), (97, 123), (97, 126), (97, 128), (97, 129), (97, 130), (97, 132), (97, 134), (97, 135), (97, 137), (97, 141), (97, 142), (97, 146), (97, 147), (97, 148), (97, 149), (98, 99), (98, 102), (98, 103), (98, 104), (98, 106), (98, 108), (98, 109), (98, 111), (98, 112), (98, 113), (98, 114), (98, 116), (98, 117), (98, 119), (98, 121), (98, 123), (98, 124), (98, 126), (98, 128), (98, 132), (98, 134), (98, 137), (98, 139), (98, 145), (98, 147), (98, 148), (98, 149), (99, 101), (99, 102), (99, 103), (99, 105), (99, 106), (99, 108), (99, 109), (99, 113), (99, 115), (99, 118), (99, 119), (99, 120), (99, 122), (99, 123), (99, 124), (99, 125), (99, 128), (99, 131), (99, 132), (99, 133), (99, 134), (99, 135), (99, 136), (99, 138), (99, 139), (99, 140), (99, 143), (99, 145), (99, 148), (99, 149), (100, 102), (100, 103), (100, 104), (100, 105), (100, 106), (100, 110), (100, 111), (100, 112), (100, 113), (100, 114), (100, 115), (100, 116), (100, 124), (100, 126), (100, 129), (100, 132), (100, 133), (100, 134), (100, 135), (100, 136), (100, 137), (100, 138), (100, 139), (100, 140), (100, 141), (100, 143), (100, 144), (100, 145), (100, 146), (100, 149), (101, 103), (101, 104), (101, 107), (101, 111), (101, 112), (101, 113), (101, 115), (101, 116), (101, 117), (101, 120), (101, 121), (101, 122), (101, 124), (101, 125), (101, 126), (101, 129), (101, 132), (101, 134), (101, 135), (101, 136), (101, 137), (101, 139), (101, 141), (101, 143), (101, 144), (101, 147), (101, 148), (101, 149), (102, 103), (102, 104), (102, 106), (102, 107), (102, 110), (102, 112), (102, 113), (102, 118), (102, 120), (102, 121), (102, 123), (102, 126), (102, 127), (102, 133), (102, 135), (102, 136), (102, 140), (102, 141), (102, 142), (102, 143), (102, 148), (102, 149), (103, 104), (103, 105), (103, 107), (103, 108), (103, 109), (103, 110), (103, 112), (103, 113), (103, 114), (103, 118), (103, 122), (103, 123), (103, 124), (103, 125), (103, 129), (103, 130), (103, 131), (103, 133), (103, 135), (103, 136), (103, 137), (103, 142), (103, 144), (103, 145), (103, 147), (103, 149), (104, 105), (104, 106), (104, 107), (104, 108), (104, 111), (104, 114), (104, 115), (104, 116), (104, 118), (104, 119), (104, 121), (104, 122), (104, 124), (104, 126), (104, 127), (104, 128), (104, 129), (104, 132), (104, 134), (104, 135), (104, 138), (104, 140), (104, 141), (104, 142), (104, 145), (104, 146), (104, 148), (105, 106), (105, 108), (105, 109), (105, 111), (105, 114), (105, 115), (105, 116), (105, 117), (105, 118), (105, 121), (105, 122), (105, 123), (105, 125), (105, 127), (105, 128), (105, 130), (105, 131), (105, 133), (105, 135), (105, 139), (105, 140), (105, 141), (105, 143), (105, 145), (105, 147), (105, 148), (105, 149), (106, 107), (106, 108), (106, 110), (106, 114), (106, 116), (106, 117), (106, 118), (106, 120), (106, 121), (106, 127), (106, 128), (106, 130), (106, 134), (106, 135), (106, 137), (106, 140), (106, 143), (106, 144), (106, 146), (106, 147), (106, 148), (106, 149), (107, 108), (107, 109), (107, 111), (107, 114), (107, 115), (107, 117), (107, 118), (107, 119), (107, 122), (107, 123), (107, 124), (107, 125), (107, 126), (107, 127), (107, 128), (107, 130), (107, 132), (107, 135), (107, 138), (107, 142), (107, 144), (107, 147), (107, 148), (107, 149), (108, 110), (108, 111), (108, 112), (108, 113), (108, 114), (108, 116), (108, 118), (108, 121), (108, 123), (108, 124), (108, 125), (108, 126), (108, 127), (108, 128), (108, 135), (108, 136), (108, 137), (108, 139), (108, 140), (108, 142), (108, 143), (108, 144), (108, 145), (108, 146), (108, 148), (109, 110), (109, 112), (109, 117), (109, 118), (109, 119), (109, 120), (109, 121), (109, 124), (109, 127), (109, 128), (109, 129), (109, 130), (109, 132), (109, 133), (109, 134), (109, 136), (109, 138), (109, 139), (109, 140), (109, 141), (109, 145), (109, 148), (109, 149), (110, 111), (110, 116), (110, 117), (110, 118), (110, 119), (110, 121), (110, 123), (110, 124), (110, 125), (110, 126), (110, 127), (110, 133), (110, 134), (110, 135), (110, 137), (110, 139), (110, 142), (110, 144), (110, 147), (110, 148), (110, 149), (111, 114), (111, 118), (111, 119), (111, 121), (111, 123), (111, 126), (111, 128), (111, 129), (111, 131), (111, 135), (111, 137), (111, 138), (111, 139), (111, 140), (111, 143), (111, 144), (111, 147), (111, 148), (112, 113), (112, 114), (112, 117), (112, 118), (112, 119), (112, 120), (112, 121), (112, 125), (112, 126), (112, 127), (112, 128), (112, 129), (112, 130), (112, 133), (112, 134), (112, 136), (112, 137), (112, 138), (112, 143), (112, 146), (112, 147), (112, 149), (113, 115), (113, 116), (113, 119), (113, 120), (113, 121), (113, 124), (113, 125), (113, 126), (113, 130), (113, 131), (113, 133), (113, 134), (113, 135), (113, 137), (113, 140), (113, 141), (113, 143), (113, 149), (114, 118), (114, 120), (114, 121), (114, 122), (114, 123), (114, 124), (114, 126), (114, 127), (114, 128), (114, 129), (114, 131), (114, 135), (114, 137), (114, 140), (114, 141), (114, 143), (114, 145), (114, 146), (114, 147), (114, 149), (115, 116), (115, 118), (115, 120), (115, 123), (115, 124), (115, 128), (115, 129), (115, 130), (115, 131), (115, 132), (115, 134), (115, 135), (115, 138), (115, 139), (115, 140), (115, 144), (115, 146), (115, 148), (116, 117), (116, 118), (116, 125), (116, 126), (116, 127), (116, 129), (116, 130), (116, 131), (116, 132), (116, 133), (116, 134), (116, 136), (116, 138), (116, 139), (116, 140), (116, 141), (116, 144), (116, 147), (116, 148), (117, 120), (117, 122), (117, 123), (117, 124), (117, 125), (117, 126), (117, 127), (117, 130), (117, 134), (117, 135), (117, 136), (117, 139), (117, 140), (117, 141), (117, 142), (117, 144), (117, 145), (117, 147), (118, 120), (118, 122), (118, 126), (118, 128), (118, 129), (118, 131), (118, 132), (118, 137), (118, 139), (118, 140), (118, 141), (118, 144), (118, 145), (118, 146), (118, 147), (118, 148), (119, 122), (119, 123), (119, 124), (119, 126), (119, 127), (119, 130), (119, 131), (119, 132), (119, 134), (119, 135), (119, 138), (119, 139), (119, 140), (119, 142), (119, 144), (119, 145), (119, 146), (119, 147), (119, 148), (120, 123), (120, 126), (120, 127), (120, 128), (120, 129), (120, 130), (120, 131), (120, 140), (120, 142), (120, 143), (120, 144), (120, 145), (120, 148), (120, 149), (121, 122), (121, 123), (121, 124), (121, 126), (121, 127), (121, 128), (121, 130), (121, 132), (121, 133), (121, 134), (121, 136), (121, 137), (121, 138), (121, 139), (121, 141), (121, 142), (121, 144), (121, 145), (121, 146), (121, 147), (121, 148), (122, 124), (122, 125), (122, 128), (122, 131), (122, 133), (122, 134), (122, 135), (122, 142), (122, 143), (122, 144), (122, 145), (122, 146), (122, 147), (122, 148), (122, 149), (123, 124), (123, 127), (123, 128), (123, 130), (123, 133), (123, 134), (123, 135), (123, 137), (123, 138), (123, 140), (123, 141), (123, 143), (124, 128), (124, 129), (124, 131), (124, 132), (124, 134), (124, 135), (124, 136), (124, 137), (124, 139), (124, 140), (124, 141), (124, 142), (124, 146), (124, 148), (124, 149), (125, 126), (125, 128), (125, 129), (125, 130), (125, 131), (125, 132), (125, 133), (125, 135), (125, 136), (125, 137), (125, 138), (125, 140), (125, 141), (125, 143), (125, 144), (125, 145), (125, 148), (126, 128), (126, 130), (126, 131), (126, 133), (126, 134), (126, 137), (126, 138), (126, 139), (126, 141), (126, 142), (126, 143), (126, 144), (126, 145), (126, 149), (127, 131), (127, 133), (127, 134), (127, 135), (127, 136), (127, 138), (127, 139), (127, 140), (127, 141), (127, 143), (127, 145), (127, 147), (127, 148), (127, 149), (128, 129), (128, 131), (128, 133), (128, 138), (128, 139), (128, 140), (128, 141), (128, 143), (128, 148), (128, 149), (129, 130), (129, 132), (129, 133), (129, 135), (129, 138), (129, 140), (129, 141), (129, 143), (129, 144), (129, 145), (129, 146), (129, 147), (130, 131), (130, 132), (130, 135), (130, 136), (130, 139), (130, 140), (130, 143), (130, 147), (130, 148), (131, 132), (131, 133), (131, 134), (131, 135), (131, 136), (131, 137), (131, 138), (131, 139), (131, 140), (131, 142), (131, 143), (131, 144), (131, 147), (131, 149), (132, 134), (132, 135), (132, 137), (132, 139), (132, 140), (132, 142), (132, 143), (132, 144), (132, 145), (132, 146), (132, 148), (133, 135), (133, 136), (133, 138), (133, 140), (133, 141), (133, 143), (133, 147), (133, 148), (133, 149), (134, 135), (134, 137), (134, 144), (134, 145), (134, 146), (134, 147), (134, 148), (135, 136), (135, 138), (135, 139), (135, 140), (135, 141), (135, 142), (135, 143), (135, 144), (135, 147), (135, 148), (136, 138), (136, 139), (136, 140), (136, 142), (136, 143), (136, 146), (136, 147), (137, 139), (137, 140), (137, 141), (137, 144), (137, 146), (137, 147), (137, 148), (137, 149), (138, 139), (138, 140), (138, 141), (138, 143), (138, 145), (139, 140), (139, 141), (139, 142), (139, 144), (139, 145), (139, 148), (139, 149), (140, 141), (140, 142), (140, 143), (140, 144), (140, 146), (140, 148), (140, 149), (141, 142), (141, 143), (141, 146), (141, 147), (141, 148), (142, 143), (142, 147), (143, 145), (143, 146), (143, 147), (143, 148), (143, 149), (144, 146), (144, 147), (144, 148), (144, 149), (145, 146), (145, 149), (146, 148), (146, 149), (147, 148), (147, 149), 
log2_p_plus:          -1.17521
log2_1_minus_p_plus:  -0.843784
log2_p_minus:         -1.17521
log2_1_minus_p_minus: -0.843784
p_plus:  0.44282
p_minus: 0.44282

  Beginning edge heuristic pre-computation...
  ...Finished edge heuristic pre-computation.
The special edge set gets a score of -9337.04

Beginning Iteration 1...
	Mutating
	Mating
	Scoring
...Finished iteration with a best score of -9429.28

Beginning Iteration 2...
	Mutating
	Mating
	Scoring
...Finished iteration with a best score of -9429.28

Beginning Iteration 3...
	Mutating
	Mating
	Scoring
...Finished iteration with a best score of -9429.28

Beginning Iteration 4...
	Mutating
	Mating
	Scoring
...Finished iteration with a best score of -9429.28

Beginning Iteration 5...
	Mutating
	Mating
	Scoring
...Finished iteration with a best score of -9429.28

Beginning Iteration 6...
	Mutating
	Mating
	Scoring
...Finished iteration with a best score of -9429.28

Beginning Iteration 7...
	Mutating
	Mating
	Scoring
...Finished iteration with a best score of -9429.28

Beginning Iteration 8...
	Mutating
	Mating
	Scoring
...Finished iteration with a best score of -9429.28

Beginning Iteration 9...
	Mutating
	Mating
	Scoring
...Finished iteration with a best score of -9429.28

Beginning Iteration 10...
	Mutating
	Mating
	Scoring
...Finished iteration with a best score of -9429.28

Beginning Iteration 11...
	Mutating
	Mating
	Scoring
...Finished iteration with a best score of -9429.28

Beginning Iteration 12...
	Mutating
	Mating
	Scoring
...Finished iteration with a best score of -9429.28

Beginning Iteration 13...
	Mutating
	Mating
	Scoring
...Finished iteration with a best score of -9429.28

Beginning Iteration 14...
	Mutating
	Mating
	Scoring
...Finished iteration with a best score of -9429.28

Beginning Iteration 15...
	Mutating
	Mating
	Scoring
...Finished iteration with a best score of -9429.28

Beginning Iteration 16...
	Mutating
	Mating
	Scoring
...Finished iteration with a best score of -9429.28

Beginning Iteration 17...
	Mutating
	Mating
	Scoring
...Finished iteration with a best score of -9429.28

Beginning Iteration 18...
	Mutating
	Mating
	Scoring
...Finished iteration with a best score of -9429.28

Beginning Iteration 19...
	Mutating
	Mating
	Scoring
...Finished iteration with a best score of -9429.28

Beginning Iteration 20...
	Mutating
	Mating
	Scoring
...Finished iteration with a best score of -9429.28

Beginning Iteration 21...
	Mutating
	Mating
	Scoring
...Finished iteration with a best score of -9429.28

Beginning Iteration 22...
	Mutating
	Mating
	Scoring
...Finished iteration with a best score of -9429.28

Beginning Iteration 23...
	Mutating
	Mating
	Scoring
...Finished iteration with a best score of -9429.28

Beginning Iteration 24...
	Mutating
	Mating
	Scoring
...Finished iteration with a best score of -9429.28

Beginning Iteration 25...
	Mutating
	Mating
	Scoring
...Finished iteration with a best score of -9429.28

Beginning Iteration 26...
	Mutating
	Mating
	Scoring
...Finished iteration with a best score of -9429.28

Beginning Iteration 27...
	Mutating
	Mating
	Scoring
...Finished iteration with a best score of -9429.28

Beginning Iteration 28...
	Mutating
	Mating
	Scoring
...Finished iteration with a best score of -9429.28

Beginning Iteration 29...
	Mutating
	Mating
	Scoring
...Finished iteration with a best score of -9429.28

Beginning Iteration 30...
	Mutating
	Mating
	Scoring
...Finished iteration with a best score of -9429.28

Beginning Iteration 31...
	Mutating
	Mating
	Scoring
...Finished iteration with a best score of -9429.28

Beginning Iteration 32...
	Mutating
	Mating
	Scoring
...Finished iteration with a best score of -9429.28

Beginning Iteration 33...
	Mutating
	Mating
	Scoring
...Finished iteration with a best score of -9429.28

Beginning Iteration 34...
	Mutating
	Mating
	Scoring
...Finished iteration with a best score of -9429.28

Beginning Iteration 35...
	Mutating
	Mating
	Scoring
...Finished iteration with a best score of -9429.28

Beginning Iteration 36...
	Mutating
	Mating
	Scoring
...Finished iteration with a best score of -9429.28

Beginning Iteration 37...
	Mutating
	Mating
	Scoring
...Finished iteration with a best score of -9429.28

Beginning Iteration 38...
	Mutating
	Mating
	Scoring
...Finished iteration with a best score of -9429.28

Beginning Iteration 39...
	Mutating
	Mating
	Scoring
...Finished iteration with a best score of -9429.28

Beginning Iteration 40...
	Mutating
	Mating
	Scoring
...Finished iteration with a best score of -9429.28

Beginning Iteration 41...
	Mutating
	Mating
	Scoring
...Finished iteration with a best score of -9429.28

Beginning Iteration 42...
	Mutating
	Mating
	Scoring
...Finished iteration with a best score of -9429.28

Beginning Iteration 43...
	Mutating
	Mating
	Scoring
...Finished iteration with a best score of -9429.28

Beginning Iteration 44...
	Mutating
	Mating
	Scoring
...Finished iteration with a best score of -9429.28

Beginning Iteration 45...
	Mutating
	Mating
	Scoring
...Finished iteration with a best score of -9429.28

Beginning Iteration 46...
	Mutating
	Mating
	Scoring
...Finished iteration with a best score of -9429.28

Beginning Iteration 47...
	Mutating
	Mating
	Scoring
...Finished iteration with a best score of -9429.28

Beginning Iteration 48...
	Mutating
	Mating
	Scoring
...Finished iteration with a best score of -9429.28

Beginning Iteration 49...
	Mutating
	Mating
	Scoring
...Finished iteration with a best score of -9429.28

Beginning Iteration 50...
	Mutating
	Mating
	Scoring
...Finished iteration with a best score of -9429.28

Beginning Iteration 51...
	Mutating
	Mating
	Scoring
...Finished iteration with a best score of -9429.28

Beginning Iteration 52...
	Mutating
	Mating
	Scoring
...Finished iteration with a best score of -9429.28

Beginning Iteration 53...
	Mutating
	Mating
	Scoring
...Finished iteration with a best score of -9429.28

Beginning Iteration 54...
	Mutating
	Mating
	Scoring
...Finished iteration with a best score of -9429.28

Beginning Iteration 55...
	Mutating
	Mating
	Scoring
...Finished iteration with a best score of -9429.28

Beginning Iteration 56...
	Mutating
	Mating
	Scoring
...Finished iteration with a best score of -9429.28

Beginning Iteration 57...
	Mutating
	Mating
	Scoring
...Finished iteration with a best score of -9429.28

Beginning Iteration 58...
	Mutating
	Mating
	Scoring
...Finished iteration with a best score of -9429.28

Beginning Iteration 59...
	Mutating
	Mating
	Scoring
...Finished iteration with a best score of -9429.28

Beginning Iteration 60...
	Mutating
	Mating
	Scoring
...Finished iteration with a best score of -9429.28

Beginning Iteration 61...
	Mutating
	Mating
	Scoring
...Finished iteration with a best score of -9429.28

Beginning Iteration 62...
	Mutating
	Mating
	Scoring
...Finished iteration with a best score of -9429.28

Beginning Iteration 63...
	Mutating
	Mating
	Scoring
...Finished iteration with a best score of -9429.28

Beginning Iteration 64...
	Mutating
	Mating
	Scoring
...Finished iteration with a best score of -9429.28

Beginning Iteration 65...
	Mutating
	Mating
	Scoring
...Finished iteration with a best score of -9429.28

Beginning Iteration 66...
	Mutating
	Mating
	Scoring
...Finished iteration with a best score of -9429.28

Beginning Iteration 67...
	Mutating
	Mating
	Scoring
...Finished iteration with a best score of -9429.28

Beginning Iteration 68...
	Mutating
	Mating
	Scoring
...Finished iteration with a best score of -9429.28

Beginning Iteration 69...
	Mutating
	Mating
	Scoring
...Finished iteration with a best score of -9429.28

Beginning Iteration 70...
	Mutating
	Mating
	Scoring
...Finished iteration with a best score of -9429.28

Beginning Iteration 71...
	Mutating
	Mating
	Scoring
...Finished iteration with a best score of -9429.28

Beginning Iteration 72...
	Mutating
	Mating
	Scoring
...Finished iteration with a best score of -9429.28

Beginning Iteration 73...
	Mutating
	Mating
	Scoring
...Finished iteration with a best score of -9429.28

Beginning Iteration 74...
	Mutating
	Mating
	Scoring
...Finished iteration with a best score of -9429.28

Beginning Iteration 75...
	Mutating
	Mating
	Scoring
...Finished iteration with a best score of -9429.28

Beginning Iteration 76...
	Mutating
	Mating
	Scoring
...Finished iteration with a best score of -9429.28

Beginning Iteration 77...
	Mutating
	Mating
	Scoring
...Finished iteration with a best score of -9429.28

Beginning Iteration 78...
	Mutating
	Mating
	Scoring
...Finished iteration with a best score of -9429.28

Beginning Iteration 79...
	Mutating
	Mating
	Scoring
...Finished iteration with a best score of -9429.28

Beginning Iteration 80...
	Mutating
	Mating
	Scoring
...Finished iteration with a best score of -9429.28

Beginning Iteration 81...
	Mutating
	Mating
	Scoring
...Finished iteration with a best score of -9429.28

Beginning Iteration 82...
	Mutating
	Mating
	Scoring
...Finished iteration with a best score of -9429.28

Beginning Iteration 83...
	Mutating
	Mating
	Scoring
...Finished iteration with a best score of -9429.28

Beginning Iteration 84...
	Mutating
	Mating
	Scoring
...Finished iteration with a best score of -9429.28

Beginning Iteration 85...
	Mutating
	Mating
	Scoring
...Finished iteration with a best score of -9429.28

Beginning Iteration 86...
	Mutating
	Mating
	Scoring
...Finished iteration with a best score of -9429.28

Beginning Iteration 87...
	Mutating
	Mating
	Scoring
...Finished iteration with a best score of -9429.28

Beginning Iteration 88...
	Mutating
	Mating
	Scoring
...Finished iteration with a best score of -9429.28

Beginning Iteration 89...
	Mutating
	Mating
	Scoring
...Finished iteration with a best score of -9429.28

Beginning Iteration 90...
	Mutating
	Mating
	Scoring
...Finished iteration with a best score of -9429.28

Beginning Iteration 91...
	Mutating
	Mating
	Scoring
...Finished iteration with a best score of -9429.28

Beginning Iteration 92...
	Mutating
	Mating
	Scoring
...Finished iteration with a best score of -9429.28

Beginning Iteration 93...
	Mutating
	Mating
	Scoring
...Finished iteration with a best score of -9429.28

Beginning Iteration 94...
	Mutating
	Mating
	Scoring
...Finished iteration with a best score of -9429.28

Beginning Iteration 95...
	Mutating
	Mating
	Scoring
...Finished iteration with a best score of -9429.28

Beginning Iteration 96...
	Mutating
	Mating
	Scoring
...Finished iteration with a best score of -9429.28

Beginning Iteration 97...
	Mutating
	Mating
	Scoring
...Finished iteration with a best score of -9429.28

Beginning Iteration 98...
	Mutating
	Mating
	Scoring
...Finished iteration with a best score of -9429.28

Beginning Iteration 99...
	Mutating
	Mating
	Scoring
...Finished iteration with a best score of -9429.28

Beginning Iteration 100...
	Mutating
	Mating
	Scoring
...Finished iteration with a best score of -9429.28

Beginning Iteration 101...
	Mutating
	Mating
	Scoring
...Finished iteration with a best score of -9429.28

Beginning Iteration 102...
	Mutating
	Mating
	Scoring
...Finished iteration with a best score of -9429.28

Beginning Iteration 103...
	Mutating
	Mating
	Scoring
...Finished iteration with a best score of -9429.28

Beginning Iteration 104...
	Mutating
	Mating
	Scoring
...Finished iteration with a best score of -9429.28

Beginning Iteration 105...
	Mutating
	Mating
	Scoring
...Finished iteration with a best score of -9429.28

Beginning Iteration 106...
	Mutating
	Mating
	Scoring
...Finished iteration with a best score of -9429.28

Beginning Iteration 107...
	Mutating
	Mating
	Scoring
...Finished iteration with a best score of -9429.28

Beginning Iteration 108...
	Mutating
	Mating
	Scoring
...Finished iteration with a best score of -9429.28

Beginning Iteration 109...
	Mutating
	Mating
	Scoring
...Finished iteration with a best score of -9429.28

Beginning Iteration 110...
	Mutating
	Mating
	Scoring
...Finished iteration with a best score of -9429.28

Beginning Iteration 111...
	Mutating
	Mating
	Scoring
...Finished iteration with a best score of -9429.28

Beginning Iteration 112...
	Mutating
	Mating
	Scoring
...Finished iteration with a best score of -9429.28

Beginning Iteration 113...
	Mutating
	Mating
	Scoring
...Finished iteration with a best score of -9429.28

Beginning Iteration 114...
	Mutating
	Mating
	Scoring
...Finished iteration with a best score of -9429.28

Beginning Iteration 115...
	Mutating
	Mating
	Scoring
...Finished iteration with a best score of -9429.28

Beginning Iteration 116...
	Mutating
	Mating
	Scoring
...Finished iteration with a best score of -9429.28

Beginning Iteration 117...
	Mutating
	Mating
	Scoring
...Finished iteration with a best score of -9429.28

Beginning Iteration 118...
	Mutating
	Mating
	Scoring
...Finished iteration with a best score of -9429.28

Beginning Iteration 119...
	Mutating
	Mating
	Scoring
...Finished iteration with a best score of -9429.28

Beginning Iteration 120...
	Mutating
	Mating
	Scoring
...Finished iteration with a best score of -9429.28

Beginning Iteration 121...
	Mutating
	Mating
	Scoring
...Finished iteration with a best score of -9429.28

Beginning Iteration 122...
	Mutating
	Mating
	Scoring
...Finished iteration with a best score of -9429.28

Beginning Iteration 123...
	Mutating
	Mating
	Scoring
...Finished iteration with a best score of -9429.28

Beginning Iteration 124...
	Mutating
	Mating
	Scoring
...Finished iteration with a best score of -9429.28

Beginning Iteration 125...
	Mutating
	Mating
	Scoring
...Finished iteration with a best score of -9429.28

Beginning Iteration 126...
	Mutating
	Mating
	Scoring
...Finished iteration with a best score of -9429.28

Beginning Iteration 127...
	Mutating
	Mating
	Scoring
...Finished iteration with a best score of -9429.28

Beginning Iteration 128...
	Mutating
	Mating
	Scoring
...Finished iteration with a best score of -9429.28

Beginning Iteration 129...
	Mutating
	Mating
	Scoring
...Finished iteration with a best score of -9429.28

Beginning Iteration 130...
	Mutating
	Mating
	Scoring
...Finished iteration with a best score of -9429.28

Beginning Iteration 131...
	Mutating
	Mating
	Scoring
...Finished iteration with a best score of -9429.28

Beginning Iteration 132...
	Mutating
	Mating
	Scoring
...Finished iteration with a best score of -9429.28

Beginning Iteration 133...
	Mutating
	Mating
	Scoring
...Finished iteration with a best score of -9429.28

Beginning Iteration 134...
	Mutating
	Mating
	Scoring
...Finished iteration with a best score of -9429.28

Beginning Iteration 135...
	Mutating
	Mating
	Scoring
...Finished iteration with a best score of -9429.28

Beginning Iteration 136...
	Mutating
	Mating
	Scoring
...Finished iteration with a best score of -9429.28

Beginning Iteration 137...
	Mutating
	Mating
	Scoring
...Finished iteration with a best score of -9429.28

Beginning Iteration 138...
	Mutating
	Mating
	Scoring
...Finished iteration with a best score of -9429.28

Beginning Iteration 139...
	Mutating
	Mating
	Scoring
...Finished iteration with a best score of -9429.28

Beginning Iteration 140...
	Mutating
	Mating
	Scoring
...Finished iteration with a best score of -9429.28

Beginning Iteration 141...
	Mutating
	Mating
	Scoring
...Finished iteration with a best score of -9429.28

Beginning Iteration 142...
	Mutating
	Mating
	Scoring
...Finished iteration with a best score of -9429.28

Beginning Iteration 143...
	Mutating
	Mating
	Scoring
...Finished iteration with a best score of -9429.28

Beginning Iteration 144...
	Mutating
	Mating
	Scoring
...Finished iteration with a best score of -9429.28

Beginning Iteration 145...
	Mutating
	Mating
	Scoring
...Finished iteration with a best score of -9429.28

Beginning Iteration 146...
	Mutating
	Mating
	Scoring
...Finished iteration with a best score of -9429.28

Beginning Iteration 147...
	Mutating
	Mating
	Scoring
...Finished iteration with a best score of -9429.28

Beginning Iteration 148...
	Mutating
	Mating
	Scoring
...Finished iteration with a best score of -9429.28

Beginning Iteration 149...
	Mutating
	Mating
	Scoring
...Finished iteration with a best score of -9429.28

Beginning Iteration 150...
	Mutating
	Mating
	Scoring
...Finished iteration with a best score of -9429.28

With a score of -9429.28 we have log2(|Aut(G_H)|) of 0
With edges: 


With a score of -9429.61 we have log2(|Aut(G_H)|) of 0
With edges: 
(49, 94), 

With a score of -9429.61 we have log2(|Aut(G_H)|) of 0
With edges: 
(23, 105), 

With a score of -9429.61 we have log2(|Aut(G_H)|) of 0
With edges: 
(49, 118), 

With a score of -9429.61 we have log2(|Aut(G_H)|) of 0
With edges: 
(34, 80), 

With a score of -9429.61 we have log2(|Aut(G_H)|) of 0
With edges: 
(73, 120), 

With a score of -9429.61 we have log2(|Aut(G_H)|) of 0
With edges: 
(1, 109), 

With a score of -9429.61 we have log2(|Aut(G_H)|) of 0
With edges: 
(15, 72), 

With a score of -9429.61 we have log2(|Aut(G_H)|) of 0
With edges: 
(25, 91), 

With a score of -9429.61 we have log2(|Aut(G_H)|) of 0
With edges: 
(54, 86), 

