0 198
0 197
0 195
0 194
0 191
0 189
0 185
0 181
0 180
0 177
0 176
0 174
0 172
0 168
0 167
0 166
0 164
0 163
0 161
0 160
0 159
0 157
0 153
0 152
0 151
0 149
0 145
0 142
0 138
0 135
0 132
0 129
0 128
0 58
0 56
0 50
0 47
0 44
0 43
0 39
0 36
0 34
0 33
0 32
0 30
0 13
0 12
0 11
0 8
0 7
0 6
0 5
0 4
0 14
0 18
0 22
0 23
0 25
0 26
0 28
0 29
0 60
0 64
0 67
0 70
0 71
0 72
0 75
0 76
0 78
0 80
0 81
0 84
0 87
0 91
0 94
0 96
0 100
0 101
0 103
0 107
0 108
0 113
0 115
0 116
0 118
0 121
0 122
0 124
0 125
0 126
1 199
1 198
1 196
1 194
1 191
1 189
1 188
1 186
1 184
1 183
1 181
1 180
1 179
1 178
1 177
1 175
1 174
1 173
1 171
1 170
1 167
1 166
1 165
1 161
1 160
1 154
1 153
1 152
1 150
1 148
1 147
1 146
1 145
1 144
1 143
1 139
1 137
1 135
1 133
1 132
1 130
1 129
1 57
1 55
1 51
1 49
1 48
1 43
1 41
1 38
1 34
1 12
1 11
1 10
1 6
1 4
1 3
1 59
1 14
1 19
1 24
1 25
1 28
1 60
1 63
1 65
1 66
1 69
1 73
1 74
1 75
1 76
1 77
1 78
1 79
1 81
1 82
1 83
1 89
1 90
1 93
1 96
1 97
1 99
1 100
1 102
1 104
1 106
1 107
1 109
1 110
1 111
1 114
1 117
1 120
1 123
2 197
2 195
2 194
2 186
2 185
2 184
2 180
2 179
2 172
2 171
2 167
2 162
2 160
2 159
2 157
2 156
2 154
2 153
2 152
2 150
2 148
2 144
2 141
2 140
2 136
2 135
2 132
2 131
2 129
2 56
2 55
2 54
2 50
2 49
2 47
2 46
2 41
2 40
2 39
2 32
2 11
2 9
2 6
2 5
2 3
2 13
2 29
2 15
2 17
2 20
2 21
2 22
2 26
2 27
2 60
2 61
2 63
2 64
2 67
2 71
2 72
2 74
2 79
2 81
2 86
2 87
2 89
2 93
2 94
2 95
2 96
2 98
2 99
2 100
2 101
2 104
2 106
2 109
2 110
2 114
2 115
2 118
2 120
2 126
3 199
3 197
3 195
3 193
3 192
3 190
3 189
3 187
3 186
3 180
3 175
3 172
3 168
3 164
3 162
3 159
3 158
3 155
3 148
3 146
3 145
3 144
3 141
3 140
3 139
3 137
3 134
3 132
3 129
3 128
3 58
3 56
3 54
3 49
3 48
3 47
3 46
3 45
3 43
3 37
3 35
3 34
3 33
3 12
3 11
3 8
3 4
3 13
3 29
3 16
3 17
3 21
3 22
3 23
3 25
3 28
3 60
3 61
3 63
3 66
3 68
3 70
3 74
3 79
3 80
3 83
3 86
3 87
3 88
3 89
3 91
3 93
3 95
3 102
3 103
3 105
3 106
3 109
3 113
3 116
3 119
3 122
3 123
3 124
3 125
3 126
4 198
4 197
4 195
4 194
4 193
4 191
4 189
4 188
4 187
4 184
4 181
4 175
4 170
4 168
4 166
4 165
4 164
4 162
4 161
4 159
4 157
4 154
4 151
4 146
4 143
4 142
4 140
4 136
4 133
4 131
4 56
4 55
4 52
4 49
4 48
4 46
4 45
4 37
4 36
4 34
4 31
4 11
4 10
4 9
4 8
4 7
4 6
4 5
4 13
4 14
4 15
4 16
4 18
4 19
4 22
4 23
4 25
4 26
4 60
4 62
4 64
4 66
4 68
4 69
4 70
4 71
4 73
4 77
4 79
4 81
4 83
4 84
4 86
4 88
4 90
4 94
4 96
4 97
4 98
4 99
4 101
4 102
4 103
4 104
4 105
4 106
4 108
4 109
4 111
4 114
4 117
4 118
4 120
4 121
4 125
5 199
5 198
5 197
5 191
5 190
5 189
5 187
5 183
5 180
5 178
5 175
5 174
5 173
5 170
5 166
5 160
5 158
5 157
5 156
5 155
5 152
5 147
5 136
5 135
5 134
5 131
5 130
5 129
5 128
5 57
5 55
5 53
5 46
5 44
5 43
5 42
5 41
5 40
5 37
5 36
5 35
5 33
5 30
5 11
5 7
5 13
5 127
5 29
5 15
5 17
5 21
5 22
5 25
5 26
5 61
5 67
5 69
5 70
5 72
5 74
5 75
5 77
5 81
5 83
5 85
5 86
5 87
5 89
5 93
5 94
5 95
5 99
5 100
5 101
5 103
5 104
5 105
5 108
5 109
5 111
5 112
5 113
5 115
5 119
5 121
5 122
5 123
6 199
6 197
6 189
6 182
6 177
6 169
6 167
6 163
6 158
6 157
6 156
6 154
6 152
6 151
6 143
6 142
6 141
6 140
6 139
6 137
6 136
6 135
6 133
6 132
6 130
6 129
6 58
6 57
6 55
6 54
6 53
6 51
6 50
6 49
6 46
6 44
6 42
6 40
6 39
6 38
6 35
6 32
6 31
6 30
6 12
6 11
6 8
6 13
6 127
6 29
6 15
6 18
6 20
6 23
6 27
6 63
6 66
6 68
6 70
6 73
6 76
6 79
6 81
6 82
6 83
6 85
6 86
6 88
6 89
6 90
6 91
6 93
6 94
6 96
6 99
6 101
6 103
6 106
6 107
6 109
6 110
6 114
6 116
6 117
6 118
6 120
6 123
6 124
6 125
7 199
7 198
7 197
7 191
7 187
7 186
7 185
7 183
7 181
7 180
7 179
7 177
7 175
7 174
7 173
7 172
7 169
7 168
7 165
7 162
7 161
7 160
7 159
7 155
7 154
7 150
7 146
7 144
7 142
7 140
7 138
7 137
7 136
7 134
7 133
7 131
7 130
7 129
7 128
7 58
7 56
7 54
7 53
7 51
7 49
7 43
7 40
7 38
7 37
7 33
7 32
7 30
7 12
7 11
7 10
7 9
7 8
7 127
7 29
7 16
7 17
7 18
7 21
7 24
7 28
7 63
7 64
7 66
7 67
7 70
7 72
7 73
7 74
7 78
7 81
7 82
7 84
7 88
7 89
7 90
7 91
7 92
7 98
7 100
7 103
7 104
7 107
7 110
7 111
7 113
7 114
7 117
7 120
7 121
7 122
7 125
8 197
8 191
8 188
8 187
8 183
8 182
8 181
8 179
8 176
8 173
8 172
8 169
8 167
8 165
8 163
8 161
8 160
8 159
8 157
8 156
8 155
8 151
8 145
8 140
8 138
8 137
8 135
8 133
8 130
8 58
8 55
8 53
8 52
8 51
8 48
8 47
8 46
8 45
8 41
8 40
8 37
8 36
8 35
8 33
8 32
8 12
8 13
8 59
8 127
8 29
8 14
8 16
8 20
8 21
8 22
8 24
8 25
8 26
8 27
8 60
8 65
8 66
8 68
8 69
8 71
8 72
8 79
8 80
8 83
8 85
8 87
8 88
8 92
8 94
8 95
8 100
8 101
8 102
8 103
8 104
8 105
8 107
8 108
8 110
8 111
8 112
8 114
8 115
8 117
8 121
8 123
8 125
9 197
9 195
9 194
9 193
9 192
9 190
9 189
9 188
9 185
9 184
9 183
9 180
9 179
9 178
9 177
9 173
9 172
9 171
9 164
9 163
9 162
9 161
9 159
9 156
9 155
9 154
9 152
9 149
9 148
9 146
9 145
9 144
9 143
9 142
9 138
9 137
9 134
9 131
9 129
9 57
9 56
9 53
9 52
9 50
9 49
9 46
9 42
9 39
9 37
9 33
9 32
9 10
9 13
9 59
9 19
9 20
9 24
9 25
9 61
9 62
9 63
9 64
9 67
9 71
9 76
9 77
9 80
9 81
9 84
9 85
9 86
9 87
9 92
9 93
9 94
9 97
9 98
9 99
9 100
9 101
9 102
9 104
9 105
9 106
9 108
9 114
9 115
9 116
9 119
9 122
9 123
9 124
10 198
10 196
10 194
10 193
10 192
10 189
10 188
10 185
10 182
10 180
10 179
10 177
10 176
10 175
10 172
10 168
10 164
10 158
10 157
10 155
10 154
10 152
10 150
10 148
10 147
10 146
10 145
10 144
10 143
10 141
10 139
10 137
10 136
10 134
10 133
10 130
10 57
10 51
10 50
10 49
10 44
10 43
10 42
10 38
10 36
10 34
10 33
10 32
10 12
10 13
10 127
10 14
10 16
10 18
10 19
10 24
10 25
10 26
10 27
10 60
10 61
10 62
10 63
10 66
10 68
10 70
10 74
10 75
10 76
10 78
10 80
10 81
10 87
10 89
10 90
10 92
10 95
10 99
10 101
10 103
10 107
10 108
10 110
10 111
10 113
10 116
10 118
10 119
10 120
10 121
10 123
10 125
10 126
11 197
11 194
11 188
11 186
11 176
11 172
11 165
11 164
11 158
11 156
11 155
11 154
11 150
11 149
11 148
11 147
11 145
11 144
11 143
11 141
11 140
11 138
11 137
11 136
11 135
11 134
11 131
11 128
11 57
11 55
11 54
11 52
11 50
11 48
11 47
11 46
11 44
11 42
11 37
11 36
11 33
11 12
11 15
11 17
11 18
11 20
11 21
11 22
11 24
11 26
11 27
11 28
11 62
11 63
11 69
11 70
11 73
11 76
11 80
11 89
11 91
11 93
11 96
11 97
11 98
11 99
11 102
11 103
11 106
11 107
11 111
11 112
11 113
11 114
11 115
11 116
11 119
11 122
11 124
11 126
12 199
12 198
12 195
12 192
12 191
12 190
12 189
12 185
12 182
12 181
12 176
12 175
12 174
12 170
12 167
12 166
12 165
12 160
12 159
12 158
12 155
12 154
12 153
12 151
12 150
12 149
12 148
12 147
12 145
12 143
12 137
12 136
12 135
12 132
12 131
12 129
12 128
12 58
12 54
12 53
12 52
12 51
12 50
12 47
12 43
12 41
12 38
12 35
12 31
12 127
12 18
12 19
12 20
12 28
12 63
12 67
12 69
12 70
12 72
12 73
12 79
12 86
12 89
12 90
12 91
12 93
12 98
12 99
12 101
12 105
12 109
12 110
12 111
12 112
12 113
12 115
12 116
12 122
12 124
12 125
13 199
13 196
13 194
13 189
13 184
13 177
13 171
13 170
13 167
13 163
13 162
13 158
13 156
13 155
13 154
13 150
13 149
13 148
13 147
13 145
13 138
13 136
13 135
13 134
13 133
13 131
13 130
13 129
13 57
13 54
13 52
13 50
13 47
13 46
13 45
13 44
13 42
13 40
13 39
13 37
13 59
13 18
13 22
13 23
13 27
13 62
13 63
13 65
13 66
13 67
13 70
13 72
13 73
13 77
13 81
13 90
13 91
13 94
13 95
13 96
13 97
13 98
13 100
13 101
13 102
13 103
13 104
13 107
13 108
13 110
13 111
13 114
13 116
13 118
13 119
13 120
13 121
14 198
14 196
14 195
14 191
14 189
14 187
14 181
14 180
14 179
14 178
14 174
14 172
14 171
14 170
14 169
14 165
14 162
14 158
14 154
14 149
14 148
14 146
14 143
14 142
14 139
14 136
14 133
14 132
14 131
14 130
14 58
14 57
14 56
14 53
14 52
14 48
14 46
14 42
14 38
14 36
14 31
14 59
14 16
14 18
14 21
14 22
14 23
14 26
14 63
14 65
14 66
14 67
14 68
14 71
14 76
14 77
14 80
14 82
14 84
14 86
14 87
14 88
14 91
14 93
14 94
14 96
14 97
14 101
14 105
14 108
14 109
14 110
14 112
14 113
14 115
14 117
14 118
14 123
14 125
14 126
15 199
15 198
15 197
15 190
15 188
15 184
15 183
15 182
15 181
15 180
15 179
15 177
15 174
15 168
15 160
15 159
15 158
15 157
15 156
15 154
15 152
15 149
15 148
15 146
15 145
15 143
15 142
15 138
15 133
15 131
15 129
15 52
15 49
15 47
15 46
15 44
15 42
15 41
15 36
15 35
15 33
15 31
15 30
15 29
15 18
15 19
15 20
15 21
15 22
15 25
15 27
15 60
15 62
15 64
15 66
15 67
15 72
15 81
15 82
15 83
15 92
15 94
15 95
15 96
15 104
15 105
15 112
15 113
15 115
15 116
15 118
15 119
15 121
15 122
15 124
15 125
16 199
16 197
16 196
16 195
16 194
16 192
16 189
16 188
16 187
16 186
16 183
16 177
16 176
16 175
16 168
16 167
16 165
16 164
16 159
16 157
16 156
16 148
16 143
16 140
16 139
16 135
16 134
16 58
16 57
16 52
16 51
16 49
16 48
16 36
16 35
16 32
16 31
16 30
16 127
16 29
16 18
16 26
16 28
16 61
16 65
16 66
16 69
16 73
16 74
16 75
16 76
16 77
16 81
16 84
16 88
16 91
16 93
16 94
16 96
16 100
16 101
16 102
16 105
16 106
16 109
16 118
16 120
17 199
17 198
17 197
17 194
17 191
17 186
17 185
17 183
17 182
17 181
17 180
17 179
17 175
17 174
17 173
17 172
17 170
17 169
17 168
17 165
17 160
17 159
17 156
17 151
17 148
17 147
17 146
17 145
17 142
17 138
17 136
17 133
17 132
17 131
17 129
17 128
17 58
17 52
17 51
17 48
17 45
17 44
17 41
17 39
17 35
17 32
17 30
17 59
17 127
17 29
17 20
17 22
17 24
17 26
17 27
17 62
17 64
17 65
17 67
17 68
17 69
17 74
17 76
17 79
17 83
17 85
17 89
17 90
17 91
17 92
17 95
17 97
17 98
17 99
17 104
17 106
17 107
17 108
17 110
17 115
17 117
17 122
17 123
17 125
18 196
18 194
18 193
18 187
18 183
18 182
18 181
18 179
18 177
18 176
18 171
18 170
18 168
18 164
18 163
18 160
18 159
18 155
18 150
18 149
18 146
18 145
18 143
18 139
18 137
18 134
18 130
18 128
18 57
18 55
18 53
18 51
18 49
18 46
18 45
18 42
18 39
18 38
18 35
18 30
18 127
18 29
18 21
18 25
18 60
18 66
18 69
18 71
18 74
18 75
18 77
18 82
18 83
18 85
18 86
18 87
18 89
18 91
18 94
18 97
18 99
18 100
18 101
18 104
18 112
18 115
18 118
18 120
18 126
19 199
19 198
19 194
19 192
19 191
19 190
19 185
19 184
19 182
19 180
19 179
19 177
19 176
19 174
19 171
19 168
19 167
19 165
19 153
19 152
19 148
19 147
19 146
19 144
19 142
19 139
19 137
19 136
19 133
19 57
19 56
19 55
19 54
19 53
19 49
19 45
19 44
19 43
19 37
19 36
19 35
19 34
19 33
19 21
19 22
19 23
19 24
19 25
19 26
19 60
19 61
19 63
19 65
19 68
19 73
19 76
19 78
19 82
19 86
19 89
19 95
19 98
19 100
19 103
19 106
19 111
19 113
19 114
19 117
19 120
19 121
19 123
19 124
19 126
20 198
20 197
20 196
20 191
20 188
20 186
20 185
20 183
20 181
20 178
20 177
20 176
20 175
20 173
20 170
20 167
20 162
20 159
20 158
20 157
20 155
20 153
20 152
20 151
20 148
20 143
20 142
20 140
20 139
20 138
20 136
20 134
20 133
20 128
20 58
20 56
20 54
20 53
20 52
20 51
20 49
20 48
20 41
20 40
20 39
20 37
20 34
20 32
20 31
20 59
20 127
20 21
20 23
20 24
20 25
20 26
20 28
20 60
20 62
20 63
20 65
20 67
20 68
20 72
20 73
20 76
20 77
20 78
20 81
20 88
20 89
20 90
20 93
20 95
20 96
20 97
20 105
20 106
20 107
20 109
20 111
20 112
20 114
20 117
20 118
20 121
20 123
20 124
20 126
21 199
21 198
21 195
21 194
21 191
21 190
21 189
21 188
21 187
21 185
21 183
21 179
21 177
21 175
21 172
21 171
21 170
21 169
21 167
21 166
21 164
21 154
21 152
21 151
21 150
21 149
21 148
21 147
21 145
21 142
21 140
21 138
21 136
21 135
21 134
21 132
21 129
21 57
21 55
21 52
21 51
21 48
21 47
21 42
21 41
21 40
21 35
21 34
21 33
21 59
21 29
21 22
21 26
21 64
21 66
21 67
21 68
21 70
21 71
21 72
21 81
21 82
21 84
21 90
21 95
21 100
21 101
21 103
21 107
21 109
21 110
21 111
21 115
21 117
21 120
21 124
21 126
22 199
22 198
22 197
22 196
22 193
22 192
22 191
22 189
22 185
22 184
22 183
22 182
22 180
22 179
22 178
22 176
22 175
22 168
22 165
22 163
22 160
22 159
22 156
22 155
22 154
22 146
22 143
22 142
22 141
22 140
22 139
22 135
22 133
22 129
22 56
22 49
22 48
22 45
22 43
22 42
22 41
22 38
22 37
22 35
22 34
22 32
22 31
22 30
22 23
22 24
22 25
22 62
22 65
22 67
22 70
22 72
22 73
22 78
22 79
22 81
22 82
22 83
22 87
22 88
22 89
22 91
22 93
22 95
22 97
22 98
22 99
22 103
22 106
22 107
22 108
22 117
22 119
22 120
22 123
22 125
22 126
23 196
23 195
23 194
23 192
23 191
23 190
23 188
23 186
23 183
23 182
23 179
23 176
23 175
23 172
23 171
23 168
23 164
23 160
23 151
23 150
23 149
23 148
23 147
23 146
23 145
23 136
23 133
23 132
23 131
23 130
23 129
23 128
23 58
23 55
23 53
23 52
23 48
23 46
23 45
23 44
23 43
23 42
23 41
23 39
23 33
23 31
23 24
23 25
23 60
23 61
23 62
23 63
23 65
23 67
23 68
23 69
23 70
23 71
23 73
23 74
23 75
23 77
23 79
23 81
23 82
23 83
23 84
23 86
23 88
23 89
23 90
23 91
23 92
23 95
23 96
23 99
23 100
23 102
23 103
23 104
23 105
23 106
23 112
23 113
23 118
23 119
23 121
23 124
23 125
24 199
24 195
24 194
24 191
24 190
24 189
24 188
24 187
24 185
24 183
24 182
24 177
24 175
24 174
24 169
24 168
24 166
24 165
24 163
24 161
24 160
24 159
24 157
24 152
24 150
24 148
24 147
24 146
24 144
24 143
24 140
24 128
24 58
24 56
24 53
24 52
24 51
24 48
24 46
24 45
24 44
24 41
24 38
24 37
24 34
24 32
24 31
24 30
24 29
24 25
24 60
24 62
24 63
24 65
24 69
24 70
24 73
24 74
24 75
24 76
24 77
24 78
24 79
24 81
24 86
24 90
24 91
24 96
24 97
24 98
24 102
24 103
24 104
24 113
24 114
24 115
24 118
24 119
24 120
24 123
24 126
25 199
25 194
25 193
25 192
25 190
25 188
25 185
25 184
25 183
25 179
25 177
25 176
25 173
25 172
25 171
25 170
25 166
25 165
25 163
25 162
25 160
25 159
25 157
25 154
25 152
25 151
25 149
25 146
25 145
25 143
25 141
25 140
25 139
25 138
25 135
25 132
25 131
25 129
25 58
25 55
25 53
25 52
25 51
25 50
25 49
25 48
25 42
25 39
25 37
25 35
25 34
25 32
25 127
25 27
25 60
25 64
25 72
25 74
25 75
25 78
25 81
25 83
25 85
25 86
25 87
25 88
25 90
25 91
25 93
25 94
25 102
25 104
25 105
25 108
25 109
25 110
25 112
25 114
25 115
25 116
25 118
25 119
25 121
25 123
26 199
26 198
26 195
26 192
26 186
26 182
26 180
26 179
26 178
26 177
26 171
26 169
26 167
26 166
26 160
26 159
26 155
26 151
26 150
26 148
26 147
26 146
26 144
26 141
26 137
26 135
26 133
26 132
26 57
26 56
26 55
26 54
26 53
26 47
26 45
26 41
26 39
26 36
26 35
26 32
26 60
26 62
26 64
26 65
26 66
26 68
26 71
26 72
26 76
26 77
26 79
26 81
26 82
26 84
26 86
26 92
26 93
26 94
26 97
26 104
26 107
26 108
26 116
26 117
26 119
26 121
26 124
26 125
27 196
27 194
27 192
27 191
27 188
27 185
27 184
27 182
27 176
27 172
27 171
27 167
27 164
27 163
27 162
27 161
27 156
27 153
27 152
27 145
27 144
27 140
27 139
27 136
27 134
27 131
27 130
27 129
27 58
27 55
27 46
27 45
27 43
27 39
27 35
27 30
27 29
27 28
27 62
27 63
27 64
27 65
27 68
27 69
27 70
27 71
27 72
27 75
27 77
27 78
27 79
27 81
27 82
27 84
27 85
27 86
27 89
27 91
27 97
27 99
27 100
27 101
27 103
27 104
27 105
27 106
27 108
27 112
27 119
27 121
27 122
27 124
28 198
28 197
28 194
28 189
28 187
28 186
28 184
28 181
28 179
28 177
28 174
28 173
28 171
28 170
28 166
28 165
28 162
28 161
28 157
28 154
28 152
28 149
28 148
28 146
28 144
28 141
28 139
28 138
28 137
28 136
28 135
28 130
28 128
28 55
28 51
28 49
28 48
28 47
28 44
28 42
28 39
28 38
28 37
28 35
28 34
28 32
28 59
28 29
28 60
28 61
28 63
28 64
28 66
28 67
28 68
28 69
28 71
28 72
28 73
28 74
28 76
28 83
28 84
28 90
28 92
28 96
28 97
28 99
28 101
28 103
28 104
28 105
28 107
28 108
28 111
28 113
28 115
28 118
28 122
28 123
28 124
29 199
29 198
29 195
29 194
29 192
29 188
29 185
29 183
29 182
29 180
29 179
29 176
29 175
29 174
29 168
29 167
29 166
29 164
29 162
29 161
29 159
29 158
29 157
29 155
29 154
29 147
29 144
29 143
29 142
29 140
29 138
29 136
29 133
29 132
29 129
29 128
29 58
29 57
29 54
29 53
29 52
29 51
29 50
29 49
29 47
29 44
29 41
29 40
29 39
29 38
29 35
29 34
29 33
29 31
29 127
29 60
29 62
29 63
29 64
29 72
29 73
29 74
29 75
29 76
29 80
29 82
29 83
29 84
29 86
29 89
29 92
29 100
29 107
29 109
29 111
29 112
29 114
29 115
29 116
29 118
29 119
29 122
30 199
30 198
30 197
30 194
30 193
30 190
30 189
30 188
30 185
30 183
30 182
30 181
30 180
30 179
30 178
30 169
30 165
30 164
30 163
30 162
30 158
30 156
30 155
30 154
30 149
30 148
30 146
30 141
30 139
30 137
30 131
30 129
30 128
30 58
30 53
30 50
30 48
30 47
30 45
30 42
30 40
30 39
30 38
30 33
30 127
30 62
30 63
30 66
30 68
30 70
30 72
30 73
30 75
30 76
30 77
30 78
30 79
30 80
30 84
30 86
30 88
30 92
30 93
30 94
30 98
30 100
30 101
30 104
30 109
30 110
30 113
30 119
30 120
30 122
30 126
31 196
31 195
31 192
31 191
31 188
31 186
31 185
31 183
31 182
31 178
31 176
31 174
31 173
31 168
31 157
31 156
31 155
31 154
31 153
31 151
31 150
31 148
31 147
31 146
31 145
31 142
31 137
31 135
31 133
31 131
31 58
31 57
31 54
31 53
31 52
31 51
31 49
31 46
31 44
31 43
31 42
31 41
31 38
31 37
31 34
31 32
31 60
31 61
31 65
31 66
31 67
31 68
31 69
31 70
31 71
31 75
31 76
31 77
31 78
31 79
31 81
31 82
31 88
31 93
31 94
31 96
31 98
31 100
31 101
31 103
31 104
31 105
31 106
31 109
31 113
31 116
31 119
31 120
31 125
32 197
32 196
32 195
32 194
32 192
32 191
32 190
32 188
32 185
32 183
32 178
32 177
32 176
32 167
32 165
32 161
32 160
32 158
32 156
32 155
32 153
32 150
32 149
32 147
32 146
32 144
32 138
32 135
32 134
32 132
32 131
32 129
32 128
32 58
32 57
32 56
32 54
32 52
32 51
32 48
32 47
32 45
32 43
32 41
32 39
32 38
32 127
32 60
32 61
32 63
32 66
32 67
32 69
32 70
32 78
32 79
32 85
32 89
32 90
32 92
32 94
32 96
32 99
32 103
32 108
32 110
32 116
32 117
32 119
32 121
32 122
32 123
32 126
33 199
33 198
33 197
33 192
33 190
33 189
33 187
33 186
33 184
33 183
33 181
33 179
33 177
33 174
33 173
33 169
33 164
33 163
33 162
33 159
33 156
33 154
33 153
33 152
33 151
33 149
33 148
33 143
33 142
33 140
33 139
33 137
33 133
33 132
33 131
33 58
33 52
33 51
33 49
33 48
33 46
33 44
33 41
33 40
33 35
33 59
33 127
33 61
33 62
33 64
33 65
33 67
33 72
33 78
33 80
33 81
33 91
33 93
33 97
33 99
33 100
33 103
33 104
33 106
33 107
33 113
33 114
33 117
33 118
33 119
33 120
33 121
33 122
33 125
34 193
34 191
34 190
34 187
34 185
34 184
34 182
34 180
34 179
34 177
34 176
34 175
34 173
34 172
34 169
34 166
34 164
34 162
34 161
34 160
34 159
34 152
34 151
34 150
34 141
34 133
34 131
34 129
34 55
34 54
34 49
34 48
34 47
34 45
34 40
34 39
34 36
34 67
34 71
34 72
34 73
34 74
34 75
34 80
34 82
34 87
34 88
34 89
34 91
34 92
34 99
34 102
34 105
34 106
34 107
34 108
34 110
34 114
34 118
34 119
34 121
34 122
34 123
34 126
35 199
35 198
35 196
35 193
35 192
35 191
35 190
35 189
35 188
35 187
35 186
35 185
35 182
35 180
35 179
35 175
35 174
35 172
35 169
35 165
35 164
35 163
35 161
35 159
35 155
35 150
35 148
35 147
35 146
35 145
35 144
35 143
35 142
35 141
35 140
35 137
35 136
35 133
35 132
35 131
35 130
35 129
35 128
35 58
35 56
35 52
35 50
35 49
35 46
35 43
35 42
35 40
35 37
35 59
35 127
35 60
35 61
35 64
35 68
35 69
35 70
35 74
35 76
35 79
35 81
35 85
35 87
35 89
35 90
35 91
35 92
35 94
35 95
35 96
35 97
35 98
35 101
35 102
35 105
35 107
35 108
35 109
35 110
35 113
35 115
35 117
35 120
35 121
35 124
35 125
36 199
36 196
36 195
36 190
36 187
36 186
36 180
36 179
36 177
36 175
36 168
36 167
36 163
36 162
36 161
36 159
36 157
36 156
36 152
36 151
36 149
36 148
36 147
36 145
36 144
36 140
36 139
36 137
36 136
36 135
36 134
36 133
36 132
36 131
36 58
36 56
36 53
36 52
36 51
36 49
36 48
36 47
36 46
36 45
36 44
36 40
36 60
36 61
36 63
36 66
36 67
36 68
36 70
36 72
36 73
36 75
36 77
36 79
36 80
36 83
36 85
36 86
36 96
36 97
36 100
36 102
36 104
36 105
36 107
36 109
36 112
36 113
36 117
36 120
36 122
36 124
37 198
37 196
37 194
37 193
37 189
37 184
37 181
37 180
37 179
37 178
37 174
37 173
37 171
37 170
37 168
37 160
37 157
37 156
37 152
37 149
37 148
37 145
37 144
37 143
37 142
37 141
37 140
37 136
37 135
37 134
37 133
37 129
37 58
37 57
37 55
37 54
37 53
37 51
37 50
37 47
37 45
37 44
37 42
37 40
37 61
37 62
37 63
37 64
37 65
37 70
37 71
37 73
37 74
37 76
37 77
37 81
37 84
37 85
37 87
37 88
37 90
37 91
37 92
37 96
37 97
37 100
37 101
37 102
37 103
37 106
37 109
37 113
37 114
37 115
37 116
37 119
37 122
38 199
38 196
38 195
38 193
38 192
38 191
38 189
38 188
38 187
38 185
38 184
38 179
38 178
38 176
38 171
38 166
38 163
38 157
38 156
38 155
38 151
38 150
38 149
38 148
38 146
38 145
38 144
38 142
38 140
38 137
38 135
38 133
38 131
38 129
38 128
38 58
38 57
38 53
38 52
38 50
38 49
38 48
38 47
38 44
38 42
38 41
38 40
38 39
38 59
38 127
38 60
38 65
38 66
38 69
38 70
38 71
38 74
38 75
38 77
38 80
38 81
38 82
38 87
38 89
38 90
38 91
38 92
38 93
38 95
38 98
38 100
38 102
38 105
38 106
38 108
38 109
38 110
38 111
38 112
38 113
38 114
38 115
38 119
38 121
38 123
39 199
39 197
39 195
39 192
39 191
39 190
39 186
39 183
39 179
39 177
39 176
39 175
39 174
39 170
39 169
39 168
39 167
39 166
39 165
39 164
39 161
39 160
39 159
39 157
39 150
39 149
39 148
39 147
39 146
39 143
39 142
39 141
39 140
39 139
39 137
39 133
39 132
39 129
39 57
39 56
39 53
39 42
39 127
39 60
39 64
39 67
39 73
39 74
39 75
39 76
39 78
39 85
39 87
39 88
39 90
39 91
39 92
39 93
39 94
39 95
39 96
39 98
39 100
39 103
39 105
39 106
39 109
39 110
39 113
39 114
39 119
39 120
39 124
39 125
40 199
40 196
40 195
40 194
40 193
40 192
40 184
40 182
40 180
40 178
40 177
40 176
40 171
40 169
40 166
40 164
40 162
40 161
40 155
40 154
40 153
40 152
40 150
40 148
40 144
40 142
40 138
40 137
40 134
40 133
40 130
40 129
40 128
40 57
40 55
40 51
40 50
40 47
40 43
40 59
40 127
40 60
40 62
40 63
40 66
40 70
40 72
40 75
40 77
40 80
40 81
40 82
40 83
40 87
40 88
40 91
40 94
40 95
40 96
40 99
40 101
40 102
40 103
40 104
40 110
40 112
40 113
40 115
40 116
40 117
40 118
40 122
40 124
40 125
41 196
41 195
41 193
41 192
41 191
41 190
41 187
41 186
41 185
41 184
41 183
41 180
41 176
41 175
41 174
41 171
41 167
41 163
41 160
41 156
41 153
41 152
41 151
41 149
41 148
41 147
41 142
41 141
41 139
41 138
41 137
41 136
41 135
41 132
41 131
41 129
41 128
41 58
41 55
41 54
41 50
41 49
41 48
41 47
41 46
41 44
41 59
41 127
41 60
41 63
41 68
41 69
41 70
41 71
41 73
41 78
41 79
41 83
41 84
41 85
41 89
41 90
41 91
41 95
41 96
41 97
41 103
41 105
41 109
41 110
41 111
41 112
41 114
41 115
41 117
41 118
41 122
41 123
41 125
41 126
42 196
42 189
42 188
42 187
42 186
42 183
42 179
42 178
42 174
42 167
42 164
42 161
42 159
42 157
42 154
42 148
42 145
42 142
42 137
42 136
42 132
42 131
42 130
42 128
42 57
42 56
42 54
42 53
42 48
42 47
42 43
42 63
42 64
42 66
42 69
42 70
42 71
42 73
42 74
42 76
42 77
42 78
42 82
42 84
42 86
42 90
42 91
42 92
42 94
42 95
42 96
42 102
42 104
42 105
42 106
42 108
42 110
42 111
42 116
42 119
42 121
42 122
42 125
42 126
43 197
43 194
43 187
43 186
43 184
43 181
43 178
43 177
43 171
43 170
43 169
43 167
43 165
43 163
43 162
43 161
43 160
43 158
43 156
43 152
43 151
43 148
43 145
43 143
43 141
43 139
43 137
43 133
43 131
43 130
43 129
43 128
43 56
43 55
43 52
43 50
43 49
43 47
43 45
43 127
43 63
43 66
43 68
43 69
43 72
43 73
43 76
43 79
43 80
43 81
43 83
43 85
43 87
43 90
43 91
43 93
43 94
43 96
43 99
43 103
43 104
43 109
43 110
43 112
43 114
43 116
43 117
43 119
43 121
43 123
43 124
44 199
44 198
44 196
44 195
44 194
44 193
44 191
44 190
44 188
44 186
44 184
44 182
44 179
44 177
44 176
44 175
44 174
44 173
44 167
44 163
44 160
44 155
44 153
44 150
44 147
44 146
44 145
44 144
44 143
44 140
44 139
44 134
44 128
44 57
44 56
44 54
44 53
44 51
44 49
44 46
44 64
44 68
44 69
44 70
44 71
44 75
44 79
44 80
44 82
44 83
44 85
44 88
44 91
44 93
44 94
44 101
44 103
44 104
44 106
44 107
44 108
44 115
44 117
44 122
44 124
45 199
45 198
45 191
45 189
45 183
45 182
45 180
45 179
45 176
45 175
45 173
45 171
45 168
45 167
45 165
45 163
45 162
45 161
45 160
45 159
45 156
45 154
45 153
45 150
45 147
45 145
45 140
45 138
45 137
45 135
45 134
45 133
45 130
45 57
45 55
45 54
45 53
45 52
45 51
45 50
45 48
45 47
45 127
45 61
45 62
45 63
45 65
45 66
45 70
45 72
45 73
45 74
45 75
45 76
45 79
45 81
45 83
45 86
45 87
45 89
45 95
45 96
45 99
45 105
45 107
45 108
45 110
45 114
45 116
45 117
45 121
45 124
46 198
46 196
46 194
46 192
46 189
46 187
46 186
46 185
46 181
46 179
46 178
46 174
46 170
46 168
46 167
46 166
46 164
46 163
46 162
46 159
46 156
46 154
46 153
46 148
46 145
46 144
46 142
46 141
46 139
46 131
46 129
46 128
46 58
46 53
46 52
46 59
46 127
46 61
46 62
46 64
46 66
46 67
46 73
46 74
46 78
46 82
46 83
46 87
46 89
46 91
46 93
46 94
46 95
46 103
46 105
46 107
46 108
46 110
46 111
46 115
46 117
46 119
46 120
46 122
46 125
46 126
47 199
47 195
47 191
47 189
47 188
47 185
47 183
47 180
47 175
47 174
47 173
47 170
47 168
47 167
47 166
47 164
47 163
47 162
47 161
47 158
47 157
47 155
47 154
47 153
47 151
47 149
47 148
47 147
47 143
47 142
47 141
47 140
47 139
47 136
47 134
47 132
47 130
47 128
47 57
47 55
47 52
47 50
47 48
47 60
47 61
47 62
47 63
47 66
47 67
47 69
47 71
47 72
47 73
47 74
47 77
47 79
47 80
47 81
47 83
47 85
47 87
47 91
47 92
47 94
47 95
47 97
47 98
47 99
47 102
47 103
47 104
47 106
47 108
47 109
47 111
47 114
47 115
47 116
47 117
47 119
47 120
47 125
47 126
48 199
48 197
48 194
48 190
48 189
48 188
48 186
48 184
48 183
48 182
48 180
48 179
48 171
48 169
48 167
48 164
48 163
48 160
48 159
48 157
48 156
48 155
48 150
48 147
48 143
48 140
48 137
48 135
48 134
48 128
48 58
48 57
48 56
48 55
48 54
48 50
48 59
48 61
48 62
48 65
48 69
48 70
48 74
48 77
48 78
48 79
48 82
48 83
48 84
48 86
48 87
48 88
48 91
48 92
48 96
48 98
48 100
48 102
48 103
48 107
48 108
48 110
48 111
48 113
48 116
48 118
48 120
48 121
48 122
48 123
49 199
49 197
49 196
49 194
49 192
49 188
49 182
49 179
49 178
49 177
49 172
49 169
49 165
49 163
49 155
49 154
49 152
49 151
49 150
49 149
49 148
49 147
49 146
49 142
49 140
49 139
49 138
49 130
49 129
49 128
49 58
49 57
49 54
49 52
49 60
49 61
49 64
49 69
49 70
49 75
49 77
49 79
49 80
49 82
49 88
49 91
49 92
49 93
49 98
49 100
49 103
49 105
49 106
49 109
49 118
49 122
49 123
50 198
50 196
50 195
50 191
50 190
50 188
50 184
50 183
50 181
50 177
50 172
50 171
50 167
50 160
50 157
50 156
50 155
50 154
50 148
50 146
50 140
50 134
50 133
50 132
50 130
50 128
50 55
50 53
50 52
50 60
50 63
50 65
50 66
50 71
50 72
50 73
50 75
50 76
50 79
50 81
50 82
50 83
50 85
50 91
50 93
50 94
50 96
50 97
50 98
50 101
50 102
50 103
50 106
50 107
50 108
50 109
50 110
50 112
50 118
50 119
50 120
50 121
50 123
50 124
50 125
50 126
51 195
51 194
51 187
51 186
51 185
51 182
51 178
51 171
51 170
51 169
51 165
51 164
51 163
51 160
51 158
51 150
51 147
51 144
51 142
51 141
51 138
51 135
51 134
51 133
51 131
51 130
51 129
51 54
51 53
51 52
51 59
51 127
51 60
51 61
51 62
51 63
51 64
51 65
51 67
51 69
51 71
51 74
51 78
51 79
51 82
51 83
51 84
51 86
51 88
51 89
51 91
51 92
51 95
51 100
51 105
51 106
51 107
51 112
51 113
51 114
51 117
51 126
52 197
52 196
52 189
52 184
52 183
52 181
52 180
52 173
52 172
52 170
52 169
52 168
52 167
52 165
52 164
52 162
52 157
52 155
52 154
52 153
52 149
52 147
52 143
52 142
52 141
52 140
52 139
52 136
52 131
52 129
52 128
52 58
52 57
52 54
52 59
52 60
52 65
52 66
52 71
52 73
52 77
52 79
52 80
52 82
52 83
52 84
52 86
52 89
52 90
52 93
52 95
52 97
52 98
52 100
52 101
52 102
52 103
52 105
52 109
52 111
52 112
52 113
52 114
52 115
52 117
52 118
52 121
52 123
52 124
53 199
53 197
53 193
53 190
53 189
53 187
53 186
53 184
53 181
53 179
53 178
53 177
53 174
53 173
53 168
53 165
53 164
53 162
53 159
53 156
53 154
53 152
53 151
53 148
53 147
53 145
53 143
53 139
53 138
53 135
53 134
53 133
53 131
53 129
53 128
53 57
53 56
53 54
53 59
53 61
53 64
53 69
53 70
53 72
53 82
53 84
53 96
53 97
53 105
53 106
53 113
53 114
53 115
53 116
53 117
53 119
53 120
53 122
53 126
54 194
54 192
54 190
54 177
54 176
54 175
54 173
54 171
54 170
54 169
54 167
54 164
54 161
54 160
54 156
54 155
54 154
54 152
54 150
54 148
54 146
54 145
54 143
54 139
54 138
54 134
54 131
54 129
54 128
54 56
54 59
54 63
54 64
54 65
54 66
54 67
54 68
54 70
54 71
54 72
54 73
54 77
54 78
54 79
54 80
54 81
54 84
54 85
54 86
54 89
54 90
54 91
54 92
54 93
54 97
54 101
54 102
54 103
54 104
54 105
54 107
54 108
54 109
54 110
54 113
54 114
54 116
54 117
54 119
54 121
54 125
55 198
55 197
55 195
55 192
55 191
55 187
55 185
55 182
55 181
55 178
55 176
55 175
55 174
55 172
55 169
55 167
55 166
55 165
55 164
55 162
55 159
55 158
55 155
55 154
55 151
55 150
55 149
55 146
55 145
55 136
55 134
55 132
55 131
55 129
55 57
55 127
55 60
55 61
55 64
55 73
55 79
55 80
55 82
55 85
55 89
55 93
55 94
55 95
55 98
55 100
55 101
55 104
55 106
55 107
55 111
55 112
55 115
55 116
55 119
55 120
55 125
55 126
56 198
56 197
56 196
56 195
56 191
56 189
56 187
56 185
56 184
56 182
56 181
56 180
56 179
56 178
56 175
56 173
56 172
56 170
56 168
56 167
56 166
56 161
56 157
56 156
56 152
56 149
56 148
56 143
56 142
56 139
56 138
56 137
56 132
56 130
56 129
56 128
56 58
56 59
56 127
56 64
56 71
56 73
56 79
56 81
56 83
56 84
56 85
56 87
56 89
56 91
56 92
56 98
56 101
56 103
56 108
56 109
56 110
56 113
56 116
56 117
56 119
56 121
56 123
56 124
56 125
56 126
57 192
57 191
57 188
57 187
57 184
57 181
57 179
57 176
57 175
57 174
57 172
57 170
57 163
57 162
57 161
57 159
57 157
57 155
57 153
57 151
57 149
57 144
57 143
57 142
57 141
57 139
57 138
57 137
57 135
57 133
57 132
57 129
57 59
57 127
57 64
57 65
57 68
57 69
57 70
57 71
57 72
57 73
57 74
57 75
57 78
57 80
57 81
57 82
57 83
57 84
57 85
57 86
57 90
57 92
57 93
57 94
57 96
57 102
57 103
57 105
57 106
57 107
57 110
57 112
57 114
57 115
57 118
57 124
57 125
57 126
58 199
58 198
58 196
58 195
58 194
58 193
58 192
58 191
58 190
58 187
58 183
58 181
58 178
58 177
58 175
58 173
58 170
58 169
58 168
58 166
58 164
58 163
58 162
58 161
58 160
58 159
58 154
58 153
58 151
58 149
58 146
58 143
58 139
58 137
58 136
58 133
58 131
58 128
58 59
58 127
58 61
58 64
58 67
58 70
58 71
58 72
58 73
58 74
58 75
58 77
58 78
58 80
58 84
58 86
58 87
58 88
58 89
58 91
58 92
58 93
58 96
58 98
58 99
58 100
58 103
58 107
58 109
58 110
58 111
58 112
58 114
58 115
58 116
58 119
58 120
58 121
59 199
59 197
59 196
59 195
59 194
59 192
59 191
59 190
59 188
59 184
59 183
59 182
59 181
59 179
59 177
59 176
59 175
59 174
59 170
59 167
59 166
59 163
59 162
59 159
59 156
59 155
59 154
59 153
59 147
59 146
59 142
59 141
59 140
59 139
59 135
59 133
59 132
59 131
59 128
59 62
59 63
59 64
59 65
59 66
59 70
59 71
59 78
59 80
59 82
59 88
59 92
59 95
59 102
59 103
59 105
59 106
59 112
59 116
59 117
59 119
59 120
59 121
59 126
60 197
60 196
60 195
60 193
60 191
60 183
60 179
60 172
60 171
60 169
60 168
60 167
60 162
60 161
60 160
60 158
60 155
60 153
60 152
60 149
60 148
60 147
60 146
60 140
60 136
60 135
60 134
60 133
60 132
60 129
60 127
60 61
60 62
60 66
60 70
60 72
60 73
60 78
60 85
60 87
60 88
60 89
60 91
60 94
60 95
60 99
60 107
60 110
60 111
60 112
60 113
60 115
60 117
60 119
60 120
60 121
60 124
61 199
61 198
61 196
61 195
61 194
61 193
61 191
61 190
61 188
61 184
61 183
61 182
61 181
61 180
61 179
61 172
61 171
61 169
61 167
61 165
61 164
61 162
61 160
61 159
61 155
61 154
61 150
61 149
61 148
61 147
61 143
61 140
61 139
61 138
61 136
61 135
61 134
61 133
61 131
61 128
61 63
61 65
61 73
61 75
61 78
61 79
61 80
61 87
61 89
61 90
61 92
61 95
61 96
61 97
61 100
61 104
61 113
61 116
61 120
61 124
61 126
62 197
62 188
62 187
62 186
62 182
62 178
62 175
62 171
62 169
62 167
62 163
62 159
62 157
62 156
62 155
62 149
62 146
62 143
62 142
62 138
62 137
62 134
62 133
62 132
62 127
62 65
62 68
62 69
62 70
62 71
62 74
62 77
62 79
62 80
62 81
62 86
62 88
62 90
62 94
62 95
62 96
62 100
62 102
62 108
62 110
62 114
62 117
62 118
62 121
62 123
63 199
63 196
63 195
63 194
63 190
63 188
63 183
63 182
63 181
63 180
63 179
63 177
63 176
63 174
63 170
63 168
63 167
63 166
63 165
63 162
63 160
63 159
63 158
63 157
63 154
63 152
63 151
63 147
63 145
63 144
63 143
63 142
63 140
63 137
63 128
63 64
63 67
63 69
63 70
63 71
63 73
63 74
63 78
63 79
63 80
63 81
63 82
63 87
63 88
63 90
63 92
63 95
63 98
63 99
63 103
63 105
63 106
63 108
63 109
63 111
63 113
63 117
63 118
63 120
63 123
64 198
64 197
64 194
64 193
64 192
64 189
64 187
64 183
64 182
64 181
64 180
64 179
64 178
64 177
64 175
64 174
64 170
64 168
64 165
64 162
64 161
64 160
64 157
64 154
64 152
64 147
64 144
64 142
64 141
64 138
64 135
64 134
64 133
64 128
64 127
64 69
64 70
64 74
64 75
64 79
64 83
64 85
64 87
64 88
64 90
64 94
64 95
64 99
64 100
64 101
64 105
64 106
64 112
64 113
64 115
64 118
64 123
64 125
65 199
65 195
65 194
65 193
65 191
65 189
65 185
65 183
65 181
65 180
65 179
65 177
65 176
65 175
65 173
65 170
65 163
65 161
65 159
65 154
65 151
65 149
65 148
65 142
65 141
65 139
65 134
65 66
65 67
65 70
65 71
65 74
65 76
65 77
65 80
65 84
65 86
65 87
65 91
65 92
65 93
65 98
65 99
65 102
65 103
65 104
65 112
65 120
65 122
65 123
65 125
66 199
66 197
66 196
66 194
66 192
66 191
66 186
66 184
66 183
66 180
66 179
66 178
66 177
66 176
66 174
66 168
66 167
66 165
66 164
66 163
66 162
66 156
66 155
66 153
66 152
66 148
66 147
66 146
66 144
66 142
66 141
66 140
66 135
66 134
66 131
66 130
66 129
66 68
66 70
66 72
66 73
66 74
66 76
66 77
66 79
66 80
66 81
66 82
66 85
66 86
66 92
66 93
66 94
66 96
66 98
66 99
66 100
66 101
66 102
66 103
66 104
66 106
66 108
66 110
66 111
66 117
66 119
67 198
67 197
67 196
67 195
67 192
67 189
67 188
67 181
67 179
67 176
67 175
67 174
67 173
67 172
67 170
67 162
67 161
67 159
67 155
67 153
67 150
67 148
67 144
67 143
67 141
67 140
67 139
67 138
67 137
67 136
67 134
67 133
67 130
67 127
67 71
67 74
67 75
67 76
67 77
67 78
67 79
67 81
67 82
67 83
67 85
67 87
67 93
67 94
67 98
67 99
67 101
67 102
67 107
67 108
67 113
67 115
67 119
67 122
67 124
68 199
68 197
68 196
68 192
68 187
68 185
68 182
68 177
68 171
68 169
68 167
68 166
68 165
68 164
68 160
68 156
68 155
68 153
68 152
68 150
68 146
68 144
68 143
68 142
68 141
68 139
68 138
68 137
68 131
68 130
68 127
68 70
68 72
68 73
68 74
68 75
68 79
68 80
68 81
68 96
68 98
68 100
68 102
68 106
68 111
68 116
68 118
68 124
68 125
68 126
69 197
69 196
69 193
69 192
69 189
69 185
69 184
69 180
69 178
69 175
69 174
69 166
69 164
69 161
69 159
69 158
69 156
69 155
69 152
69 151
69 147
69 146
69 143
69 142
69 141
69 140
69 138
69 137
69 135
69 133
69 132
69 130
69 127
69 70
69 71
69 74
69 75
69 77
69 78
69 80
69 81
69 85
69 90
69 91
69 96
69 97
69 102
69 103
69 104
69 105
69 106
69 113
69 115
69 121
69 124
70 199
70 198
70 195
70 192
70 191
70 190
70 188
70 184
70 183
70 182
70 181
70 178
70 177
70 176
70 174
70 173
70 172
70 171
70 169
70 165
70 164
70 161
70 160
70 157
70 156
70 153
70 149
70 147
70 144
70 138
70 135
70 132
70 130
70 127
70 71
70 73
70 75
70 76
70 79
70 81
70 82
70 85
70 86
70 87
70 88
70 90
70 92
70 96
70 105
70 106
70 107
70 108
70 112
70 113
70 116
70 123
71 196
71 195
71 192
71 191
71 188
71 187
71 186
71 185
71 183
71 181
71 178
71 175
71 173
71 168
71 163
71 162
71 158
71 153
71 152
71 145
71 144
71 138
71 135
71 132
71 131
71 130
71 129
71 127
71 72
71 74
71 78
71 79
71 81
71 83
71 85
71 87
71 90
71 91
71 97
71 100
71 103
71 107
71 109
71 110
71 114
71 116
71 117
71 118
71 119
71 121
71 123
72 199
72 198
72 196
72 193
72 190
72 188
72 180
72 178
72 174
72 173
72 170
72 169
72 168
72 165
72 164
72 160
72 159
72 158
72 154
72 152
72 149
72 148
72 147
72 146
72 144
72 140
72 139
72 138
72 134
72 129
72 75
72 77
72 80
72 81
72 84
72 85
72 87
72 88
72 91
72 94
72 102
72 104
72 106
72 107
72 110
72 111
72 116
72 117
72 118
72 119
72 122
72 123
72 124
72 125
73 196
73 195
73 194
73 193
73 192
73 190
73 189
73 187
73 186
73 185
73 184
73 181
73 180
73 176
73 173
73 172
73 169
73 168
73 167
73 166
73 164
73 163
73 162
73 161
73 160
73 159
73 157
73 152
73 151
73 147
73 146
73 144
73 143
73 142
73 138
73 136
73 133
73 130
73 129
73 128
73 75
73 79
73 81
73 82
73 85
73 87
73 88
73 95
73 97
73 100
73 101
73 102
73 105
73 106
73 108
73 111
73 114
73 115
73 117
73 121
73 122
73 123
73 125
74 199
74 198
74 196
74 195
74 194
74 190
74 189
74 188
74 187
74 186
74 185
74 182
74 181
74 180
74 178
74 175
74 172
74 167
74 165
74 164
74 161
74 160
74 159
74 158
74 157
74 155
74 150
74 149
74 147
74 146
74 143
74 142
74 139
74 136
74 132
74 75
74 79
74 83
74 84
74 87
74 89
74 95
74 96
74 99
74 100
74 103
74 105
74 106
74 111
74 115
74 118
74 120
74 123
74 124
74 125
74 126
75 197
75 196
75 195
75 193
75 192
75 188
75 187
75 186
75 184
75 183
75 179
75 177
75 176
75 172
75 171
75 169
75 165
75 163
75 162
75 160
75 159
75 152
75 151
75 150
75 147
75 145
75 144
75 139
75 138
75 137
75 135
75 134
75 132
75 130
75 128
75 127
75 79
75 80
75 81
75 82
75 84
75 85
75 86
75 87
75 90
75 94
75 96
75 97
75 98
75 100
75 102
75 103
75 105
75 109
75 111
75 112
75 113
75 115
75 120
75 123
75 124
76 198
76 195
76 194
76 193
76 192
76 191
76 190
76 186
76 183
76 182
76 180
76 179
76 175
76 173
76 171
76 169
76 168
76 167
76 166
76 165
76 164
76 159
76 158
76 157
76 156
76 152
76 151
76 150
76 149
76 147
76 146
76 144
76 143
76 142
76 136
76 134
76 133
76 132
76 129
76 77
76 80
76 83
76 84
76 85
76 86
76 87
76 95
76 96
76 97
76 99
76 103
76 105
76 108
76 109
76 110
76 113
76 116
76 117
76 119
76 121
76 125
77 198
77 185
77 184
77 181
77 180
77 179
77 175
77 173
77 172
77 171
77 169
77 168
77 165
77 164
77 162
77 159
77 158
77 154
77 150
77 146
77 145
77 143
77 142
77 141
77 139
77 138
77 137
77 136
77 134
77 132
77 130
77 129
77 128
77 127
77 79
77 82
77 83
77 85
77 86
77 87
77 88
77 89
77 91
77 92
77 94
77 96
77 98
77 99
77 101
77 105
77 109
77 110
77 113
77 114
77 115
77 116
77 118
77 119
77 125
77 126
78 198
78 197
78 196
78 190
78 189
78 186
78 184
78 183
78 182
78 181
78 179
78 177
78 173
78 172
78 171
78 164
78 162
78 161
78 159
78 158
78 156
78 154
78 151
78 150
78 148
78 147
78 145
78 144
78 143
78 142
78 141
78 140
78 139
78 137
78 132
78 131
78 129
78 128
78 79
78 83
78 84
78 85
78 87
78 89
78 93
78 96
78 98
78 99
78 100
78 101
78 104
78 105
78 107
78 108
78 116
78 118
78 119
78 120
78 126
79 199
79 198
79 192
79 191
79 190
79 189
79 188
79 180
79 179
79 172
79 168
79 165
79 163
79 160
79 153
79 150
79 149
79 143
79 141
79 137
79 132
79 129
79 127
79 80
79 82
79 83
79 91
79 92
79 94
79 97
79 98
79 99
79 101
79 105
79 106
79 107
79 111
79 112
79 113
79 115
79 117
79 118
79 119
79 120
79 124
80 199
80 198
80 195
80 193
80 191
80 188
80 187
80 186
80 181
80 180
80 172
80 171
80 169
80 167
80 163
80 160
80 158
80 154
80 151
80 150
80 149
80 147
80 138
80 136
80 134
80 133
80 129
80 128
80 127
80 83
80 84
80 88
80 90
80 92
80 93
80 100
80 104
80 106
80 107
80 111
80 112
80 113
80 114
80 115
80 118
80 121
80 122
80 126
81 198
81 197
81 196
81 193
81 192
81 189
81 188
81 185
81 183
81 181
81 180
81 178
81 173
81 172
81 169
81 166
81 156
81 152
81 148
81 146
81 145
81 144
81 141
81 140
81 136
81 135
81 133
81 130
81 85
81 90
81 91
81 92
81 97
81 100
81 101
81 103
81 104
81 105
81 108
81 109
81 110
81 111
81 112
81 113
81 117
81 118
81 120
81 121
81 123
81 126
82 199
82 198
82 197
82 196
82 195
82 193
82 192
82 191
82 188
82 186
82 185
82 184
82 181
82 180
82 179
82 177
82 176
82 174
82 171
82 170
82 167
82 164
82 163
82 160
82 158
82 155
82 154
82 151
82 149
82 147
82 146
82 144
82 142
82 141
82 139
82 138
82 136
82 134
82 127
82 83
82 87
82 88
82 89
82 93
82 94
82 95
82 96
82 99
82 101
82 103
82 107
82 110
82 111
82 112
82 116
82 117
82 118
82 119
82 121
82 122
82 123
82 125
83 198
83 196
83 195
83 194
83 193
83 192
83 190
83 189
83 185
83 181
83 180
83 178
83 177
83 176
83 173
83 171
83 170
83 166
83 164
83 163
83 161
83 160
83 159
83 152
83 150
83 149
83 148
83 147
83 146
83 136
83 135
83 132
83 130
83 129
83 128
83 90
83 91
83 93
83 96
83 97
83 98
83 101
83 102
83 103
83 108
83 109
83 111
83 116
83 118
83 121
83 123
83 125
84 198
84 196
84 195
84 193
84 192
84 189
84 188
84 186
84 185
84 184
84 181
84 177
84 176
84 175
84 174
84 171
84 170
84 169
84 161
84 159
84 157
84 153
84 148
84 147
84 145
84 144
84 141
84 140
84 138
84 137
84 134
84 133
84 88
84 90
84 92
84 95
84 98
84 101
84 102
84 103
84 107
84 111
84 112
84 113
84 114
84 117
84 118
84 120
84 122
84 123
84 125
84 126
85 199
85 194
85 193
85 191
85 190
85 188
85 183
85 181
85 176
85 172
85 170
85 169
85 167
85 165
85 164
85 163
85 162
85 160
85 157
85 154
85 146
85 145
85 143
85 141
85 139
85 136
85 135
85 133
85 88
85 89
85 90
85 93
85 94
85 97
85 98
85 101
85 107
85 108
85 111
85 114
85 115
85 116
85 119
85 121
85 122
86 193
86 188
86 187
86 185
86 183
86 182
86 181
86 179
86 178
86 176
86 174
86 173
86 172
86 169
86 168
86 167
86 166
86 165
86 164
86 160
86 159
86 158
86 157
86 155
86 153
86 150
86 149
86 148
86 146
86 144
86 143
86 138
86 137
86 136
86 130
86 129
86 128
86 127
86 88
86 89
86 90
86 94
86 98
86 100
86 102
86 104
86 105
86 108
86 109
86 110
86 112
86 115
86 116
86 118
86 123
86 124
87 197
87 196
87 195
87 194
87 191
87 188
87 187
87 186
87 183
87 180
87 178
87 176
87 175
87 174
87 171
87 170
87 166
87 162
87 161
87 157
87 155
87 153
87 148
87 147
87 146
87 141
87 138
87 134
87 133
87 132
87 131
87 90
87 93
87 94
87 95
87 97
87 99
87 100
87 102
87 104
87 108
87 109
87 110
87 113
87 117
87 118
87 119
87 121
87 122
87 123
87 124
87 126
88 198
88 197
88 194
88 189
88 187
88 185
88 183
88 182
88 181
88 179
88 176
88 174
88 173
88 172
88 171
88 170
88 167
88 165
88 160
88 159
88 157
88 155
88 153
88 152
88 150
88 149
88 146
88 145
88 141
88 140
88 136
88 134
88 133
88 132
88 130
88 128
88 92
88 95
88 97
88 98
88 99
88 102
88 105
88 107
88 110
88 114
88 116
88 117
88 118
88 120
88 122
88 126
89 199
89 198
89 197
89 196
89 190
89 189
89 188
89 187
89 186
89 185
89 183
89 181
89 180
89 178
89 176
89 173
89 169
89 164
89 161
89 160
89 159
89 158
89 154
89 151
89 148
89 144
89 143
89 142
89 138
89 136
89 135
89 133
89 131
89 130
89 129
89 128
89 92
89 93
89 94
89 96
89 99
89 100
89 101
89 103
89 104
89 106
89 110
89 112
89 113
89 114
89 116
89 118
89 121
89 122
89 124
90 193
90 187
90 186
90 185
90 183
90 177
90 176
90 175
90 173
90 172
90 167
90 165
90 160
90 158
90 157
90 156
90 153
90 152
90 150
90 143
90 141
90 139
90 135
90 134
90 132
90 131
90 127
90 93
90 97
90 98
90 101
90 102
90 104
90 105
90 110
90 113
90 114
90 118
90 119
90 120
90 122
90 123
90 126
91 197
91 196
91 195
91 194
91 185
91 184
91 181
91 180
91 179
91 178
91 177
91 172
91 171
91 169
91 168
91 167
91 163
91 162
91 160
91 159
91 157
91 156
91 152
91 148
91 146
91 144
91 142
91 141
91 137
91 134
91 133
91 131
91 129
91 128
91 94
91 95
91 96
91 97
91 98
91 100
91 103
91 104
91 106
91 107
91 108
91 109
91 111
91 112
91 113
91 120
91 124
91 125
92 199
92 197
92 196
92 193
92 191
92 187
92 185
92 184
92 183
92 182
92 173
92 172
92 169
92 167
92 162
92 159
92 155
92 154
92 153
92 150
92 144
92 140
92 139
92 137
92 136
92 134
92 131
92 130
92 127
92 93
92 96
92 97
92 98
92 101
92 103
92 105
92 106
92 110
92 112
92 113
92 116
92 120
92 122
92 124
92 126
93 199
93 198
93 196
93 194
93 193
93 188
93 186
93 182
93 180
93 175
93 173
93 172
93 161
93 156
93 154
93 153
93 151
93 147
93 146
93 143
93 141
93 140
93 134
93 133
93 130
93 95
93 99
93 104
93 105
93 108
93 111
93 113
93 117
93 119
93 120
93 125
93 126
94 197
94 196
94 194
94 193
94 191
94 190
94 189
94 188
94 184
94 182
94 177
94 176
94 175
94 169
94 168
94 164
94 163
94 161
94 159
94 158
94 156
94 150
94 148
94 146
94 144
94 143
94 141
94 140
94 139
94 137
94 133
94 131
94 130
94 129
94 95
94 98
94 99
94 100
94 101
94 102
94 103
94 106
94 107
94 111
94 113
94 114
94 115
94 117
94 118
94 119
94 122
94 125
95 198
95 196
95 195
95 194
95 191
95 190
95 189
95 188
95 187
95 185
95 183
95 181
95 179
95 177
95 172
95 168
95 165
95 159
95 156
95 154
95 151
95 150
95 148
95 147
95 144
95 143
95 141
95 135
95 134
95 131
95 130
95 96
95 98
95 104
95 106
95 108
95 109
95 112
95 113
95 118
95 119
95 121
95 122
95 124
95 125
96 199
96 198
96 195
96 194
96 193
96 192
96 191
96 190
96 189
96 188
96 185
96 182
96 179
96 178
96 171
96 168
96 164
96 161
96 159
96 157
96 156
96 154
96 151
96 150
96 149
96 148
96 144
96 143
96 142
96 139
96 138
96 131
96 129
96 128
96 97
96 98
96 102
96 104
96 106
96 108
96 109
96 111
96 112
96 119
96 121
96 123
96 125
97 199
97 196
97 195
97 192
97 190
97 188
97 187
97 183
97 182
97 180
97 178
97 176
97 173
97 171
97 170
97 169
97 168
97 167
97 162
97 160
97 159
97 154
97 153
97 151
97 150
97 149
97 145
97 144
97 137
97 136
97 134
97 132
97 130
97 99
97 101
97 102
97 103
97 106
97 108
97 109
97 112
97 117
97 119
97 120
97 123
97 126
98 199
98 198
98 197
98 193
98 187
98 182
98 181
98 180
98 175
98 174
98 172
98 171
98 169
98 166
98 165
98 164
98 163
98 161
98 160
98 157
98 156
98 155
98 154
98 152
98 151
98 150
98 149
98 147
98 144
98 143
98 141
98 135
98 133
98 130
98 128
98 127
98 99
98 101
98 105
98 107
98 113
98 117
98 123
98 124
98 126
99 199
99 197
99 192
99 190
99 189
99 188
99 187
99 184
99 179
99 178
99 176
99 175
99 169
99 166
99 162
99 161
99 160
99 159
99 158
99 156
99 152
99 144
99 142
99 141
99 136
99 130
99 129
99 128
99 100
99 102
99 105
99 106
99 108
99 113
99 115
99 116
99 120
99 123
99 125
99 126
100 197
100 193
100 188
100 179
100 177
100 175
100 174
100 170
100 169
100 168
100 165
100 163
100 162
100 160
100 158
100 156
100 151
100 149
100 146
100 145
100 144
100 143
100 142
100 140
100 138
100 136
100 135
100 134
100 131
100 130
100 101
100 116
100 118
100 121
100 122
100 123
100 124
100 125
101 198
101 197
101 194
101 191
101 190
101 189
101 188
101 187
101 183
101 182
101 181
101 178
101 177
101 175
101 170
101 167
101 165
101 164
101 163
101 161
101 160
101 159
101 158
101 152
101 151
101 149
101 148
101 147
101 146
101 144
101 143
101 142
101 138
101 132
101 131
101 129
101 102
101 104
101 105
101 108
101 109
101 113
101 117
101 119
101 120
101 121
101 124
101 126
102 199
102 198
102 196
102 194
102 192
102 191
102 189
102 188
102 184
102 182
102 181
102 180
102 178
102 176
102 173
102 172
102 168
102 167
102 165
102 163
102 162
102 159
102 158
102 154
102 153
102 152
102 149
102 146
102 145
102 142
102 137
102 136
102 132
102 131
102 130
102 129
102 127
102 105
102 106
102 110
102 111
102 112
102 114
102 119
102 120
102 122
102 123
102 124
102 126
103 194
103 192
103 191
103 188
103 186
103 184
103 183
103 182
103 181
103 178
103 176
103 175
103 174
103 169
103 168
103 164
103 163
103 159
103 158
103 152
103 150
103 146
103 145
103 143
103 142
103 140
103 138
103 136
103 134
103 133
103 130
103 129
103 127
103 107
103 109
103 110
103 111
103 116
103 118
103 119
103 123
104 195
104 194
104 191
104 190
104 187
104 186
104 184
104 183
104 177
104 174
104 172
104 171
104 169
104 167
104 163
104 158
104 156
104 153
104 149
104 146
104 144
104 143
104 142
104 141
104 138
104 136
104 135
104 134
104 132
104 131
104 129
104 106
104 109
104 110
104 114
104 116
104 121
105 199
105 198
105 197
105 195
105 194
105 190
105 189
105 188
105 185
105 184
105 183
105 182
105 179
105 177
105 176
105 175
105 173
105 172
105 171
105 170
105 169
105 167
105 161
105 160
105 159
105 158
105 157
105 156
105 155
105 151
105 144
105 142
105 141
105 140
105 138
105 135
105 134
105 131
105 130
105 129
105 106
105 108
105 109
105 111
105 114
105 115
105 118
105 122
105 123
105 125
105 126
106 197
106 195
106 191
106 188
106 185
106 183
106 182
106 181
106 180
106 177
106 176
106 172
106 170
106 167
106 163
106 161
106 160
106 159
106 158
106 156
106 155
106 153
106 152
106 151
106 149
106 143
106 140
106 138
106 131
106 128
106 127
106 107
106 108
106 114
106 115
106 120
106 121
106 123
106 124
106 125
107 194
107 192
107 188
107 187
107 183
107 179
107 177
107 175
107 174
107 172
107 169
107 168
107 167
107 165
107 164
107 158
107 154
107 150
107 149
107 146
107 145
107 144
107 143
107 139
107 135
107 133
107 132
107 127
107 112
107 113
107 114
107 117
107 119
107 120
107 123
107 124
107 126
108 197
108 195
108 192
108 191
108 189
108 188
108 185
108 183
108 182
108 181
108 180
108 179
108 177
108 175
108 169
108 168
108 167
108 161
108 158
108 156
108 152
108 150
108 148
108 146
108 144
108 143
108 141
108 140
108 139
108 137
108 136
108 135
108 132
108 130
108 112
108 113
108 114
108 116
108 119
108 120
108 122
109 198
109 196
109 195
109 194
109 192
109 191
109 189
109 187
109 185
109 182
109 181
109 180
109 178
109 176
109 175
109 174
109 172
109 170
109 169
109 168
109 165
109 161
109 159
109 156
109 154
109 152
109 148
109 140
109 137
109 133
109 130
109 127
109 110
109 111
109 112
109 113
109 114
109 117
109 118
109 120
109 121
109 122
110 197
110 196
110 194
110 192
110 189
110 188
110 186
110 185
110 184
110 182
110 180
110 179
110 178
110 176
110 172
110 171
110 168
110 167
110 166
110 165
110 163
110 162
110 160
110 157
110 153
110 152
110 150
110 149
110 148
110 146
110 144
110 142
110 138
110 133
110 130
110 129
110 128
110 127
110 114
110 115
110 116
110 117
110 118
110 119
110 122
110 123
110 124
110 125
110 126
111 199
111 197
111 193
111 186
111 185
111 184
111 183
111 182
111 181
111 178
111 177
111 175
111 173
111 171
111 168
111 167
111 163
111 161
111 159
111 158
111 157
111 156
111 154
111 153
111 151
111 150
111 149
111 148
111 146
111 145
111 144
111 143
111 138
111 135
111 133
111 131
111 130
111 128
111 118
111 119
111 125
111 126
112 198
112 196
112 195
112 194
112 192
112 190
112 189
112 187
112 186
112 185
112 181
112 180
112 179
112 174
112 171
112 170
112 169
112 167
112 165
112 164
112 163
112 162
112 161
112 159
112 155
112 151
112 149
112 142
112 138
112 134
112 131
112 129
112 127
112 113
112 117
112 118
112 121
112 123
112 125
113 198
113 197
113 196
113 193
113 191
113 190
113 185
113 183
113 179
113 178
113 175
113 171
113 170
113 167
113 166
113 164
113 163
113 162
113 161
113 158
113 157
113 156
113 154
113 150
113 147
113 144
113 143
113 142
113 140
113 139
113 135
113 132
113 118
113 119
113 122
113 125
114 199
114 198
114 195
114 189
114 188
114 186
114 184
114 183
114 182
114 181
114 178
114 175
114 167
114 164
114 161
114 157
114 156
114 155
114 152
114 151
114 150
114 148
114 145
114 142
114 138
114 137
114 133
114 131
114 130
114 128
114 115
114 119
114 121
114 124
115 199
115 197
115 196
115 195
115 194
115 188
115 183
115 181
115 177
115 176
115 175
115 172
115 171
115 170
115 169
115 168
115 163
115 156
115 155
115 149
115 147
115 145
115 143
115 142
115 140
115 139
115 137
115 136
115 135
115 132
115 131
115 130
115 129
115 128
115 116
115 117
115 118
115 123
116 198
116 195
116 193
116 192
116 185
116 183
116 179
116 178
116 174
116 173
116 170
116 167
116 166
116 163
116 162
116 155
116 153
116 150
116 149
116 147
116 146
116 144
116 142
116 137
116 134
116 132
116 128
116 127
116 121
116 122
116 125
116 126
117 199
117 198
117 193
117 191
117 188
117 183
117 182
117 181
117 177
117 176
117 174
117 171
117 170
117 168
117 163
117 161
117 160
117 157
117 154
117 153
117 152
117 149
117 148
117 146
117 144
117 143
117 140
117 139
117 138
117 137
117 135
117 132
117 130
117 120
117 121
117 124
117 126
118 197
118 196
118 195
118 193
118 191
118 188
118 184
118 183
118 182
118 179
118 175
118 174
118 172
118 167
118 166
118 162
118 159
118 154
118 150
118 148
118 147
118 145
118 144
118 142
118 141
118 140
118 139
118 136
118 133
118 131
118 129
118 128
118 127
118 119
118 120
118 122
118 123
118 124
118 125
118 126
119 199
119 198
119 197
119 196
119 193
119 190
119 189
119 182
119 180
119 179
119 178
119 175
119 174
119 173
119 172
119 166
119 165
119 162
119 161
119 156
119 155
119 154
119 152
119 149
119 148
119 146
119 143
119 142
119 141
119 140
119 134
119 132
119 130
119 129
119 128
119 127
119 120
119 121
119 123
119 124
120 197
120 195
120 194
120 192
120 190
120 189
120 188
120 187
120 186
120 184
120 183
120 182
120 180
120 178
120 177
120 176
120 175
120 174
120 170
120 169
120 167
120 165
120 164
120 161
120 159
120 158
120 155
120 153
120 151
120 149
120 148
120 147
120 145
120 142
120 141
120 140
120 139
120 136
120 134
120 132
120 131
120 130
120 129
120 128
120 121
120 122
121 198
121 196
121 194
121 189
121 187
121 186
121 185
121 184
121 181
121 179
121 176
121 175
121 169
121 167
121 166
121 165
121 164
121 163
121 162
121 161
121 160
121 159
121 156
121 151
121 150
121 148
121 147
121 146
121 145
121 143
121 142
121 141
121 136
121 133
121 132
121 131
121 130
121 126
122 199
122 197
122 196
122 195
122 194
122 187
122 186
122 184
122 182
122 181
122 180
122 178
122 175
122 174
122 173
122 172
122 171
122 170
122 168
122 160
122 159
122 158
122 157
122 154
122 153
122 152
122 151
122 148
122 144
122 143
122 142
122 140
122 135
122 134
122 132
122 131
122 130
122 128
122 123
122 124
122 125
123 199
123 194
123 192
123 189
123 180
123 179
123 178
123 175
123 174
123 173
123 169
123 167
123 166
123 164
123 161
123 160
123 158
123 157
123 156
123 152
123 149
123 147
123 146
123 144
123 142
123 138
123 137
123 134
123 133
123 132
123 131
123 130
123 127
123 124
123 125
124 198
124 196
124 195
124 191
124 190
124 189
124 187
124 185
124 182
124 181
124 177
124 176
124 175
124 172
124 171
124 168
124 166
124 162
124 158
124 155
124 153
124 151
124 150
124 148
124 147
124 146
124 145
124 140
124 139
124 130
124 127
125 195
125 193
125 190
125 189
125 187
125 185
125 183
125 182
125 180
125 179
125 178
125 176
125 175
125 173
125 172
125 171
125 170
125 168
125 166
125 160
125 159
125 158
125 155
125 154
125 150
125 149
125 146
125 145
125 144
125 143
125 142
125 140
125 139
125 138
125 137
125 135
125 134
125 133
125 128
125 126
126 194
126 189
126 188
126 187
126 184
126 182
126 181
126 179
126 175
126 173
126 172
126 170
126 169
126 166
126 159
126 157
126 156
126 154
126 153
126 152
126 151
126 150
126 149
126 146
126 145
126 144
126 140
126 139
126 137
126 136
126 135
126 132
126 131
126 130
126 129
127 198
127 197
127 195
127 193
127 192
127 190
127 189
127 188
127 186
127 185
127 184
127 181
127 176
127 175
127 172
127 169
127 167
127 165
127 164
127 162
127 157
127 154
127 151
127 150
127 148
127 147
127 146
127 143
127 135
127 133
127 131
128 199
128 197
128 194
128 189
128 188
128 187
128 186
128 184
128 183
128 182
128 181
128 178
128 177
128 175
128 174
128 173
128 167
128 161
128 160
128 159
128 157
128 155
128 153
128 152
128 150
128 146
128 145
128 140
128 139
128 138
128 137
128 131
128 130
129 197
129 195
129 193
129 192
129 190
129 188
129 187
129 184
129 175
129 172
129 171
129 170
129 169
129 168
129 166
129 165
129 164
129 163
129 161
129 160
129 158
129 156
129 154
129 152
129 150
129 149
129 145
129 143
129 141
129 140
129 139
129 137
129 136
129 134
129 133
129 132
130 194
130 191
130 190
130 185
130 184
130 181
130 180
130 179
130 178
130 176
130 175
130 170
130 166
130 165
130 164
130 163
130 161
130 160
130 156
130 155
130 154
130 152
130 150
130 149
130 148
130 147
130 146
130 145
130 142
130 140
130 139
130 138
130 137
130 135
130 132
131 199
131 198
131 197
131 193
131 192
131 190
131 189
131 186
131 184
131 183
131 181
131 178
131 175
131 174
131 171
131 169
131 164
131 159
131 157
131 155
131 153
131 150
131 149
131 148
131 147
131 146
131 143
131 142
131 141
131 137
131 136
131 135
131 133
131 132
132 199
132 198
132 195
132 194
132 192
132 191
132 190
132 187
132 185
132 183
132 176
132 174
132 172
132 170
132 169
132 167
132 166
132 164
132 163
132 162
132 159
132 157
132 153
132 152
132 150
132 149
132 148
132 147
132 146
132 143
132 140
132 138
132 137
132 135
132 134
133 198
133 197
133 196
133 191
133 187
133 185
133 184
133 183
133 181
133 177
133 176
133 174
133 172
133 171
133 168
133 167
133 165
133 160
133 159
133 156
133 150
133 143
133 141
133 138
133 137
133 136
133 134
134 195
134 193
134 189
134 188
134 184
134 183
134 179
134 177
134 170
134 169
134 158
134 157
134 156
134 151
134 150
134 148
134 146
134 144
134 142
134 140
134 139
134 136
134 135
135 199
135 198
135 197
135 195
135 193
135 192
135 191
135 189
135 188
135 186
135 184
135 175
135 173
135 172
135 170
135 169
135 168
135 167
135 166
135 165
135 163
135 162
135 159
135 158
135 157
135 155
135 146
135 143
135 138
135 136
136 199
136 198
136 194
136 193
136 187
136 185
136 184
136 183
136 182
136 181
136 179
136 178
136 175
136 174
136 173
136 169
136 167
136 165
136 157
136 156
136 155
136 154
136 153
136 151
136 147
136 146
136 143
136 142
136 140
137 199
137 198
137 197
137 195
137 194
137 193
137 192
137 191
137 190
137 189
137 186
137 185
137 182
137 180
137 178
137 177
137 175
137 173
137 166
137 164
137 163
137 162
137 160
137 158
137 155
137 153
137 151
137 148
137 147
137 144
138 197
138 194
138 192
138 191
138 190
138 188
138 187
138 186
138 185
138 184
138 183
138 181
138 180
138 177
138 176
138 175
138 171
138 170
138 169
138 167
138 165
138 162
138 159
138 156
138 155
138 153
138 149
138 147
138 146
138 145
138 144
139 199
139 198
139 197
139 195
139 194
139 189
139 188
139 186
139 183
139 182
139 180
139 176
139 172
139 171
139 168
139 164
139 163
139 161
139 159
139 158
139 157
139 150
139 149
139 147
139 144
139 142
140 199
140 198
140 196
140 192
140 190
140 187
140 186
140 185
140 183
140 181
140 180
140 179
140 178
140 175
140 174
140 170
140 164
140 159
140 155
140 154
140 151
140 150
140 144
140 143
140 141
141 198
141 197
141 196
141 194
141 193
141 191
141 188
141 186
141 184
141 183
141 182
141 181
141 179
141 178
141 175
141 168
141 167
141 166
141 164
141 163
141 162
141 160
141 159
141 157
141 156
141 155
141 154
141 153
141 152
141 149
141 147
141 145
142 199
142 198
142 194
142 193
142 189
142 188
142 187
142 186
142 183
142 182
142 180
142 178
142 172
142 170
142 169
142 167
142 166
142 165
142 164
142 162
142 161
142 160
142 156
142 154
142 151
142 150
142 149
142 147
142 145
142 143
143 199
143 195
143 194
143 191
143 189
143 186
143 184
143 183
143 180
143 176
143 175
143 174
143 173
143 172
143 169
143 166
143 165
143 164
143 162
143 159
143 156
143 154
143 150
143 149
143 147
143 146
143 145
144 199
144 198
144 197
144 192
144 189
144 182
144 181
144 179
144 173
144 170
144 166
144 165
144 164
144 163
144 162
144 160
144 159
144 158
144 156
144 155
144 154
144 149
144 147
144 146
145 198
145 194
145 192
145 191
145 190
145 189
145 186
145 185
145 180
145 178
145 177
145 175
145 170
145 164
145 163
145 162
145 161
145 153
145 151
145 148
145 147
145 146
146 199
146 195
146 194
146 193
146 191
146 186
146 184
146 183
146 182
146 181
146 177
146 173
146 172
146 170
146 168
146 166
146 165
146 164
146 163
146 162
146 160
146 159
146 154
146 153
146 149
146 148
147 199
147 198
147 194
147 189
147 188
147 187
147 186
147 184
147 182
147 179
147 178
147 173
147 172
147 170
147 168
147 167
147 165
147 164
147 162
147 160
147 156
147 155
147 154
147 152
147 151
147 150
147 149
147 148
148 199
148 198
148 195
148 194
148 193
148 182
148 181
148 177
148 176
148 175
148 172
148 167
148 165
148 163
148 159
148 153
148 152
149 194
149 191
149 190
149 186
149 185
149 183
149 179
149 175
149 173
149 171
149 170
149 165
149 161
149 158
149 154
150 199
150 196
150 195
150 194
150 193
150 191
150 189
150 187
150 185
150 184
150 183
150 182
150 176
150 172
150 168
150 167
150 166
150 165
150 161
150 160
150 159
150 157
150 156
150 155
150 153
150 152
151 199
151 196
151 194
151 192
151 191
151 187
151 185
151 183
151 181
151 177
151 174
151 173
151 172
151 171
151 170
151 169
151 168
151 167
151 164
151 163
151 161
151 160
151 157
151 152
152 198
152 196
152 192
152 191
152 188
152 187
152 186
152 183
152 182
152 181
152 180
152 175
152 174
152 172
152 167
152 166
152 165
152 164
152 163
152 159
152 158
152 154
153 199
153 193
153 190
153 189
153 188
153 187
153 186
153 182
153 180
153 177
153 176
153 171
153 170
153 169
153 168
153 167
153 166
153 165
153 161
153 160
153 159
153 158
154 199
154 197
154 191
154 190
154 188
154 186
154 185
154 184
154 180
154 178
154 176
154 175
154 174
154 173
154 171
154 169
154 164
154 163
154 160
154 158
154 157
154 156
155 196
155 195
155 192
155 190
155 189
155 187
155 185
155 184
155 183
155 182
155 179
155 178
155 177
155 176
155 174
155 172
155 171
155 169
155 167
155 164
155 161
155 158
155 157
156 199
156 198
156 195
156 190
156 188
156 187
156 186
156 184
156 182
156 181
156 179
156 176
156 175
156 174
156 172
156 171
156 165
156 163
156 162
156 161
157 194
157 193
157 186
157 184
157 183
157 180
157 174
157 173
157 170
157 167
157 163
157 161
157 158
158 199
158 198
158 197
158 196
158 195
158 194
158 193
158 192
158 191
158 190
158 184
158 181
158 179
158 173
158 172
158 170
158 166
158 162
158 161
158 160
158 159
159 195
159 192
159 191
159 190
159 189
159 188
159 185
159 184
159 183
159 182
159 179
159 178
159 177
159 174
159 173
159 169
159 167
159 166
159 162
159 161
159 160
160 195
160 193
160 191
160 185
160 184
160 183
160 178
160 177
160 173
160 171
160 170
160 169
160 168
160 167
160 166
160 163
160 162
160 161
161 194
161 188
161 187
161 185
161 184
161 182
161 179
161 178
161 176
161 174
161 173
161 172
161 171
161 170
161 168
161 167
161 162
162 198
162 196
162 192
162 191
162 189
162 188
162 186
162 185
162 182
162 181
162 179
162 178
162 176
162 174
162 173
162 171
162 168
162 166
162 164
163 198
163 196
163 193
163 192
163 191
163 190
163 188
163 186
163 184
163 182
163 179
163 177
163 176
163 174
163 166
163 165
163 164
164 199
164 197
164 195
164 192
164 191
164 190
164 189
164 187
164 185
164 182
164 180
164 177
164 176
164 173
164 172
164 171
164 170
164 168
164 167
164 166
165 199
165 197
165 196
165 193
165 192
165 185
165 184
165 180
165 178
165 176
165 175
165 174
165 170
165 169
165 168
165 166
166 199
166 198
166 197
166 196
166 195
166 193
166 192
166 189
166 187
166 183
166 177
166 174
166 172
166 171
166 170
166 167
167 198
167 195
167 193
167 192
167 190
167 188
167 187
167 185
167 183
167 181
167 173
167 172
167 171
167 170
167 169
168 198
168 196
168 191
168 188
168 187
168 184
168 183
168 182
168 178
168 177
168 175
168 169
169 198
169 197
169 196
169 195
169 194
169 193
169 192
169 190
169 188
169 187
169 185
169 182
169 178
169 177
169 176
169 175
169 174
169 170
170 199
170 197
170 196
170 195
170 194
170 192
170 188
170 186
170 181
170 180
170 179
170 171
171 195
171 193
171 191
171 189
171 188
171 186
171 184
171 183
171 179
171 178
171 172
172 199
172 198
172 195
172 194
172 193
172 189
172 188
172 186
172 184
172 183
172 181
172 179
172 177
172 176
172 173
173 196
173 195
173 188
173 187
173 186
173 184
173 183
173 181
173 180
173 178
173 177
173 176
174 199
174 197
174 195
174 194
174 193
174 190
174 186
174 182
174 179
174 178
174 177
174 176
175 198
175 197
175 196
175 189
175 188
175 186
175 184
175 183
175 181
175 180
175 179
175 178
176 199
176 197
176 196
176 195
176 194
176 191
176 187
176 186
176 181
176 179
176 178
177 191
177 190
177 188
177 187
177 185
177 182
177 181
177 179
178 197
178 193
178 191
178 190
178 189
178 185
178 182
178 179
179 199
179 197
179 196
179 195
179 190
179 189
179 187
179 186
179 183
180 198
180 197
180 191
180 188
180 182
181 191
181 189
181 188
181 187
182 199
182 197
182 196
182 193
182 191
182 190
182 188
182 187
182 185
182 183
183 197
183 195
183 194
183 186
183 185
184 198
184 196
184 194
184 193
184 192
184 191
184 190
184 189
184 188
184 186
184 185
185 198
185 197
185 194
185 192
185 191
186 199
186 197
186 195
186 194
186 191
186 190
186 189
186 188
187 199
187 193
187 189
187 188
188 199
188 195
188 194
188 191
189 196
189 194
189 191
189 190
190 191
191 199
191 193
191 192
192 199
192 198
192 195
192 194
192 193
193 199
193 198
193 197
193 194
194 197
194 195
195 198
196 199
196 198
196 197