0 49
0 47
0 46
0 45
0 43
0 42
0 41
0 13
0 10
0 6
0 3
0 1
0 20
0 21
0 23
0 26
1 48
1 46
1 43
1 38
1 35
1 12
1 10
1 4
1 13
1 24
1 25
1 27
1 28
2 46
2 45
2 43
2 42
2 38
2 35
2 34
2 30
2 12
2 11
2 10
2 8
2 5
2 3
2 13
2 29
2 14
2 22
2 23
2 24
2 26
3 48
3 46
3 45
3 44
3 42
3 39
3 36
3 33
3 32
3 31
3 12
3 10
3 8
3 5
3 4
3 29
3 15
3 16
3 18
3 20
3 21
3 25
3 28
4 46
4 43
4 42
4 40
4 39
4 38
4 34
4 11
4 8
4 7
4 6
4 16
4 18
4 20
4 22
4 24
4 28
5 49
5 45
5 42
5 41
5 39
5 37
5 32
5 9
5 7
5 13
5 29
5 14
5 15
5 16
5 18
5 21
5 22
5 23
5 24
5 26
5 28
6 47
6 42
6 40
6 39
6 30
6 12
6 11
6 29
6 17
6 19
6 22
6 25
6 27
7 49
7 48
7 45
7 44
7 43
7 39
7 38
7 34
7 31
7 12
7 11
7 8
7 13
7 19
7 25
7 26
8 49
8 48
8 44
8 42
8 40
8 38
8 33
8 32
8 13
8 15
8 17
8 20
8 28
9 49
9 47
9 46
9 45
9 42
9 41
9 38
9 37
9 35
9 30
9 12
9 13
9 15
9 20
9 21
9 23
9 24
9 26
9 27
10 48
10 45
10 40
10 38
10 37
10 35
10 34
10 31
10 17
10 18
10 19
10 24
11 44
11 36
11 35
11 33
11 29
11 14
11 15
11 17
11 18
11 19
11 22
11 23
11 26
12 49
12 48
12 35
12 33
12 32
12 31
12 13
12 17
12 19
12 24
12 25
12 27
13 45
13 42
13 41
13 40
13 35
13 32
13 31
13 30
13 16
13 17
13 27
14 46
14 42
14 40
14 39
14 38
14 36
14 34
14 33
14 30
14 29
14 15
14 18
14 20
14 22
14 23
15 49
15 43
15 40
15 35
15 33
15 31
15 16
15 18
15 19
15 22
15 23
15 24
15 25
15 27
16 49
16 48
16 46
16 45
16 44
16 42
16 40
16 39
16 33
16 30
16 17
16 27
17 48
17 45
17 41
17 40
17 38
17 36
17 35
17 33
17 29
17 21
17 23
17 25
18 44
18 35
18 32
18 31
18 21
18 22
18 23
18 24
19 45
19 43
19 42
19 40
19 38
19 37
19 36
19 33
19 29
19 20
19 22
20 45
20 41
20 33
20 29
20 24
20 25
20 28
21 49
21 48
21 47
21 46
21 39
21 38
21 37
21 31
21 23
21 25
21 26
22 49
22 48
22 47
22 46
22 40
22 36
22 34
22 33
22 30
22 25
22 26
23 49
23 45
23 43
23 42
23 41
23 40
23 39
23 36
23 31
23 29
23 25
24 47
24 42
24 38
24 33
24 32
24 31
24 29
24 25
25 48
25 47
25 45
25 44
25 40
25 29
25 26
25 28
26 48
26 45
26 44
26 38
26 33
26 32
26 27
26 28
27 44
27 39
27 36
27 34
27 33
27 30
28 46
28 45
28 42
28 41
28 40
28 37
28 34
28 31
29 44
29 42
29 41
29 34
29 33
29 32
29 30
30 49
30 47
30 46
30 45
30 44
30 40
30 37
30 33
30 31
31 47
31 44
31 43
31 38
31 34
32 49
32 48
32 47
32 44
32 42
32 41
32 40
32 39
32 37
32 36
32 35
32 34
33 48
33 43
33 42
33 41
33 37
34 48
34 46
34 43
34 41
34 38
34 35
35 49
35 47
35 46
35 42
35 39
35 38
35 37
36 49
36 45
36 42
36 40
36 38
36 37
37 42
37 40
37 39
37 38
38 48
38 44
38 39
39 48
39 46
39 45
39 43
40 48
40 47
40 46
40 44
40 43
40 41
41 49
41 47
41 45
41 43
41 42
42 48
42 45
42 43
43 49
43 46
43 44
44 49
46 48
48 49