0 145
0 142
0 140
0 139
0 138
0 128
0 58
0 56
0 52
0 49
0 48
0 46
0 45
0 41
0 40
0 39
0 36
0 32
0 11
0 9
0 8
0 7
0 5
0 4
0 3
0 1
0 14
0 16
0 17
0 18
0 25
0 28
0 60
0 61
0 63
0 65
0 68
0 69
0 70
0 71
0 72
0 74
0 76
0 81
0 83
0 87
0 89
0 95
0 96
0 98
0 105
0 106
0 109
0 115
0 117
0 118
0 120
0 121
0 122
0 127
1 149
1 145
1 142
1 139
1 135
1 134
1 133
1 132
1 130
1 129
1 57
1 56
1 54
1 46
1 42
1 41
1 38
1 37
1 35
1 32
1 6
1 5
1 3
1 2
1 59
1 16
1 18
1 20
1 22
1 23
1 25
1 27
1 28
1 62
1 64
1 69
1 70
1 71
1 74
1 75
1 76
1 77
1 78
1 83
1 85
1 87
1 88
1 89
1 90
1 91
1 92
1 93
1 94
1 97
1 102
1 104
1 105
1 107
1 109
1 112
1 114
1 116
1 118
1 119
1 122
1 125
2 147
2 146
2 145
2 142
2 140
2 136
2 132
2 130
2 129
2 58
2 56
2 55
2 53
2 49
2 48
2 43
2 38
2 37
2 34
2 31
2 9
2 8
2 6
2 4
2 13
2 127
2 14
2 17
2 18
2 19
2 21
2 22
2 25
2 26
2 60
2 61
2 63
2 66
2 73
2 78
2 83
2 85
2 88
2 92
2 93
2 95
2 97
2 100
2 101
2 103
2 104
2 106
2 109
2 110
2 112
2 114
2 115
2 116
2 117
2 120
3 148
3 147
3 146
3 145
3 142
3 140
3 135
3 131
3 130
3 129
3 128
3 58
3 54
3 52
3 46
3 45
3 44
3 42
3 39
3 32
3 30
3 10
3 9
3 8
3 5
3 13
3 59
3 14
3 17
3 20
3 28
3 60
3 64
3 65
3 68
3 69
3 71
3 73
3 74
3 75
3 76
3 77
3 79
3 80
3 81
3 86
3 87
3 94
3 95
3 96
3 97
3 100
3 101
3 103
3 108
3 109
3 111
3 116
3 118
3 120
3 121
3 123
3 124
4 148
4 138
4 133
4 131
4 57
4 55
4 48
4 41
4 38
4 37
4 35
4 34
4 32
4 31
4 30
4 12
4 11
4 8
4 7
4 6
4 59
4 15
4 16
4 17
4 23
4 24
4 25
4 28
4 60
4 65
4 66
4 68
4 74
4 77
4 78
4 86
4 92
4 95
4 97
4 99
4 100
4 102
4 107
4 118
4 119
4 121
4 123
4 125
4 126
5 149
5 148
5 145
5 140
5 138
5 137
5 136
5 135
5 134
5 57
5 52
5 51
5 50
5 34
5 33
5 32
5 31
5 11
5 9
5 7
5 13
5 16
5 17
5 19
5 20
5 23
5 27
5 60
5 62
5 63
5 66
5 68
5 69
5 70
5 71
5 77
5 83
5 84
5 86
5 92
5 95
5 96
5 103
5 104
5 105
5 115
5 118
5 119
5 122
5 123
5 124
5 125
6 146
6 145
6 144
6 143
6 142
6 139
6 138
6 136
6 135
6 133
6 130
6 128
6 53
6 52
6 45
6 40
6 37
6 32
6 30
6 8
6 7
6 13
6 127
6 16
6 21
6 23
6 24
6 26
6 28
6 61
6 64
6 65
6 66
6 70
6 74
6 75
6 77
6 80
6 82
6 83
6 84
6 88
6 90
6 93
6 97
6 106
6 108
6 112
6 117
6 120
6 121
6 122
6 123
6 125
7 149
7 147
7 145
7 143
7 141
7 138
7 134
7 133
7 131
7 128
7 55
7 48
7 47
7 45
7 44
7 43
7 41
7 39
7 35
7 33
7 30
7 13
7 29
7 14
7 16
7 17
7 20
7 22
7 26
7 61
7 62
7 67
7 69
7 74
7 76
7 78
7 80
7 81
7 85
7 88
7 89
7 90
7 92
7 96
7 99
7 100
7 101
7 107
7 108
7 109
7 110
7 112
7 113
7 117
7 118
7 119
7 125
7 126
8 149
8 144
8 142
8 141
8 139
8 133
8 132
8 129
8 58
8 54
8 53
8 48
8 44
8 41
8 37
8 36
8 34
8 33
8 32
8 11
8 9
8 13
8 16
8 23
8 24
8 28
8 60
8 62
8 63
8 67
8 70
8 71
8 73
8 77
8 80
8 82
8 83
8 86
8 88
8 90
8 91
8 92
8 94
8 96
8 102
8 103
8 104
8 106
8 108
8 109
8 110
8 112
8 113
8 114
8 115
8 118
8 120
8 123
8 124
8 125
9 146
9 144
9 143
9 139
9 138
9 137
9 134
9 130
9 55
9 54
9 51
9 50
9 46
9 43
9 42
9 40
9 38
9 36
9 35
9 34
9 32
9 12
9 10
9 13
9 59
9 14
9 15
9 16
9 19
9 21
9 23
9 25
9 26
9 61
9 62
9 63
9 64
9 65
9 66
9 69
9 70
9 73
9 74
9 75
9 79
9 83
9 86
9 87
9 91
9 92
9 96
9 107
9 109
9 110
9 112
9 113
9 115
9 117
9 122
9 123
9 124
10 147
10 146
10 145
10 142
10 138
10 137
10 134
10 132
10 57
10 55
10 50
10 48
10 46
10 44
10 42
10 40
10 39
10 38
10 34
10 33
10 12
10 13
10 59
10 29
10 16
10 22
10 24
10 26
10 28
10 62
10 64
10 65
10 72
10 73
10 74
10 75
10 79
10 82
10 84
10 87
10 88
10 91
10 95
10 96
10 99
10 106
10 107
10 109
10 110
10 111
10 115
10 117
10 118
10 121
10 122
11 149
11 148
11 144
11 142
11 141
11 137
11 132
11 130
11 128
11 58
11 57
11 56
11 55
11 53
11 52
11 48
11 44
11 43
11 41
11 40
11 38
11 36
11 35
11 33
11 32
11 15
11 16
11 24
11 27
11 60
11 64
11 66
11 70
11 72
11 73
11 76
11 77
11 78
11 81
11 82
11 84
11 89
11 90
11 94
11 96
11 97
11 101
11 104
11 105
11 114
11 116
11 120
11 122
12 149
12 148
12 142
12 141
12 138
12 137
12 135
12 133
12 130
12 129
12 128
12 55
12 54
12 51
12 49
12 44
12 41
12 35
12 34
12 13
12 127
12 29
12 15
12 16
12 24
12 60
12 62
12 65
12 66
12 70
12 72
12 75
12 77
12 79
12 82
12 85
12 87
12 88
12 91
12 96
12 98
12 100
12 102
12 103
12 104
12 106
12 108
12 109
12 111
12 114
12 115
12 116
12 118
12 125
13 147
13 144
13 143
13 141
13 140
13 138
13 137
13 134
13 131
13 129
13 53
13 50
13 49
13 48
13 47
13 45
13 43
13 42
13 40
13 37
13 36
13 30
13 127
13 14
13 16
13 17
13 18
13 19
13 22
13 23
13 24
13 28
13 62
13 65
13 67
13 68
13 69
13 70
13 74
13 76
13 77
13 78
13 81
13 82
13 84
13 85
13 86
13 92
13 95
13 100
13 105
13 110
13 113
13 115
13 116
13 118
13 119
13 120
13 123
13 125
13 126
14 149
14 148
14 146
14 145
14 142
14 138
14 136
14 135
14 134
14 130
14 128
14 56
14 55
14 52
14 49
14 48
14 46
14 45
14 42
14 35
14 34
14 18
14 21
14 27
14 64
14 65
14 66
14 69
14 73
14 75
14 76
14 77
14 80
14 83
14 84
14 85
14 86
14 88
14 90
14 91
14 95
14 97
14 102
14 103
14 104
14 105
14 107
14 110
14 111
14 113
14 115
14 116
14 121
14 123
14 126
15 149
15 146
15 144
15 140
15 135
15 133
15 132
15 131
15 130
15 128
15 58
15 57
15 50
15 48
15 47
15 46
15 45
15 43
15 40
15 39
15 38
15 37
15 36
15 35
15 34
15 33
15 31
15 30
15 127
15 29
15 17
15 20
15 22
15 24
15 25
15 27
15 28
15 62
15 63
15 68
15 69
15 70
15 72
15 74
15 75
15 79
15 80
15 87
15 88
15 90
15 91
15 92
15 93
15 95
15 96
15 97
15 99
15 102
15 104
15 106
15 110
15 114
15 115
15 119
15 126
16 149
16 147
16 138
16 136
16 134
16 132
16 131
16 130
16 128
16 58
16 56
16 52
16 50
16 49
16 47
16 46
16 39
16 38
16 35
16 34
16 31
16 59
16 17
16 18
16 27
16 28
16 60
16 62
16 63
16 66
16 71
16 75
16 76
16 80
16 85
16 89
16 90
16 91
16 92
16 94
16 97
16 99
16 100
16 103
16 104
16 109
16 111
16 113
16 116
16 122
16 125
17 149
17 146
17 142
17 141
17 140
17 139
17 138
17 135
17 133
17 130
17 129
17 58
17 57
17 55
17 54
17 48
17 47
17 46
17 45
17 44
17 40
17 36
17 35
17 33
17 32
17 29
17 19
17 21
17 24
17 27
17 61
17 63
17 66
17 67
17 69
17 71
17 72
17 76
17 77
17 81
17 82
17 84
17 85
17 86
17 90
17 92
17 95
17 96
17 98
17 103
17 104
17 106
17 107
17 109
17 110
17 112
17 113
17 116
17 117
17 120
17 121
17 126
18 148
18 147
18 143
18 142
18 138
18 137
18 132
18 131
18 128
18 53
18 51
18 50
18 44
18 41
18 40
18 39
18 38
18 37
18 36
18 34
18 32
18 127
18 25
18 26
18 61
18 66
18 67
18 72
18 75
18 76
18 77
18 80
18 81
18 87
18 89
18 91
18 93
18 94
18 99
18 105
18 107
18 109
18 114
18 115
18 116
18 118
18 119
18 120
18 121
18 122
18 123
18 124
18 125
19 149
19 148
19 147
19 144
19 142
19 140
19 137
19 130
19 129
19 58
19 55
19 54
19 50
19 49
19 47
19 46
19 41
19 39
19 38
19 36
19 34
19 30
19 21
19 22
19 24
19 25
19 61
19 62
19 64
19 65
19 69
19 76
19 77
19 78
19 79
19 83
19 84
19 85
19 87
19 89
19 90
19 91
19 93
19 95
19 97
19 105
19 107
19 109
19 110
19 111
19 112
19 118
19 119
19 123
20 148
20 143
20 142
20 139
20 134
20 133
20 128
20 57
20 56
20 55
20 54
20 53
20 51
20 48
20 47
20 45
20 43
20 42
20 41
20 40
20 38
20 33
20 32
20 31
20 23
20 27
20 62
20 63
20 64
20 65
20 67
20 69
20 72
20 74
20 75
20 76
20 77
20 78
20 85
20 86
20 87
20 91
20 92
20 95
20 96
20 97
20 98
20 102
20 103
20 107
20 108
20 112
20 113
20 115
20 116
20 119
20 125
20 126
21 149
21 147
21 141
21 139
21 133
21 132
21 131
21 128
21 57
21 56
21 55
21 54
21 51
21 49
21 46
21 45
21 44
21 43
21 42
21 41
21 38
21 37
21 32
21 31
21 59
21 25
21 28
21 61
21 62
21 64
21 71
21 76
21 81
21 83
21 86
21 88
21 91
21 93
21 94
21 95
21 100
21 103
21 104
21 107
21 109
21 116
21 117
21 121
21 122
21 124
21 125
22 147
22 145
22 139
22 135
22 132
22 131
22 58
22 55
22 52
22 50
22 46
22 45
22 43
22 41
22 40
22 37
22 30
22 59
22 24
22 25
22 27
22 61
22 62
22 63
22 64
22 68
22 69
22 70
22 71
22 74
22 75
22 76
22 81
22 85
22 86
22 90
22 93
22 94
22 100
22 102
22 103
22 104
22 105
22 108
22 109
22 110
22 117
22 120
22 122
22 123
22 124
22 126
23 149
23 148
23 145
23 143
23 142
23 138
23 134
23 133
23 132
23 131
23 130
23 56
23 55
23 54
23 52
23 50
23 49
23 48
23 45
23 44
23 39
23 36
23 33
23 32
23 30
23 59
23 29
23 24
23 25
23 27
23 60
23 62
23 63
23 65
23 66
23 67
23 69
23 72
23 75
23 78
23 80
23 81
23 83
23 87
23 92
23 95
23 99
23 101
23 102
23 106
23 113
23 114
23 115
23 116
23 117
23 123
23 125
24 149
24 144
24 139
24 137
24 136
24 134
24 132
24 129
24 58
24 56
24 55
24 54
24 53
24 52
24 51
24 50
24 48
24 46
24 45
24 44
24 37
24 35
24 34
24 32
24 30
24 127
24 29
24 25
24 26
24 27
24 63
24 64
24 65
24 66
24 67
24 68
24 71
24 75
24 76
24 77
24 79
24 80
24 81
24 83
24 84
24 85
24 86
24 89
24 91
24 93
24 94
24 99
24 101
24 102
24 103
24 107
24 109
24 111
24 112
24 114
24 115
24 117
24 118
24 120
24 122
24 123
24 124
24 125
25 145
25 143
25 142
25 140
25 139
25 138
25 137
25 135
25 133
25 131
25 130
25 128
25 57
25 55
25 53
25 52
25 50
25 47
25 46
25 45
25 44
25 43
25 42
25 41
25 40
25 39
25 37
25 34
25 33
25 31
25 26
25 27
25 28
25 61
25 62
25 65
25 68
25 69
25 70
25 73
25 80
25 87
25 88
25 89
25 92
25 97
25 98
25 103
25 104
25 106
25 110
25 112
25 115
25 116
25 118
25 119
25 121
25 124
25 125
26 149
26 148
26 143
26 138
26 133
26 131
26 129
26 58
26 56
26 54
26 53
26 52
26 51
26 50
26 48
26 45
26 41
26 38
26 37
26 35
26 32
26 31
26 30
26 59
26 127
26 28
26 60
26 67
26 68
26 70
26 71
26 74
26 76
26 80
26 81
26 83
26 84
26 87
26 92
26 93
26 96
26 97
26 104
26 105
26 113
26 114
26 116
26 119
26 120
26 121
26 122
26 123
26 125
26 126
27 149
27 146
27 141
27 140
27 139
27 137
27 134
27 130
27 58
27 57
27 52
27 50
27 49
27 46
27 41
27 40
27 37
27 36
27 35
27 30
27 59
27 127
27 29
27 61
27 62
27 64
27 66
27 76
27 77
27 80
27 81
27 82
27 84
27 87
27 88
27 89
27 90
27 93
27 94
27 97
27 101
27 103
27 104
27 105
27 106
27 109
27 111
27 113
27 116
27 117
27 118
27 119
27 123
27 124
27 125
27 126
28 148
28 146
28 145
28 144
28 143
28 142
28 141
28 135
28 133
28 130
28 51
28 45
28 44
28 41
28 37
28 36
28 34
28 30
28 60
28 63
28 65
28 66
28 67
28 68
28 71
28 89
28 93
28 94
28 95
28 98
28 99
28 100
28 103
28 104
28 106
28 111
28 113
28 116
28 120
28 121
28 125
28 126
29 147
29 143
29 140
29 139
29 137
29 134
29 131
29 52
29 49
29 46
29 45
29 44
29 42
29 41
29 40
29 35
29 33
29 32
29 127
29 60
29 63
29 65
29 67
29 69
29 72
29 73
29 75
29 76
29 79
29 80
29 83
29 84
29 87
29 93
29 94
29 96
29 100
29 101
29 107
29 108
29 109
29 112
29 113
29 114
29 115
29 117
29 118
29 120
29 121
29 122
29 126
30 147
30 146
30 145
30 142
30 136
30 133
30 131
30 58
30 57
30 46
30 43
30 42
30 41
30 38
30 37
30 36
30 35
30 34
30 67
30 68
30 70
30 71
30 75
30 78
30 81
30 82
30 83
30 85
30 86
30 87
30 91
30 93
30 95
30 96
30 97
30 100
30 101
30 110
30 112
30 113
30 115
30 116
30 117
30 118
30 119
30 121
31 149
31 144
31 143
31 140
31 139
31 137
31 135
31 134
31 131
31 56
31 52
31 50
31 43
31 41
31 40
31 39
31 38
31 36
31 34
31 33
31 59
31 127
31 61
31 62
31 64
31 69
31 71
31 72
31 75
31 76
31 77
31 79
31 83
31 85
31 86
31 88
31 89
31 92
31 93
31 94
31 95
31 97
31 98
31 100
31 101
31 102
31 103
31 105
31 106
31 110
31 112
31 114
31 115
31 116
31 117
31 118
31 119
31 120
31 121
31 123
31 126
32 147
32 146
32 145
32 144
32 142
32 140
32 135
32 133
32 130
32 129
32 55
32 54
32 53
32 48
32 47
32 45
32 44
32 43
32 37
32 35
32 61
32 62
32 66
32 67
32 68
32 73
32 74
32 77
32 81
32 84
32 85
32 95
32 98
32 100
32 103
32 104
32 109
32 110
32 113
32 115
32 116
32 118
32 123
32 124
32 126
33 149
33 147
33 146
33 141
33 137
33 136
33 131
33 58
33 57
33 56
33 53
33 50
33 49
33 46
33 40
33 39
33 37
33 60
33 62
33 65
33 66
33 68
33 70
33 71
33 73
33 74
33 75
33 76
33 81
33 82
33 85
33 86
33 87
33 88
33 92
33 93
33 94
33 95
33 97
33 99
33 102
33 104
33 105
33 109
33 110
33 111
33 112
33 113
33 121
33 122
33 123
33 125
33 126
34 146
34 144
34 141
34 140
34 139
34 137
34 135
34 133
34 128
34 57
34 52
34 47
34 45
34 44
34 40
34 39
34 37
34 36
34 127
34 63
34 64
34 66
34 68
34 70
34 71
34 74
34 80
34 81
34 83
34 84
34 86
34 88
34 91
34 92
34 93
34 97
34 99
34 101
34 103
34 106
34 107
34 109
34 110
34 111
34 112
34 115
34 117
34 119
35 146
35 140
35 138
35 137
35 136
35 132
35 129
35 57
35 56
35 55
35 54
35 53
35 47
35 46
35 44
35 40
35 37
35 60
35 64
35 67
35 68
35 70
35 75
35 76
35 77
35 78
35 79
35 80
35 81
35 84
35 86
35 88
35 89
35 92
35 93
35 94
35 95
35 96
35 105
35 107
35 109
35 110
35 112
35 116
35 117
35 118
35 119
35 124
36 149
36 147
36 143
36 138
36 134
36 133
36 132
36 130
36 58
36 57
36 55
36 54
36 53
36 51
36 50
36 49
36 48
36 47
36 46
36 41
36 40
36 39
36 38
36 37
36 59
36 127
36 62
36 68
36 69
36 70
36 71
36 72
36 73
36 78
36 80
36 81
36 84
36 86
36 87
36 88
36 90
36 91
36 95
36 96
36 97
36 98
36 99
36 100
36 102
36 105
36 106
36 107
36 108
36 111
36 112
36 113
36 114
36 117
36 118
36 119
36 121
36 123
36 124
37 148
37 147
37 146
37 143
37 140
37 138
37 58
37 57
37 56
37 55
37 51
37 44
37 43
37 41
37 39
37 59
37 60
37 61
37 62
37 63
37 64
37 66
37 67
37 69
37 70
37 72
37 74
37 75
37 77
37 78
37 79
37 80
37 84
37 86
37 87
37 88
37 89
37 98
37 99
37 102
37 104
37 105
37 109
37 115
37 116
37 119
37 122
37 123
38 148
38 147
38 146
38 139
38 138
38 136
38 133
38 128
38 57
38 56
38 55
38 54
38 53
38 52
38 51
38 49
38 48
38 45
38 41
38 61
38 63
38 67
38 71
38 73
38 74
38 75
38 76
38 79
38 82
38 83
38 84
38 85
38 89
38 90
38 91
38 92
38 94
38 97
38 98
38 101
38 102
38 104
38 109
38 110
38 112
38 115
38 116
38 117
38 118
38 119
38 120
38 125
39 149
39 147
39 142
39 141
39 135
39 133
39 131
39 130
39 128
39 55
39 51
39 50
39 47
39 46
39 45
39 44
39 43
39 42
39 41
39 40
39 59
39 127
39 61
39 63
39 64
39 66
39 67
39 78
39 80
39 81
39 82
39 89
39 90
39 91
39 94
39 98
39 99
39 111
39 113
39 115
39 118
39 120
39 121
39 125
40 149
40 146
40 145
40 144
40 143
40 141
40 139
40 134
40 131
40 58
40 56
40 55
40 50
40 49
40 48
40 46
40 43
40 42
40 59
40 60
40 61
40 63
40 67
40 70
40 71
40 73
40 77
40 80
40 81
40 82
40 84
40 85
40 94
40 97
40 98
40 99
40 101
40 104
40 106
40 107
40 108
40 110
40 112
40 114
40 116
40 117
40 119
41 149
41 147
41 146
41 143
41 142
41 141
41 139
41 138
41 134
41 132
41 131
41 130
41 129
41 58
41 55
41 54
41 51
41 47
41 45
41 43
41 42
41 67
41 68
41 72
41 73
41 76
41 77
41 78
41 81
41 83
41 88
41 93
41 98
41 99
41 101
41 102
41 104
41 105
41 108
41 114
41 118
41 121
41 124
41 126
42 149
42 148
42 147
42 145
42 142
42 140
42 136
42 135
42 134
42 133
42 131
42 130
42 52
42 51
42 50
42 48
42 47
42 46
42 45
42 43
42 59
42 60
42 63
42 65
42 68
42 69
42 72
42 73
42 74
42 75
42 76
42 79
42 81
42 84
42 85
42 86
42 87
42 89
42 90
42 91
42 92
42 94
42 96
42 98
42 100
42 101
42 103
42 106
42 107
42 110
42 111
42 112
42 116
42 117
42 118
42 120
42 123
42 126
43 145
43 144
43 143
43 142
43 138
43 132
43 130
43 129
43 58
43 57
43 55
43 54
43 53
43 52
43 44
43 127
43 68
43 70
43 72
43 77
43 78
43 79
43 80
43 81
43 83
43 84
43 85
43 88
43 89
43 91
43 92
43 97
43 98
43 100
43 103
43 104
43 105
43 106
43 107
43 108
43 109
43 111
43 112
43 115
43 116
43 117
43 121
43 122
43 123
43 125
43 126
44 145
44 143
44 131
44 130
44 128
44 58
44 55
44 54
44 53
44 52
44 50
44 48
44 47
44 127
44 66
44 71
44 72
44 75
44 76
44 77
44 78
44 82
44 85
44 86
44 88
44 89
44 91
44 93
44 95
44 96
44 98
44 108
44 109
44 110
44 111
44 112
44 114
44 116
44 117
44 118
44 119
44 121
44 122
44 123
44 125
45 149
45 148
45 145
45 134
45 133
45 131
45 129
45 128
45 58
45 57
45 56
45 55
45 53
45 51
45 50
45 46
45 64
45 66
45 69
45 70
45 72
45 74
45 75
45 76
45 77
45 80
45 81
45 82
45 84
45 86
45 89
45 91
45 92
45 95
45 97
45 98
45 100
45 102
45 103
45 107
45 108
45 109
45 111
45 117
45 118
45 119
45 121
45 122
45 126
46 147
46 142
46 140
46 139
46 138
46 137
46 135
46 132
46 129
46 58
46 56
46 54
46 47
46 127
46 63
46 65
46 66
46 67
46 68
46 69
46 73
46 74
46 76
46 77
46 78
46 80
46 83
46 84
46 89
46 92
46 95
46 96
46 97
46 98
46 101
46 104
46 106
46 112
46 113
46 115
46 118
46 119
46 121
46 122
46 125
47 148
47 146
47 145
47 142
47 141
47 136
47 134
47 132
47 130
47 128
47 57
47 56
47 54
47 53
47 50
47 60
47 61
47 63
47 64
47 65
47 66
47 70
47 71
47 74
47 75
47 77
47 79
47 85
47 87
47 88
47 90
47 92
47 94
47 95
47 97
47 98
47 100
47 101
47 102
47 103
47 104
47 105
47 107
47 110
47 111
47 113
47 114
47 121
47 122
47 123
47 126
48 149
48 146
48 145
48 140
48 138
48 137
48 136
48 134
48 133
48 132
48 131
48 130
48 129
48 128
48 58
48 53
48 51
48 50
48 59
48 61
48 64
48 68
48 72
48 73
48 75
48 77
48 78
48 79
48 80
48 81
48 82
48 85
48 88
48 92
48 93
48 95
48 96
48 99
48 102
48 103
48 105
48 111
48 112
48 113
48 118
48 119
48 121
48 122
48 124
49 148
49 147
49 146
49 145
49 143
49 142
49 139
49 138
49 137
49 136
49 134
49 133
49 132
49 128
49 58
49 54
49 52
49 51
49 60
49 63
49 65
49 70
49 71
49 73
49 78
49 85
49 90
49 91
49 92
49 94
49 95
49 97
49 98
49 100
49 101
49 102
49 103
49 104
49 105
49 107
49 110
49 111
49 117
49 122
49 124
49 125
49 126
50 148
50 147
50 146
50 144
50 141
50 140
50 137
50 135
50 134
50 132
50 131
50 129
50 128
50 56
50 54
50 53
50 52
50 51
50 59
50 60
50 62
50 63
50 65
50 69
50 70
50 73
50 75
50 76
50 78
50 80
50 84
50 86
50 87
50 89
50 91
50 92
50 95
50 97
50 98
50 100
50 101
50 102
50 103
50 104
50 109
50 110
50 113
50 114
50 119
50 123
50 126
51 148
51 141
51 140
51 138
51 135
51 133
51 132
51 131
51 130
51 129
51 58
51 55
51 53
51 59
51 61
51 62
51 66
51 67
51 70
51 71
51 73
51 76
51 78
51 79
51 80
51 86
51 87
51 90
51 97
51 98
51 99
51 100
51 101
51 107
51 109
51 110
51 111
51 112
51 115
51 117
51 118
51 120
51 121
51 123
51 124
51 125
51 126
52 147
52 145
52 143
52 140
52 137
52 136
52 131
52 128
52 58
52 57
52 56
52 55
52 53
52 127
52 60
52 63
52 70
52 72
52 74
52 76
52 78
52 82
52 85
52 86
52 87
52 89
52 92
52 96
52 100
52 104
52 105
52 110
52 111
52 114
52 116
52 118
52 119
52 120
52 123
52 124
52 125
52 126
53 144
53 143
53 142
53 140
53 139
53 138
53 137
53 135
53 130
53 128
53 54
53 127
53 62
53 64
53 65
53 66
53 73
53 78
53 81
53 83
53 87
53 90
53 91
53 92
53 94
53 96
53 100
53 103
53 105
53 108
53 109
53 110
53 113
53 117
53 120
53 124
54 147
54 145
54 142
54 139
54 138
54 136
54 135
54 133
54 130
54 128
54 57
54 62
54 64
54 70
54 71
54 72
54 73
54 78
54 82
54 85
54 86
54 89
54 90
54 91
54 93
54 97
54 98
54 99
54 102
54 104
54 105
54 109
54 110
54 111
54 113
54 114
54 115
54 122
55 144
55 139
55 138
55 137
55 135
55 133
55 132
55 56
55 127
55 60
55 63
55 64
55 65
55 66
55 68
55 71
55 72
55 77
55 78
55 87
55 90
55 92
55 94
55 97
55 98
55 99
55 102
55 104
55 105
55 106
55 107
55 108
55 110
55 113
55 115
55 118
55 119
55 122
55 125
56 149
56 146
56 142
56 139
56 138
56 137
56 136
56 135
56 134
56 131
56 57
56 61
56 63
56 64
56 67
56 70
56 72
56 75
56 78
56 79
56 81
56 83
56 86
56 87
56 88
56 91
56 92
56 94
56 95
56 98
56 99
56 100
56 101
56 102
56 104
56 106
56 107
56 109
56 110
56 111
56 117
56 119
56 121
56 123
56 125
56 126
57 144
57 143
57 136
57 132
57 131
57 128
57 127
57 64
57 65
57 68
57 70
57 71
57 73
57 75
57 79
57 82
57 83
57 84
57 86
57 88
57 89
57 94
57 104
57 105
57 106
57 109
57 111
57 114
57 115
57 116
57 120
57 122
57 124
57 125
58 149
58 146
58 142
58 141
58 140
58 139
58 137
58 132
58 130
58 127
58 62
58 64
58 65
58 66
58 69
58 71
58 72
58 74
58 75
58 76
58 77
58 78
58 81
58 83
58 85
58 89
58 90
58 91
58 94
58 96
58 97
58 98
58 99
58 101
58 104
58 106
58 107
58 108
58 109
58 110
58 112
58 115
58 116
58 117
58 118
58 126
59 148
59 146
59 145
59 142
59 141
59 138
59 136
59 135
59 131
59 130
59 129
59 61
59 62
59 67
59 69
59 72
59 78
59 79
59 80
59 82
59 83
59 84
59 86
59 87
59 90
59 91
59 92
59 99
59 103
59 105
59 107
59 111
59 118
59 121
59 123
59 124
59 126
60 148
60 146
60 143
60 139
60 135
60 133
60 132
60 128
60 127
60 61
60 62
60 64
60 65
60 69
60 71
60 72
60 73
60 76
60 81
60 90
60 95
60 96
60 97
60 98
60 102
60 103
60 104
60 115
60 116
60 117
60 121
60 123
60 125
61 145
61 143
61 139
61 138
61 137
61 135
61 131
61 128
61 127
61 65
61 66
61 67
61 70
61 71
61 72
61 74
61 75
61 76
61 79
61 80
61 82
61 86
61 87
61 88
61 92
61 93
61 95
61 96
61 97
61 101
61 103
61 104
61 106
61 108
61 109
61 117
61 120
61 122
61 126
62 148
62 147
62 145
62 144
62 143
62 140
62 139
62 136
62 135
62 134
62 132
62 127
62 65
62 66
62 68
62 69
62 71
62 72
62 81
62 82
62 83
62 84
62 85
62 87
62 91
62 94
62 97
62 99
62 102
62 103
62 104
62 106
62 107
62 109
62 111
62 119
62 121
62 123
63 148
63 146
63 144
63 142
63 141
63 138
63 137
63 135
63 134
63 132
63 130
63 128
63 127
63 64
63 67
63 68
63 72
63 78
63 79
63 80
63 81
63 84
63 88
63 89
63 92
63 94
63 96
63 103
63 105
63 107
63 111
63 114
63 115
63 118
63 119
63 120
63 122
63 123
64 149
64 148
64 147
64 139
64 136
64 133
64 132
64 131
64 129
64 65
64 67
64 71
64 72
64 73
64 74
64 75
64 76
64 77
64 79
64 81
64 82
64 84
64 85
64 86
64 88
64 89
64 91
64 94
64 95
64 96
64 97
64 99
64 101
64 103
64 105
64 107
64 108
64 109
64 112
64 114
64 116
64 120
64 125
64 126
65 147
65 146
65 143
65 141
65 140
65 138
65 135
65 134
65 132
65 69
65 72
65 76
65 77
65 79
65 80
65 81
65 86
65 90
65 91
65 94
65 102
65 107
65 110
65 112
65 114
65 115
65 116
65 118
65 123
65 125
65 126
66 149
66 144
66 141
66 138
66 134
66 132
66 130
66 128
66 127
66 69
66 73
66 77
66 78
66 82
66 86
66 88
66 97
66 100
66 107
66 109
66 110
66 111
66 112
66 114
66 116
66 117
66 118
66 121
66 123
67 144
67 143
67 142
67 141
67 138
67 137
67 131
67 129
67 127
67 68
67 70
67 75
67 76
67 77
67 79
67 80
67 83
67 85
67 89
67 91
67 94
67 95
67 96
67 97
67 101
67 102
67 103
67 105
67 106
67 108
67 110
67 111
67 112
67 118
67 120
67 124
68 148
68 143
68 142
68 140
68 136
68 132
68 131
68 129
68 127
68 69
68 70
68 71
68 73
68 75
68 76
68 77
68 79
68 80
68 81
68 84
68 85
68 86
68 89
68 90
68 91
68 92
68 94
68 96
68 97
68 101
68 103
68 106
68 107
68 110
68 112
68 115
68 119
68 121
68 123
69 148
69 147
69 144
69 142
69 139
69 136
69 133
69 130
69 70
69 72
69 73
69 81
69 83
69 84
69 85
69 87
69 88
69 91
69 92
69 94
69 96
69 97
69 98
69 99
69 100
69 101
69 104
69 105
69 107
69 111
69 114
69 115
69 116
69 123
69 124
70 145
70 144
70 142
70 136
70 135
70 134
70 133
70 131
70 130
70 129
70 72
70 73
70 76
70 80
70 81
70 85
70 87
70 88
70 90
70 91
70 93
70 94
70 95
70 97
70 98
70 100
70 105
70 108
70 109
70 110
70 112
70 114
70 116
70 120
70 124
71 149
71 146
71 144
71 143
71 142
71 141
71 137
71 133
71 131
71 79
71 80
71 84
71 85
71 87
71 88
71 90
71 91
71 93
71 98
71 100
71 104
71 105
71 106
71 107
71 110
71 111
71 112
71 113
71 117
71 118
72 148
72 147
72 146
72 145
72 143
72 140
72 139
72 137
72 136
72 135
72 134
72 132
72 131
72 128
72 127
72 73
72 74
72 79
72 80
72 84
72 86
72 90
72 96
72 99
72 100
72 102
72 103
72 104
72 108
72 109
72 111
72 112
72 114
72 118
72 119
72 122
72 124
72 126
73 149
73 147
73 146
73 144
73 142
73 141
73 139
73 138
73 137
73 132
73 129
73 128
73 76
73 77
73 80
73 82
73 85
73 86
73 89
73 90
73 91
73 92
73 94
73 95
73 96
73 99
73 102
73 107
73 108
73 109
73 117
73 122
73 123
73 125
74 149
74 148
74 146
74 143
74 142
74 138
74 136
74 135
74 129
74 128
74 76
74 81
74 83
74 84
74 85
74 86
74 87
74 88
74 90
74 92
74 96
74 97
74 99
74 100
74 104
74 106
74 107
74 108
74 109
74 110
74 117
74 119
74 120
74 122
74 123
74 125
74 126
75 147
75 146
75 144
75 141
75 140
75 139
75 76
75 78
75 79
75 83
75 84
75 95
75 97
75 102
75 103
75 104
75 105
75 106
75 110
75 114
75 115
75 119
75 120
75 121
75 122
75 123
75 126
76 147
76 146
76 144
76 143
76 139
76 138
76 134
76 133
76 131
76 130
76 129
76 128
76 79
76 80
76 82
76 83
76 84
76 86
76 88
76 89
76 103
76 108
76 114
76 115
76 117
76 118
76 119
77 149
77 148
77 147
77 146
77 144
77 143
77 142
77 136
77 133
77 129
77 127
77 78
77 79
77 80
77 81
77 83
77 85
77 86
77 90
77 91
77 92
77 93
77 94
77 96
77 97
77 98
77 99
77 100
77 102
77 104
77 105
77 111
77 113
77 117
77 118
77 120
77 123
77 125
77 126
78 147
78 146
78 145
78 143
78 141
78 137
78 136
78 133
78 131
78 130
78 129
78 127
78 80
78 81
78 82
78 85
78 87
78 90
78 92
78 94
78 96
78 98
78 112
78 114
78 115
78 116
78 119
78 121
78 122
78 124
78 126
79 149
79 147
79 146
79 141
79 140
79 137
79 133
79 132
79 131
79 130
79 129
79 128
79 84
79 85
79 86
79 88
79 89
79 90
79 93
79 95
79 97
79 98
79 99
79 100
79 102
79 105
79 107
79 109
79 112
79 113
79 114
79 116
79 119
79 123
79 126
80 149
80 147
80 143
80 142
80 137
80 136
80 135
80 133
80 132
80 131
80 130
80 129
80 127
80 83
80 85
80 86
80 87
80 88
80 95
80 97
80 98
80 99
80 100
80 101
80 104
80 106
80 110
80 111
80 112
80 113
80 114
80 115
80 116
80 117
80 118
80 119
80 120
80 125
80 126
81 148
81 147
81 142
81 135
81 132
81 130
81 129
81 128
81 127
81 83
81 84
81 85
81 86
81 87
81 90
81 91
81 94
81 96
81 99
81 100
81 102
81 103
81 104
81 105
81 107
81 108
81 109
81 110
81 112
81 121
81 122
81 123
81 125
82 149
82 145
82 143
82 142
82 140
82 139
82 138
82 136
82 133
82 132
82 131
82 86
82 87
82 88
82 90
82 92
82 93
82 98
82 99
82 100
82 102
82 107
82 108
82 110
82 111
82 112
82 119
82 120
82 123
82 124
82 125
83 149
83 148
83 144
83 143
83 139
83 137
83 135
83 134
83 133
83 132
83 130
83 129
83 127
83 84
83 86
83 89
83 97
83 99
83 100
83 104
83 105
83 107
83 111
83 116
83 117
83 122
83 125
84 145
84 142
84 141
84 136
84 135
84 133
84 131
84 128
84 85
84 88
84 91
84 92
84 95
84 98
84 99
84 100
84 101
84 103
84 104
84 106
84 108
84 110
84 113
84 114
84 118
84 120
84 121
84 126
85 145
85 142
85 141
85 137
85 136
85 134
85 131
85 130
85 129
85 87
85 91
85 98
85 100
85 103
85 105
85 108
85 109
85 110
85 111
85 116
85 121
85 123
86 142
86 140
86 139
86 137
86 133
86 132
86 131
86 130
86 127
86 89
86 92
86 93
86 98
86 99
86 104
86 111
86 115
86 116
86 118
86 119
86 122
86 124
87 147
87 146
87 143
87 142
87 141
87 139
87 138
87 137
87 136
87 132
87 129
87 128
87 127
87 89
87 90
87 91
87 92
87 93
87 95
87 99
87 100
87 104
87 105
87 106
87 107
87 111
87 113
87 114
87 117
87 121
87 124
87 125
88 145
88 144
88 141
88 140
88 139
88 138
88 132
88 128
88 127
88 92
88 94
88 95
88 96
88 100
88 101
88 106
88 107
88 108
88 109
88 110
88 112
88 115
88 118
88 119
88 125
89 149
89 148
89 147
89 146
89 143
89 141
89 140
89 138
89 131
89 128
89 127
89 93
89 96
89 97
89 99
89 100
89 103
89 105
89 106
89 108
89 110
89 112
89 113
89 114
89 115
89 118
89 119
89 120
89 122
89 125
89 126
90 149
90 148
90 147
90 145
90 144
90 143
90 140
90 139
90 133
90 130
90 129
90 127
90 94
90 95
90 97
90 102
90 103
90 104
90 109
90 110
90 112
90 115
90 116
90 117
90 119
90 121
90 122
90 123
91 145
91 140
91 139
91 138
91 137
91 136
91 135
91 130
91 129
91 127
91 93
91 100
91 101
91 105
91 111
91 112
91 113
91 115
91 117
91 118
91 119
91 120
92 148
92 147
92 146
92 145
92 143
92 142
92 141
92 140
92 138
92 137
92 136
92 132
92 131
92 129
92 93
92 95
92 96
92 98
92 103
92 104
92 105
92 107
92 110
92 111
92 112
92 113
92 115
92 120
92 126
93 149
93 148
93 147
93 146
93 145
93 143
93 142
93 140
93 139
93 137
93 135
93 131
93 129
93 128
93 97
93 98
93 99
93 101
93 103
93 105
93 107
93 109
93 112
93 113
93 114
93 115
93 117
93 118
93 120
93 122
93 123
93 124
93 125
93 126
94 144
94 142
94 136
94 135
94 134
94 133
94 132
94 129
94 95
94 98
94 101
94 102
94 103
94 106
94 107
94 110
94 111
94 113
94 114
94 115
94 118
94 119
94 121
94 125
95 148
95 144
95 143
95 141
95 138
95 135
95 133
95 132
95 130
95 127
95 97
95 98
95 100
95 106
95 108
95 111
95 116
95 117
95 118
95 124
95 125
96 144
96 137
96 135
96 132
96 127
96 97
96 98
96 99
96 103
96 107
96 110
96 114
96 115
96 117
96 119
96 120
96 122
97 147
97 146
97 144
97 143
97 142
97 141
97 139
97 136
97 133
97 131
97 130
97 129
97 127
97 102
97 104
97 106
97 109
97 110
97 114
97 115
97 116
97 120
97 121
97 123
97 124
98 146
98 145
98 144
98 138
98 134
98 132
98 131
98 130
98 106
98 108
98 112
98 113
98 119
98 120
98 126
99 149
99 147
99 146
99 145
99 144
99 143
99 141
99 135
99 133
99 130
99 129
99 100
99 101
99 107
99 111
99 112
99 117
99 120
99 122
99 125
100 148
100 145
100 144
100 142
100 141
100 136
100 134
100 127
100 101
100 103
100 109
100 112
100 114
100 118
100 120
100 125
101 145
101 144
101 143
101 140
101 138
101 137
101 136
101 135
101 133
101 131
101 130
101 129
101 128
101 102
101 107
101 110
101 111
101 115
101 120
101 122
101 125
101 126
102 148
102 147
102 146
102 143
102 136
102 134
102 133
102 132
102 106
102 109
102 111
102 112
102 113
102 115
102 116
102 119
102 120
102 125
103 148
103 147
103 145
103 144
103 143
103 141
103 137
103 135
103 134
103 133
103 131
103 128
103 127
103 105
103 108
103 110
103 111
103 114
103 117
103 124
103 126
104 148
104 141
104 139
104 138
104 137
104 136
104 135
104 134
104 132
104 131
104 129
104 128
104 107
104 109
104 110
104 111
104 112
104 114
104 115
104 118
104 122
104 123
104 124
104 125
104 126
105 149
105 148
105 144
105 140
105 138
105 137
105 134
105 132
105 131
105 129
105 128
105 127
105 107
105 109
105 110
105 113
105 115
105 118
105 119
105 120
105 124
105 126
106 149
106 145
106 144
106 143
106 142
106 140
106 139
106 138
106 137
106 136
106 131
106 129
106 127
106 107
106 109
106 114
106 115
106 116
106 120
106 122
106 123
106 124
106 126
107 149
107 148
107 147
107 146
107 145
107 144
107 143
107 139
107 138
107 137
107 134
107 133
107 132
107 131
107 109
107 110
107 112
107 113
107 117
107 122
107 124
107 125
107 126
108 147
108 143
108 142
108 139
108 138
108 134
108 131
108 129
108 128
108 110
108 112
108 114
108 116
108 119
108 120
108 122
108 126
109 145
109 144
109 142
109 139
109 136
109 134
109 133
109 130
109 111
109 113
109 115
109 118
109 119
109 120
109 123
109 124
109 125
109 126
110 149
110 148
110 146
110 144
110 142
110 137
110 133
110 129
110 111
110 113
110 114
110 118
110 119
110 120
110 123
111 148
111 147
111 145
111 135
111 132
111 129
111 127
111 113
111 114
111 121
111 122
111 124
111 126
112 148
112 146
112 145
112 144
112 137
112 134
112 133
112 129
112 128
112 127
112 114
112 122
112 124
112 126
113 149
113 144
113 140
113 137
113 133
113 131
113 130
113 129
113 128
113 114
113 116
113 120
113 123
114 149
114 147
114 146
114 143
114 141
114 139
114 138
114 135
114 133
114 131
114 130
114 128
114 116
114 122
114 124
114 125
115 149
115 142
115 141
115 138
115 137
115 128
115 127
115 116
115 118
115 121
115 123
115 124
116 147
116 141
116 139
116 138
116 137
116 135
116 133
116 132
116 130
116 121
116 124
117 148
117 144
117 142
117 140
117 138
117 132
117 127
117 119
117 122
118 147
118 143
118 141
118 140
118 136
118 135
118 134
118 132
118 131
118 130
118 129
118 125
119 145
119 143
119 140
119 139
119 135
119 134
119 121
119 123
119 126
120 134
120 132
120 131
120 128
120 127
120 123
121 146
121 145
121 143
121 140
121 138
121 135
121 134
121 132
121 130
121 124
121 126
122 148
122 147
122 144
122 141
122 139
122 137
122 134
122 132
122 130
122 129
122 128
122 127
122 123
122 124
122 126
123 148
123 147
123 146
123 145
123 144
123 140
123 139
123 136
123 135
123 134
123 132
123 130
124 149
124 148
124 145
124 142
124 141
124 140
124 135
124 132
124 131
124 127
124 125
124 126
125 148
125 143
125 142
125 141
125 138
125 137
125 136
125 135
125 130
125 127
125 126
126 149
126 148
126 143
126 142
126 141
126 138
126 136
126 134
126 130
127 149
127 146
127 143
127 137
127 132
127 128
128 148
128 147
128 145
128 144
128 143
128 140
128 139
128 137
128 134
128 131
129 147
129 144
129 135
129 134
129 132
129 131
129 130
130 149
130 148
130 146
130 143
130 142
130 139
130 138
130 136
130 135
130 133
130 132
131 148
131 147
131 146
131 144
131 142
131 133
132 146
132 145
132 144
132 143
132 142
132 140
132 133
133 149
133 148
133 144
133 142
133 139
133 137
133 136
133 135
133 134
134 147
134 144
134 141
134 140
134 139
134 135
135 149
135 145
135 143
135 136
136 148
136 145
136 141
136 140
136 139
137 146
137 141
137 139
137 138
138 148
138 146
138 144
138 141
138 140
138 139
139 145
139 144
139 142
139 141
140 149
140 148
140 147
140 146
140 144
140 143
140 142
140 141
141 149
141 145
141 143
141 142
142 149
142 148
142 146
142 145
142 144
143 149
143 148
143 145
144 148
144 147
144 146
145 148
146 148
147 149
148 149