Loading graph from files:
    
    clique_100.txt
  ...graph loaded. It has 100 nodes and 4950 edges, 0 of which are self-loops.

The original graph has log2_aut = 524.765
Running for 150 iterations per trial...
Trial 0 for (noise-, noise+) = (0.579157, -nan)


Adding: 

Removing: (0, 1), (0, 2), (0, 3), (0, 4), (0, 6), (0, 7), (0, 9), (0, 17), (0, 18), (0, 20), (0, 22), (0, 24), (0, 26), (0, 28), (0, 29), (0, 31), (0, 32), (0, 33), (0, 36), (0, 37), (0, 40), (0, 43), (0, 44), (0, 46), (0, 48), (0, 50), (0, 51), (0, 52), (0, 53), (0, 60), (0, 62), (0, 63), (0, 64), (0, 65), (0, 66), (0, 67), (0, 68), (0, 69), (0, 70), (0, 75), (0, 78), (0, 79), (0, 81), (0, 84), (0, 85), (0, 86), (0, 87), (0, 89), (0, 92), (0, 93), (0, 97), (1, 2), (1, 3), (1, 4), (1, 5), (1, 6), (1, 8), (1, 9), (1, 12), (1, 14), (1, 15), (1, 18), (1, 20), (1, 21), (1, 23), (1, 27), (1, 29), (1, 32), (1, 33), (1, 34), (1, 36), (1, 38), (1, 39), (1, 44), (1, 45), (1, 46), (1, 48), (1, 49), (1, 51), (1, 53), (1, 54), (1, 55), (1, 56), (1, 58), (1, 59), (1, 60), (1, 61), (1, 63), (1, 64), (1, 67), (1, 68), (1, 69), (1, 70), (1, 72), (1, 73), (1, 74), (1, 75), (1, 81), (1, 82), (1, 85), (1, 86), (1, 87), (1, 88), (1, 89), (1, 90), (1, 91), (1, 94), (1, 96), (1, 97), (2, 3), (2, 4), (2, 8), (2, 9), (2, 10), (2, 11), (2, 12), (2, 13), (2, 14), (2, 17), (2, 18), (2, 20), (2, 22), (2, 24), (2, 25), (2, 26), (2, 27), (2, 30), (2, 32), (2, 34), (2, 36), (2, 39), (2, 42), (2, 44), (2, 45), (2, 46), (2, 51), (2, 52), (2, 54), (2, 55), (2, 56), (2, 57), (2, 58), (2, 59), (2, 61), (2, 62), (2, 64), (2, 65), (2, 67), (2, 68), (2, 71), (2, 74), (2, 75), (2, 77), (2, 78), (2, 80), (2, 82), (2, 86), (2, 87), (2, 93), (2, 95), (2, 98), (2, 99), (3, 5), (3, 10), (3, 11), (3, 12), (3, 13), (3, 14), (3, 15), (3, 16), (3, 18), (3, 20), (3, 21), (3, 22), (3, 24), (3, 26), (3, 27), (3, 28), (3, 30), (3, 31), (3, 32), (3, 34), (3, 35), (3, 36), (3, 37), (3, 38), (3, 42), (3, 46), (3, 47), (3, 50), (3, 53), (3, 56), (3, 57), (3, 61), (3, 62), (3, 63), (3, 68), (3, 71), (3, 72), (3, 73), (3, 74), (3, 76), (3, 78), (3, 79), (3, 80), (3, 81), (3, 82), (3, 83), (3, 86), (3, 88), (3, 89), (3, 92), (3, 93), (3, 95), (3, 97), (4, 9), (4, 10), (4, 11), (4, 12), (4, 17), (4, 21), (4, 22), (4, 24), (4, 25), (4, 26), (4, 27), (4, 31), (4, 32), (4, 33), (4, 34), (4, 36), (4, 40), (4, 42), (4, 43), (4, 45), (4, 46), (4, 47), (4, 48), (4, 51), (4, 52), (4, 54), (4, 55), (4, 56), (4, 57), (4, 58), (4, 59), (4, 60), (4, 61), (4, 62), (4, 67), (4, 68), (4, 69), (4, 70), (4, 72), (4, 73), (4, 74), (4, 77), (4, 78), (4, 81), (4, 83), (4, 84), (4, 86), (4, 87), (4, 90), (4, 91), (4, 94), (4, 95), (4, 96), (4, 97), (5, 7), (5, 8), (5, 9), (5, 10), (5, 11), (5, 12), (5, 16), (5, 17), (5, 19), (5, 20), (5, 21), (5, 22), (5, 24), (5, 25), (5, 27), (5, 28), (5, 29), (5, 30), (5, 31), (5, 33), (5, 35), (5, 36), (5, 37), (5, 38), (5, 39), (5, 40), (5, 41), (5, 42), (5, 43), (5, 44), (5, 45), (5, 49), (5, 50), (5, 52), (5, 53), (5, 54), (5, 55), (5, 56), (5, 58), (5, 59), (5, 62), (5, 64), (5, 65), (5, 68), (5, 69), (5, 70), (5, 72), (5, 74), (5, 76), (5, 78), (5, 79), (5, 80), (5, 82), (5, 83), (5, 84), (5, 85), (5, 86), (5, 90), (5, 91), (5, 93), (5, 99), (6, 8), (6, 9), (6, 10), (6, 11), (6, 13), (6, 19), (6, 23), (6, 24), (6, 26), (6, 28), (6, 29), (6, 31), (6, 32), (6, 33), (6, 34), (6, 35), (6, 40), (6, 42), (6, 45), (6, 46), (6, 47), (6, 48), (6, 52), (6, 54), (6, 56), (6, 59), (6, 62), (6, 63), (6, 64), (6, 65), (6, 66), (6, 71), (6, 74), (6, 75), (6, 79), (6, 81), (6, 83), (6, 84), (6, 86), (6, 87), (6, 90), (6, 91), (6, 93), (6, 94), (6, 95), (6, 96), (6, 98), (6, 99), (7, 8), (7, 10), (7, 11), (7, 12), (7, 17), (7, 18), (7, 20), (7, 21), (7, 22), (7, 23), (7, 25), (7, 26), (7, 27), (7, 28), (7, 30), (7, 35), (7, 36), (7, 40), (7, 41), (7, 42), (7, 43), (7, 45), (7, 47), (7, 50), (7, 51), (7, 52), (7, 55), (7, 56), (7, 58), (7, 61), (7, 63), (7, 65), (7, 66), (7, 68), (7, 69), (7, 70), (7, 71), (7, 74), (7, 75), (7, 76), (7, 78), (7, 81), (7, 83), (7, 84), (7, 85), (7, 89), (7, 94), (7, 95), (7, 96), (7, 98), (8, 11), (8, 12), (8, 13), (8, 20), (8, 21), (8, 24), (8, 26), (8, 30), (8, 32), (8, 34), (8, 35), (8, 38), (8, 40), (8, 41), (8, 42), (8, 43), (8, 47), (8, 48), (8, 53), (8, 54), (8, 55), (8, 56), (8, 59), (8, 61), (8, 62), (8, 63), (8, 64), (8, 67), (8, 68), (8, 69), (8, 72), (8, 73), (8, 75), (8, 76), (8, 79), (8, 81), (8, 82), (8, 83), (8, 84), (8, 86), (8, 88), (8, 89), (8, 90), (8, 92), (8, 95), (8, 96), (8, 98), (8, 99), (9, 11), (9, 13), (9, 15), (9, 18), (9, 19), (9, 20), (9, 22), (9, 23), (9, 26), (9, 28), (9, 32), (9, 35), (9, 36), (9, 38), (9, 39), (9, 47), (9, 48), (9, 49), (9, 50), (9, 51), (9, 52), (9, 53), (9, 54), (9, 55), (9, 56), (9, 58), (9, 59), (9, 60), (9, 62), (9, 63), (9, 64), (9, 67), (9, 68), (9, 70), (9, 71), (9, 72), (9, 73), (9, 74), (9, 75), (9, 76), (9, 77), (9, 82), (9, 85), (9, 88), (9, 89), (9, 90), (9, 91), (9, 92), (9, 93), (9, 96), (9, 98), (9, 99), (10, 12), (10, 14), (10, 15), (10, 16), (10, 17), (10, 18), (10, 19), (10, 20), (10, 21), (10, 22), (10, 25), (10, 28), (10, 29), (10, 32), (10, 34), (10, 35), (10, 37), (10, 39), (10, 41), (10, 42), (10, 43), (10, 45), (10, 46), (10, 47), (10, 49), (10, 51), (10, 52), (10, 53), (10, 54), (10, 56), (10, 57), (10, 59), (10, 62), (10, 63), (10, 64), (10, 66), (10, 68), (10, 74), (10, 78), (10, 79), (10, 80), (10, 81), (10, 82), (10, 84), (10, 85), (10, 86), (10, 89), (10, 90), (10, 93), (10, 94), (10, 95), (10, 96), (10, 97), (10, 98), (10, 99), (11, 12), (11, 13), (11, 17), (11, 21), (11, 22), (11, 28), (11, 31), (11, 32), (11, 33), (11, 34), (11, 39), (11, 40), (11, 41), (11, 42), (11, 43), (11, 45), (11, 46), (11, 47), (11, 48), (11, 49), (11, 50), (11, 52), (11, 53), (11, 57), (11, 58), (11, 60), (11, 61), (11, 62), (11, 65), (11, 67), (11, 69), (11, 70), (11, 72), (11, 76), (11, 77), (11, 80), (11, 81), (11, 84), (11, 85), (11, 86), (11, 89), (11, 90), (11, 92), (11, 95), (12, 13), (12, 14), (12, 17), (12, 18), (12, 19), (12, 20), (12, 21), (12, 22), (12, 23), (12, 25), (12, 28), (12, 29), (12, 30), (12, 31), (12, 32), (12, 33), (12, 37), (12, 38), (12, 40), (12, 41), (12, 42), (12, 44), (12, 45), (12, 50), (12, 52), (12, 53), (12, 55), (12, 57), (12, 61), (12, 63), (12, 65), (12, 67), (12, 68), (12, 70), (12, 71), (12, 72), (12, 73), (12, 74), (12, 75), (12, 77), (12, 79), (12, 83), (12, 86), (12, 88), (12, 94), (12, 95), (12, 97), (12, 98), (13, 15), (13, 16), (13, 20), (13, 22), (13, 24), (13, 25), (13, 26), (13, 28), (13, 31), (13, 32), (13, 34), (13, 38), (13, 39), (13, 40), (13, 41), (13, 42), (13, 43), (13, 48), (13, 50), (13, 51), (13, 52), (13, 53), (13, 56), (13, 59), (13, 62), (13, 63), (13, 64), (13, 65), (13, 66), (13, 67), (13, 68), (13, 71), (13, 74), (13, 75), (13, 78), (13, 79), (13, 80), (13, 81), (13, 82), (13, 83), (13, 86), (13, 87), (13, 88), (13, 91), (13, 93), (13, 94), (13, 96), (13, 97), (13, 99), (14, 16), (14, 17), (14, 18), (14, 20), (14, 21), (14, 24), (14, 27), (14, 29), (14, 31), (14, 34), (14, 36), (14, 37), (14, 38), (14, 39), (14, 42), (14, 44), (14, 45), (14, 46), (14, 48), (14, 50), (14, 51), (14, 52), (14, 54), (14, 56), (14, 57), (14, 58), (14, 59), (14, 64), (14, 65), (14, 67), (14, 68), (14, 71), (14, 73), (14, 75), (14, 77), (14, 78), (14, 79), (14, 81), (14, 84), (14, 85), (14, 87), (14, 89), (14, 90), (14, 91), (14, 92), (14, 95), (14, 96), (14, 97), (14, 99), (15, 17), (15, 18), (15, 19), (15, 21), (15, 22), (15, 23), (15, 24), (15, 25), (15, 26), (15, 27), (15, 29), (15, 30), (15, 31), (15, 32), (15, 34), (15, 35), (15, 36), (15, 37), (15, 38), (15, 41), (15, 42), (15, 44), (15, 47), (15, 49), (15, 50), (15, 51), (15, 54), (15, 55), (15, 56), (15, 57), (15, 58), (15, 60), (15, 61), (15, 66), (15, 67), (15, 68), (15, 69), (15, 71), (15, 72), (15, 75), (15, 77), (15, 80), (15, 82), (15, 83), (15, 84), (15, 88), (15, 89), (15, 90), (15, 91), (15, 92), (15, 93), (15, 95), (15, 96), (15, 97), (15, 99), (16, 17), (16, 18), (16, 19), (16, 21), (16, 26), (16, 27), (16, 29), (16, 30), (16, 31), (16, 32), (16, 33), (16, 34), (16, 35), (16, 39), (16, 40), (16, 45), (16, 47), (16, 48), (16, 50), (16, 54), (16, 55), (16, 56), (16, 57), (16, 58), (16, 59), (16, 61), (16, 64), (16, 65), (16, 68), (16, 69), (16, 70), (16, 71), (16, 75), (16, 76), (16, 77), (16, 78), (16, 80), (16, 81), (16, 84), (16, 86), (16, 88), (16, 92), (16, 93), (16, 96), (16, 97), (16, 98), (17, 19), (17, 20), (17, 21), (17, 23), (17, 24), (17, 25), (17, 26), (17, 27), (17, 28), (17, 35), (17, 36), (17, 40), (17, 41), (17, 42), (17, 43), (17, 45), (17, 48), (17, 49), (17, 51), (17, 52), (17, 55), (17, 60), (17, 63), (17, 64), (17, 65), (17, 71), (17, 72), (17, 74), (17, 77), (17, 80), (17, 82), (17, 83), (17, 84), (17, 85), (17, 86), (17, 87), (17, 88), (17, 92), (17, 93), (17, 94), (17, 96), (17, 97), (18, 19), (18, 20), (18, 21), (18, 22), (18, 24), (18, 25), (18, 26), (18, 27), (18, 30), (18, 31), (18, 32), (18, 33), (18, 34), (18, 35), (18, 36), (18, 37), (18, 38), (18, 39), (18, 40), (18, 44), (18, 46), (18, 47), (18, 48), (18, 49), (18, 50), (18, 51), (18, 52), (18, 53), (18, 54), (18, 55), (18, 57), (18, 60), (18, 63), (18, 65), (18, 67), (18, 68), (18, 69), (18, 70), (18, 71), (18, 72), (18, 73), (18, 77), (18, 78), (18, 79), (18, 80), (18, 82), (18, 84), (18, 86), (18, 89), (18, 90), (18, 91), (18, 94), (18, 95), (18, 96), (18, 98), (18, 99), (19, 21), (19, 22), (19, 23), (19, 28), (19, 30), (19, 31), (19, 32), (19, 34), (19, 35), (19, 37), (19, 38), (19, 41), (19, 42), (19, 44), (19, 46), (19, 47), (19, 54), (19, 55), (19, 57), (19, 58), (19, 59), (19, 60), (19, 63), (19, 64), (19, 66), (19, 71), (19, 72), (19, 74), (19, 76), (19, 77), (19, 78), (19, 79), (19, 82), (19, 83), (19, 84), (19, 85), (19, 86), (19, 87), (19, 88), (19, 91), (19, 93), (19, 94), (19, 96), (19, 97), (19, 99), (20, 21), (20, 22), (20, 24), (20, 27), (20, 28), (20, 29), (20, 30), (20, 32), (20, 33), (20, 37), (20, 38), (20, 39), (20, 43), (20, 44), (20, 47), (20, 48), (20, 51), (20, 53), (20, 55), (20, 57), (20, 58), (20, 59), (20, 61), (20, 62), (20, 63), (20, 64), (20, 65), (20, 66), (20, 67), (20, 69), (20, 71), (20, 73), (20, 75), (20, 76), (20, 79), (20, 80), (20, 84), (20, 89), (20, 92), (20, 93), (20, 95), (20, 97), (20, 99), (21, 25), (21, 27), (21, 28), (21, 29), (21, 31), (21, 32), (21, 33), (21, 34), (21, 38), (21, 41), (21, 44), (21, 45), (21, 46), (21, 49), (21, 51), (21, 52), (21, 53), (21, 56), (21, 58), (21, 60), (21, 63), (21, 65), (21, 67), (21, 70), (21, 72), (21, 74), (21, 75), (21, 76), (21, 79), (21, 80), (21, 81), (21, 82), (21, 83), (21, 88), (21, 89), (21, 90), (21, 92), (21, 93), (21, 94), (21, 95), (21, 96), (22, 23), (22, 24), (22, 25), (22, 27), (22, 32), (22, 33), (22, 34), (22, 36), (22, 37), (22, 38), (22, 39), (22, 40), (22, 42), (22, 44), (22, 45), (22, 47), (22, 48), (22, 49), (22, 51), (22, 52), (22, 55), (22, 56), (22, 62), (22, 63), (22, 65), (22, 67), (22, 68), (22, 69), (22, 70), (22, 71), (22, 72), (22, 74), (22, 75), (22, 78), (22, 79), (22, 81), (22, 85), (22, 86), (22, 87), (22, 88), (22, 89), (22, 90), (22, 91), (22, 92), (22, 93), (22, 97), (22, 98), (23, 26), (23, 30), (23, 32), (23, 34), (23, 35), (23, 37), (23, 40), (23, 44), (23, 45), (23, 46), (23, 48), (23, 50), (23, 51), (23, 52), (23, 53), (23, 54), (23, 58), (23, 59), (23, 60), (23, 61), (23, 62), (23, 63), (23, 68), (23, 69), (23, 72), (23, 75), (23, 76), (23, 77), (23, 78), (23, 79), (23, 80), (23, 81), (23, 82), (23, 84), (23, 87), (23, 88), (23, 89), (23, 92), (23, 93), (23, 94), (23, 97), (23, 98), (24, 27), (24, 28), (24, 33), (24, 35), (24, 36), (24, 38), (24, 40), (24, 41), (24, 42), (24, 43), (24, 44), (24, 45), (24, 46), (24, 48), (24, 50), (24, 51), (24, 53), (24, 54), (24, 55), (24, 56), (24, 57), (24, 58), (24, 59), (24, 60), (24, 62), (24, 66), (24, 68), (24, 71), (24, 73), (24, 81), (24, 82), (24, 84), (24, 87), (24, 88), (24, 89), (24, 93), (24, 94), (24, 95), (24, 97), (24, 98), (25, 26), (25, 27), (25, 28), (25, 30), (25, 31), (25, 38), (25, 39), (25, 40), (25, 41), (25, 42), (25, 43), (25, 46), (25, 47), (25, 48), (25, 49), (25, 50), (25, 52), (25, 53), (25, 54), (25, 57), (25, 59), (25, 61), (25, 62), (25, 63), (25, 65), (25, 66), (25, 67), (25, 68), (25, 70), (25, 72), (25, 73), (25, 74), (25, 76), (25, 77), (25, 81), (25, 82), (25, 84), (25, 85), (25, 87), (25, 89), (25, 90), (25, 92), (25, 93), (25, 98), (25, 99), (26, 27), (26, 28), (26, 29), (26, 30), (26, 31), (26, 32), (26, 33), (26, 36), (26, 38), (26, 40), (26, 41), (26, 45), (26, 46), (26, 48), (26, 50), (26, 52), (26, 55), (26, 56), (26, 57), (26, 60), (26, 61), (26, 64), (26, 65), (26, 66), (26, 68), (26, 70), (26, 74), (26, 75), (26, 76), (26, 77), (26, 78), (26, 79), (26, 82), (26, 86), (26, 89), (26, 90), (26, 91), (26, 92), (26, 94), (26, 95), (27, 28), (27, 31), (27, 32), (27, 33), (27, 36), (27, 37), (27, 39), (27, 43), (27, 47), (27, 48), (27, 49), (27, 51), (27, 55), (27, 56), (27, 58), (27, 61), (27, 63), (27, 65), (27, 66), (27, 68), (27, 70), (27, 71), (27, 77), (27, 78), (27, 80), (27, 81), (27, 82), (27, 84), (27, 85), (27, 86), (27, 87), (27, 89), (27, 90), (27, 91), (27, 93), (27, 96), (27, 98), (28, 30), (28, 31), (28, 32), (28, 33), (28, 34), (28, 35), (28, 36), (28, 38), (28, 40), (28, 41), (28, 43), (28, 44), (28, 45), (28, 47), (28, 48), (28, 49), (28, 50), (28, 51), (28, 53), (28, 56), (28, 58), (28, 61), (28, 63), (28, 65), (28, 66), (28, 67), (28, 69), (28, 70), (28, 74), (28, 76), (28, 77), (28, 78), (28, 80), (28, 81), (28, 83), (28, 85), (28, 86), (28, 87), (28, 89), (28, 94), (28, 96), (28, 97), (28, 98), (28, 99), (29, 31), (29, 32), (29, 33), (29, 34), (29, 35), (29, 36), (29, 38), (29, 39), (29, 40), (29, 41), (29, 44), (29, 45), (29, 46), (29, 47), (29, 49), (29, 51), (29, 52), (29, 54), (29, 55), (29, 57), (29, 58), (29, 59), (29, 60), (29, 61), (29, 62), (29, 64), (29, 65), (29, 66), (29, 67), (29, 68), (29, 70), (29, 74), (29, 76), (29, 77), (29, 78), (29, 79), (29, 83), (29, 84), (29, 85), (29, 86), (29, 87), (29, 90), (29, 91), (29, 94), (29, 95), (29, 96), (29, 98), (30, 31), (30, 33), (30, 35), (30, 38), (30, 39), (30, 41), (30, 42), (30, 43), (30, 44), (30, 45), (30, 46), (30, 49), (30, 53), (30, 54), (30, 56), (30, 57), (30, 58), (30, 59), (30, 61), (30, 62), (30, 65), (30, 66), (30, 67), (30, 68), (30, 69), (30, 71), (30, 74), (30, 75), (30, 76), (30, 78), (30, 80), (30, 81), (30, 82), (30, 83), (30, 84), (30, 85), (30, 86), (30, 87), (30, 90), (30, 91), (30, 93), (30, 94), (30, 95), (30, 96), (30, 99), (31, 33), (31, 35), (31, 36), (31, 38), (31, 41), (31, 43), (31, 45), (31, 47), (31, 48), (31, 49), (31, 50), (31, 52), (31, 54), (31, 55), (31, 56), (31, 57), (31, 58), (31, 59), (31, 60), (31, 62), (31, 63), (31, 64), (31, 66), (31, 67), (31, 69), (31, 70), (31, 72), (31, 74), (31, 76), (31, 78), (31, 82), (31, 83), (31, 84), (31, 85), (31, 86), (31, 87), (31, 88), (31, 91), (31, 94), (31, 95), (31, 96), (31, 98), (32, 35), (32, 37), (32, 40), (32, 41), (32, 43), (32, 45), (32, 48), (32, 49), (32, 50), (32, 52), (32, 56), (32, 58), (32, 59), (32, 61), (32, 64), (32, 66), (32, 68), (32, 70), (32, 73), (32, 74), (32, 76), (32, 79), (32, 82), (32, 83), (32, 84), (32, 86), (32, 87), (32, 88), (32, 90), (32, 95), (32, 98), (32, 99), (33, 34), (33, 35), (33, 36), (33, 38), (33, 41), (33, 42), (33, 43), (33, 47), (33, 48), (33, 49), (33, 50), (33, 56), (33, 58), (33, 59), (33, 62), (33, 63), (33, 66), (33, 68), (33, 70), (33, 73), (33, 74), (33, 75), (33, 76), (33, 78), (33, 80), (33, 82), (33, 83), (33, 84), (33, 87), (33, 88), (33, 90), (33, 91), (33, 93), (33, 98), (34, 36), (34, 37), (34, 39), (34, 40), (34, 43), (34, 44), (34, 46), (34, 48), (34, 50), (34, 51), (34, 54), (34, 55), (34, 58), (34, 60), (34, 61), (34, 62), (34, 63), (34, 65), (34, 66), (34, 67), (34, 69), (34, 71), (34, 72), (34, 74), (34, 75), (34, 76), (34, 79), (34, 80), (34, 81), (34, 84), (34, 85), (34, 86), (34, 88), (34, 90), (34, 91), (34, 92), (34, 94), (34, 96), (34, 99), (35, 36), (35, 40), (35, 41), (35, 42), (35, 43), (35, 49), (35, 50), (35, 51), (35, 52), (35, 53), (35, 54), (35, 55), (35, 56), (35, 57), (35, 58), (35, 59), (35, 62), (35, 63), (35, 64), (35, 65), (35, 67), (35, 68), (35, 69), (35, 71), (35, 73), (35, 74), (35, 75), (35, 76), (35, 77), (35, 79), (35, 80), (35, 81), (35, 83), (35, 84), (35, 85), (35, 88), (35, 89), (35, 91), (35, 94), (35, 96), (35, 97), (35, 99), (36, 38), (36, 39), (36, 40), (36, 44), (36, 48), (36, 49), (36, 51), (36, 52), (36, 54), (36, 55), (36, 56), (36, 57), (36, 58), (36, 59), (36, 60), (36, 62), (36, 63), (36, 66), (36, 69), (36, 71), (36, 72), (36, 74), (36, 75), (36, 80), (36, 82), (36, 84), (36, 85), (36, 86), (36, 88), (36, 91), (36, 93), (36, 97), (36, 98), (37, 39), (37, 41), (37, 42), (37, 43), (37, 44), (37, 48), (37, 49), (37, 50), (37, 52), (37, 53), (37, 54), (37, 55), (37, 56), (37, 59), (37, 60), (37, 62), (37, 66), (37, 67), (37, 68), (37, 69), (37, 70), (37, 71), (37, 72), (37, 73), (37, 74), (37, 75), (37, 76), (37, 77), (37, 78), (37, 79), (37, 80), (37, 82), (37, 84), (37, 85), (37, 86), (37, 87), (37, 90), (37, 91), (37, 92), (37, 96), (37, 98), (37, 99), (38, 40), (38, 45), (38, 47), (38, 48), (38, 50), (38, 52), (38, 53), (38, 56), (38, 57), (38, 58), (38, 59), (38, 61), (38, 63), (38, 64), (38, 65), (38, 66), (38, 68), (38, 69), (38, 72), (38, 73), (38, 74), (38, 77), (38, 78), (38, 79), (38, 82), (38, 84), (38, 86), (38, 87), (38, 88), (38, 92), (38, 93), (38, 96), (38, 97), (39, 40), (39, 41), (39, 42), (39, 45), (39, 53), (39, 54), (39, 55), (39, 56), (39, 57), (39, 58), (39, 59), (39, 60), (39, 62), (39, 63), (39, 64), (39, 65), (39, 66), (39, 69), (39, 70), (39, 71), (39, 72), (39, 73), (39, 74), (39, 77), (39, 79), (39, 80), (39, 81), (39, 82), (39, 83), (39, 85), (39, 86), (39, 87), (39, 88), (39, 90), (39, 93), (39, 96), (39, 98), (40, 41), (40, 43), (40, 47), (40, 48), (40, 50), (40, 51), (40, 52), (40, 54), (40, 55), (40, 56), (40, 57), (40, 60), (40, 61), (40, 63), (40, 64), (40, 66), (40, 67), (40, 68), (40, 69), (40, 72), (40, 73), (40, 74), (40, 75), (40, 76), (40, 77), (40, 79), (40, 80), (40, 82), (40, 83), (40, 85), (40, 87), (40, 88), (40, 90), (40, 91), (40, 92), (40, 93), (40, 97), (40, 99), (41, 44), (41, 46), (41, 47), (41, 49), (41, 50), (41, 53), (41, 54), (41, 55), (41, 56), (41, 60), (41, 62), (41, 67), (41, 69), (41, 71), (41, 72), (41, 73), (41, 74), (41, 75), (41, 77), (41, 78), (41, 79), (41, 80), (41, 81), (41, 82), (41, 84), (41, 85), (41, 86), (41, 87), (41, 89), (41, 91), (41, 94), (41, 95), (41, 96), (41, 99), (42, 45), (42, 47), (42, 48), (42, 49), (42, 51), (42, 53), (42, 54), (42, 58), (42, 59), (42, 61), (42, 64), (42, 65), (42, 66), (42, 68), (42, 71), (42, 72), (42, 74), (42, 75), (42, 77), (42, 79), (42, 80), (42, 82), (42, 83), (42, 85), (42, 86), (42, 89), (42, 90), (42, 91), (42, 96), (42, 97), (42, 98), (43, 46), (43, 47), (43, 48), (43, 52), (43, 54), (43, 55), (43, 56), (43, 60), (43, 62), (43, 63), (43, 64), (43, 66), (43, 67), (43, 68), (43, 70), (43, 71), (43, 72), (43, 73), (43, 74), (43, 76), (43, 77), (43, 81), (43, 84), (43, 87), (43, 89), (43, 90), (43, 92), (43, 97), (43, 99), (44, 45), (44, 46), (44, 47), (44, 48), (44, 50), (44, 52), (44, 54), (44, 56), (44, 59), (44, 67), (44, 69), (44, 72), (44, 73), (44, 75), (44, 76), (44, 77), (44, 78), (44, 79), (44, 80), (44, 84), (44, 86), (44, 90), (44, 91), (44, 92), (44, 93), (44, 97), (44, 98), (44, 99), (45, 51), (45, 52), (45, 54), (45, 57), (45, 60), (45, 62), (45, 63), (45, 64), (45, 65), (45, 66), (45, 69), (45, 71), (45, 72), (45, 75), (45, 76), (45, 77), (45, 79), (45, 80), (45, 81), (45, 82), (45, 83), (45, 84), (45, 86), (45, 87), (45, 90), (45, 92), (45, 93), (45, 94), (45, 95), (45, 96), (45, 97), (45, 98), (45, 99), (46, 49), (46, 50), (46, 51), (46, 53), (46, 54), (46, 55), (46, 58), (46, 60), (46, 64), (46, 65), (46, 66), (46, 67), (46, 68), (46, 70), (46, 73), (46, 78), (46, 79), (46, 80), (46, 82), (46, 83), (46, 89), (46, 91), (46, 92), (46, 93), (46, 94), (46, 97), (46, 99), (47, 48), (47, 50), (47, 51), (47, 53), (47, 55), (47, 56), (47, 57), (47, 58), (47, 62), (47, 63), (47, 65), (47, 68), (47, 69), (47, 70), (47, 71), (47, 73), (47, 75), (47, 76), (47, 77), (47, 82), (47, 83), (47, 84), (47, 85), (47, 87), (47, 88), (47, 90), (47, 92), (47, 93), (47, 95), (47, 97), (48, 51), (48, 52), (48, 53), (48, 57), (48, 58), (48, 59), (48, 61), (48, 64), (48, 72), (48, 73), (48, 74), (48, 75), (48, 76), (48, 78), (48, 79), (48, 81), (48, 85), (48, 86), (48, 87), (48, 89), (48, 91), (48, 94), (48, 95), (48, 96), (48, 97), (48, 98), (49, 50), (49, 52), (49, 54), (49, 55), (49, 57), (49, 58), (49, 65), (49, 66), (49, 67), (49, 68), (49, 69), (49, 70), (49, 71), (49, 73), (49, 74), (49, 75), (49, 78), (49, 79), (49, 81), (49, 82), (49, 86), (49, 91), (49, 92), (49, 95), (49, 96), (49, 97), (50, 51), (50, 52), (50, 53), (50, 54), (50, 56), (50, 57), (50, 58), (50, 63), (50, 64), (50, 67), (50, 69), (50, 71), (50, 72), (50, 73), (50, 77), (50, 80), (50, 81), (50, 83), (50, 84), (50, 85), (50, 86), (50, 87), (50, 88), (50, 89), (50, 90), (50, 91), (50, 92), (50, 93), (50, 94), (50, 96), (50, 99), (51, 53), (51, 55), (51, 56), (51, 57), (51, 58), (51, 59), (51, 60), (51, 61), (51, 66), (51, 68), (51, 69), (51, 70), (51, 74), (51, 75), (51, 79), (51, 80), (51, 81), (51, 82), (51, 83), (51, 85), (51, 87), (51, 89), (51, 90), (51, 91), (51, 96), (51, 97), (51, 98), (51, 99), (52, 53), (52, 54), (52, 55), (52, 59), (52, 61), (52, 64), (52, 66), (52, 68), (52, 69), (52, 70), (52, 72), (52, 73), (52, 74), (52, 75), (52, 76), (52, 77), (52, 78), (52, 80), (52, 82), (52, 84), (52, 85), (52, 86), (52, 88), (52, 89), (52, 91), (52, 92), (52, 93), (52, 94), (52, 95), (52, 96), (52, 97), (52, 98), (53, 54), (53, 55), (53, 58), (53, 61), (53, 62), (53, 64), (53, 65), (53, 67), (53, 68), (53, 71), (53, 73), (53, 74), (53, 75), (53, 76), (53, 77), (53, 79), (53, 80), (53, 81), (53, 86), (53, 87), (53, 88), (53, 89), (53, 90), (53, 92), (53, 93), (53, 94), (53, 96), (53, 97), (54, 58), (54, 59), (54, 61), (54, 63), (54, 64), (54, 69), (54, 74), (54, 76), (54, 81), (54, 82), (54, 83), (54, 84), (54, 86), (54, 87), (54, 89), (54, 90), (54, 96), (54, 97), (54, 98), (54, 99), (55, 56), (55, 58), (55, 59), (55, 60), (55, 61), (55, 63), (55, 65), (55, 67), (55, 69), (55, 70), (55, 71), (55, 72), (55, 73), (55, 74), (55, 75), (55, 78), (55, 80), (55, 81), (55, 82), (55, 83), (55, 84), (55, 88), (55, 89), (55, 90), (55, 95), (55, 96), (55, 97), (56, 58), (56, 59), (56, 60), (56, 61), (56, 62), (56, 66), (56, 70), (56, 71), (56, 72), (56, 77), (56, 80), (56, 81), (56, 82), (56, 83), (56, 85), (56, 86), (56, 87), (56, 89), (56, 90), (56, 91), (56, 92), (56, 94), (57, 58), (57, 59), (57, 60), (57, 61), (57, 62), (57, 63), (57, 64), (57, 65), (57, 67), (57, 68), (57, 69), (57, 76), (57, 77), (57, 79), (57, 81), (57, 82), (57, 83), (57, 84), (57, 85), (57, 86), (57, 87), (57, 88), (57, 89), (57, 90), (57, 92), (57, 93), (57, 94), (57, 96), (57, 97), (57, 98), (57, 99), (58, 59), (58, 60), (58, 62), (58, 63), (58, 64), (58, 66), (58, 70), (58, 71), (58, 72), (58, 74), (58, 75), (58, 76), (58, 77), (58, 78), (58, 80), (58, 81), (58, 82), (58, 86), (58, 87), (58, 88), (58, 89), (58, 90), (58, 91), (58, 92), (58, 94), (58, 95), (58, 97), (59, 61), (59, 64), (59, 68), (59, 70), (59, 71), (59, 74), (59, 75), (59, 77), (59, 78), (59, 79), (59, 81), (59, 82), (59, 83), (59, 84), (59, 85), (59, 88), (59, 89), (59, 90), (59, 92), (59, 93), (59, 96), (59, 97), (59, 99), (60, 62), (60, 64), (60, 67), (60, 70), (60, 72), (60, 74), (60, 78), (60, 80), (60, 81), (60, 83), (60, 87), (60, 89), (60, 90), (60, 91), (60, 95), (60, 97), (60, 98), (60, 99), (61, 62), (61, 63), (61, 65), (61, 66), (61, 67), (61, 71), (61, 73), (61, 76), (61, 79), (61, 80), (61, 81), (61, 82), (61, 84), (61, 89), (61, 90), (61, 91), (61, 94), (61, 98), (61, 99), (62, 66), (62, 67), (62, 68), (62, 69), (62, 72), (62, 73), (62, 74), (62, 76), (62, 77), (62, 78), (62, 80), (62, 81), (62, 84), (62, 88), (62, 89), (62, 91), (62, 93), (62, 94), (62, 97), (62, 98), (63, 64), (63, 65), (63, 69), (63, 71), (63, 73), (63, 76), (63, 77), (63, 78), (63, 83), (63, 84), (63, 86), (63, 87), (63, 89), (63, 90), (63, 92), (63, 93), (63, 94), (63, 96), (63, 98), (63, 99), (64, 65), (64, 66), (64, 67), (64, 70), (64, 71), (64, 76), (64, 78), (64, 80), (64, 83), (64, 86), (64, 89), (64, 91), (64, 92), (64, 95), (64, 96), (64, 97), (64, 98), (65, 68), (65, 70), (65, 73), (65, 74), (65, 79), (65, 80), (65, 81), (65, 84), (65, 85), (65, 86), (65, 87), (65, 88), (65, 89), (65, 90), (65, 91), (65, 92), (65, 93), (65, 97), (66, 67), (66, 68), (66, 69), (66, 70), (66, 71), (66, 72), (66, 73), (66, 74), (66, 75), (66, 76), (66, 78), (66, 81), (66, 82), (66, 83), (66, 88), (66, 89), (66, 90), (66, 92), (66, 94), (66, 95), (66, 96), (66, 97), (66, 99), (67, 68), (67, 69), (67, 70), (67, 71), (67, 73), (67, 76), (67, 77), (67, 78), (67, 79), (67, 81), (67, 82), (67, 84), (67, 86), (67, 87), (67, 89), (67, 93), (67, 94), (67, 95), (67, 96), (67, 98), (68, 69), (68, 70), (68, 71), (68, 72), (68, 73), (68, 76), (68, 77), (68, 78), (68, 79), (68, 80), (68, 81), (68, 82), (68, 83), (68, 84), (68, 86), (68, 88), (68, 89), (68, 90), (68, 91), (68, 92), (68, 94), (68, 95), (68, 97), (68, 98), (69, 70), (69, 71), (69, 72), (69, 73), (69, 77), (69, 78), (69, 79), (69, 81), (69, 87), (69, 89), (69, 91), (69, 93), (69, 97), (69, 98), (70, 72), (70, 73), (70, 76), (70, 77), (70, 78), (70, 79), (70, 82), (70, 83), (70, 85), (70, 86), (70, 87), (70, 88), (70, 90), (70, 91), (70, 92), (70, 93), (70, 95), (70, 96), (70, 99), (71, 72), (71, 73), (71, 74), (71, 76), (71, 78), (71, 80), (71, 81), (71, 82), (71, 84), (71, 85), (71, 86), (71, 88), (71, 89), (71, 94), (71, 95), (71, 99), (72, 73), (72, 76), (72, 78), (72, 80), (72, 82), (72, 85), (72, 87), (72, 88), (72, 90), (72, 91), (72, 93), (72, 99), (73, 75), (73, 77), (73, 78), (73, 79), (73, 80), (73, 81), (73, 82), (73, 83), (73, 84), (73, 85), (73, 87), (73, 89), (73, 90), (73, 91), (73, 94), (73, 95), (73, 97), (73, 98), (73, 99), (74, 75), (74, 77), (74, 81), (74, 82), (74, 83), (74, 86), (74, 87), (74, 88), (74, 90), (74, 93), (74, 94), (74, 95), (74, 96), (74, 98), (75, 76), (75, 77), (75, 81), (75, 82), (75, 84), (75, 85), (75, 89), (75, 92), (75, 95), (75, 96), (76, 81), (76, 83), (76, 86), (76, 91), (76, 92), (76, 93), (76, 96), (76, 99), (77, 78), (77, 79), (77, 80), (77, 82), (77, 86), (77, 87), (77, 88), (77, 90), (77, 93), (77, 94), (77, 95), (77, 96), (77, 98), (77, 99), (78, 79), (78, 80), (78, 81), (78, 85), (78, 90), (78, 91), (78, 93), (78, 94), (78, 95), (78, 97), (78, 99), (79, 80), (79, 81), (79, 84), (79, 85), (79, 89), (79, 90), (79, 95), (79, 98), (79, 99), (80, 83), (80, 84), (80, 86), (80, 88), (80, 90), (80, 92), (80, 93), (80, 96), (80, 99), (81, 83), (81, 84), (81, 88), (81, 89), (81, 90), (81, 93), (81, 94), (81, 95), (81, 97), (81, 98), (82, 84), (82, 87), (82, 92), (82, 96), (82, 97), (82, 99), (83, 84), (83, 85), (83, 86), (83, 87), (83, 90), (83, 91), (83, 94), (83, 95), (83, 96), (83, 97), (83, 99), (84, 85), (84, 86), (84, 88), (84, 89), (84, 90), (84, 91), (84, 92), (84, 93), (84, 94), (84, 95), (84, 96), (85, 86), (85, 87), (85, 92), (85, 93), (85, 95), (85, 98), (85, 99), (86, 87), (86, 89), (86, 91), (86, 93), (86, 94), (86, 96), (86, 98), (86, 99), (87, 88), (87, 89), (87, 90), (87, 91), (87, 93), (87, 96), (87, 98), (87, 99), (88, 89), (88, 90), (88, 91), (88, 92), (88, 94), (88, 95), (88, 96), (88, 98), (88, 99), (89, 91), (89, 93), (89, 94), (89, 98), (89, 99), (90, 91), (90, 92), (90, 93), (90, 94), (90, 95), (90, 96), (90, 97), (90, 98), (91, 92), (91, 93), (91, 94), (91, 97), (91, 98), (92, 94), (92, 95), (92, 97), (92, 98), (92, 99), (93, 94), (93, 99), (94, 97), (94, 99), (95, 98), (95, 99), (96, 97), (96, 98), (96, 99), (98, 99), 
log2_p_plus:          -1.24865
log2_1_minus_p_plus:  -0.787974
log2_p_minus:         -1.24865
log2_1_minus_p_minus: -0.787974
p_plus:  0.420843
p_minus: 0.420843

  Beginning edge heuristic pre-computation...
  ...Finished edge heuristic pre-computation.
The special edge set gets a score of -3827.56

Beginning Iteration 1...
	Mutating
	Mating
	Scoring
...Finished iteration with a best score of -3900.47

Beginning Iteration 2...
	Mutating
	Mating
	Scoring
...Finished iteration with a best score of -3900.47

Beginning Iteration 3...
	Mutating
	Mating
	Scoring
...Finished iteration with a best score of -3900.47

Beginning Iteration 4...
	Mutating
	Mating
	Scoring
...Finished iteration with a best score of -3900.47

Beginning Iteration 5...
	Mutating
	Mating
	Scoring
...Finished iteration with a best score of -3900.47

Beginning Iteration 6...
	Mutating
	Mating
	Scoring
...Finished iteration with a best score of -3900.47

Beginning Iteration 7...
	Mutating
	Mating
	Scoring
...Finished iteration with a best score of -3900.47

Beginning Iteration 8...
	Mutating
	Mating
	Scoring
...Finished iteration with a best score of -3900.47

Beginning Iteration 9...
	Mutating
	Mating
	Scoring
...Finished iteration with a best score of -3900.47

Beginning Iteration 10...
	Mutating
	Mating
	Scoring
...Finished iteration with a best score of -3900.47

Beginning Iteration 11...
	Mutating
	Mating
	Scoring
...Finished iteration with a best score of -3900.47

Beginning Iteration 12...
	Mutating
	Mating
	Scoring
...Finished iteration with a best score of -3900.47

Beginning Iteration 13...
	Mutating
	Mating
	Scoring
...Finished iteration with a best score of -3900.47

Beginning Iteration 14...
	Mutating
	Mating
	Scoring
...Finished iteration with a best score of -3900.47

Beginning Iteration 15...
	Mutating
	Mating
	Scoring
...Finished iteration with a best score of -3900.47

Beginning Iteration 16...
	Mutating
	Mating
	Scoring
...Finished iteration with a best score of -3900.47

Beginning Iteration 17...
	Mutating
	Mating
	Scoring
...Finished iteration with a best score of -3900.47

Beginning Iteration 18...
	Mutating
	Mating
	Scoring
...Finished iteration with a best score of -3900.47

Beginning Iteration 19...
	Mutating
	Mating
	Scoring
...Finished iteration with a best score of -3900.47

Beginning Iteration 20...
	Mutating
	Mating
	Scoring
...Finished iteration with a best score of -3900.47

Beginning Iteration 21...
	Mutating
	Mating
	Scoring
...Finished iteration with a best score of -3900.47

Beginning Iteration 22...
	Mutating
	Mating
	Scoring
...Finished iteration with a best score of -3900.47

Beginning Iteration 23...
	Mutating
	Mating
	Scoring
...Finished iteration with a best score of -3900.47

Beginning Iteration 24...
	Mutating
	Mating
	Scoring
...Finished iteration with a best score of -3900.47

Beginning Iteration 25...
	Mutating
	Mating
	Scoring
...Finished iteration with a best score of -3900.47

Beginning Iteration 26...
	Mutating
	Mating
	Scoring
...Finished iteration with a best score of -3900.47

Beginning Iteration 27...
	Mutating
	Mating
	Scoring
...Finished iteration with a best score of -3900.47

Beginning Iteration 28...
	Mutating
	Mating
	Scoring
...Finished iteration with a best score of -3900.47

Beginning Iteration 29...
	Mutating
	Mating
	Scoring
...Finished iteration with a best score of -3900.47

Beginning Iteration 30...
	Mutating
	Mating
	Scoring
...Finished iteration with a best score of -3900.47

Beginning Iteration 31...
	Mutating
	Mating
	Scoring
...Finished iteration with a best score of -3900.47

Beginning Iteration 32...
	Mutating
	Mating
	Scoring
...Finished iteration with a best score of -3900.47

Beginning Iteration 33...
	Mutating
	Mating
	Scoring
...Finished iteration with a best score of -3900.47

Beginning Iteration 34...
	Mutating
	Mating
	Scoring
...Finished iteration with a best score of -3900.47

Beginning Iteration 35...
	Mutating
	Mating
	Scoring
...Finished iteration with a best score of -3900.47

Beginning Iteration 36...
	Mutating
	Mating
	Scoring
...Finished iteration with a best score of -3900.47

Beginning Iteration 37...
	Mutating
	Mating
	Scoring
...Finished iteration with a best score of -3900.47

Beginning Iteration 38...
	Mutating
	Mating
	Scoring
...Finished iteration with a best score of -3900.47

Beginning Iteration 39...
	Mutating
	Mating
	Scoring
...Finished iteration with a best score of -3900.47

Beginning Iteration 40...
	Mutating
	Mating
	Scoring
...Finished iteration with a best score of -3900.47

Beginning Iteration 41...
	Mutating
	Mating
	Scoring
...Finished iteration with a best score of -3900.47

Beginning Iteration 42...
	Mutating
	Mating
	Scoring
...Finished iteration with a best score of -3900.47

Beginning Iteration 43...
	Mutating
	Mating
	Scoring
...Finished iteration with a best score of -3900.47

Beginning Iteration 44...
	Mutating
	Mating
	Scoring
...Finished iteration with a best score of -3900.47

Beginning Iteration 45...
	Mutating
	Mating
	Scoring
...Finished iteration with a best score of -3900.47

Beginning Iteration 46...
	Mutating
	Mating
	Scoring
...Finished iteration with a best score of -3900.47

Beginning Iteration 47...
	Mutating
	Mating
	Scoring
...Finished iteration with a best score of -3900.47

Beginning Iteration 48...
	Mutating
	Mating
	Scoring
...Finished iteration with a best score of -3900.47

Beginning Iteration 49...
	Mutating
	Mating
	Scoring
...Finished iteration with a best score of -3900.47

Beginning Iteration 50...
	Mutating
	Mating
	Scoring
...Finished iteration with a best score of -3900.47

Beginning Iteration 51...
	Mutating
	Mating
	Scoring
...Finished iteration with a best score of -3900.47

Beginning Iteration 52...
	Mutating
	Mating
	Scoring
...Finished iteration with a best score of -3900.47

Beginning Iteration 53...
	Mutating
	Mating
	Scoring
...Finished iteration with a best score of -3900.47

Beginning Iteration 54...
	Mutating
	Mating
	Scoring
...Finished iteration with a best score of -3900.47

Beginning Iteration 55...
	Mutating
	Mating
	Scoring
...Finished iteration with a best score of -3900.47

Beginning Iteration 56...
	Mutating
	Mating
	Scoring
...Finished iteration with a best score of -3900.47

Beginning Iteration 57...
	Mutating
	Mating
	Scoring
...Finished iteration with a best score of -3900.47

Beginning Iteration 58...
	Mutating
	Mating
	Scoring
...Finished iteration with a best score of -3900.47

Beginning Iteration 59...
	Mutating
	Mating
	Scoring
...Finished iteration with a best score of -3900.47

Beginning Iteration 60...
	Mutating
	Mating
	Scoring
...Finished iteration with a best score of -3900.47

Beginning Iteration 61...
	Mutating
	Mating
	Scoring
...Finished iteration with a best score of -3900.47

Beginning Iteration 62...
	Mutating
	Mating
	Scoring
...Finished iteration with a best score of -3900.47

Beginning Iteration 63...
	Mutating
	Mating
	Scoring
...Finished iteration with a best score of -3900.47

Beginning Iteration 64...
	Mutating
	Mating
	Scoring
...Finished iteration with a best score of -3900.47

Beginning Iteration 65...
	Mutating
	Mating
	Scoring
...Finished iteration with a best score of -3900.47

Beginning Iteration 66...
	Mutating
	Mating
	Scoring
...Finished iteration with a best score of -3900.47

Beginning Iteration 67...
	Mutating
	Mating
	Scoring
...Finished iteration with a best score of -3900.47

Beginning Iteration 68...
	Mutating
	Mating
	Scoring
...Finished iteration with a best score of -3900.47

Beginning Iteration 69...
	Mutating
	Mating
	Scoring
...Finished iteration with a best score of -3900.47

Beginning Iteration 70...
	Mutating
	Mating
	Scoring
...Finished iteration with a best score of -3900.47

Beginning Iteration 71...
	Mutating
	Mating
	Scoring
...Finished iteration with a best score of -3900.47

Beginning Iteration 72...
	Mutating
	Mating
	Scoring
...Finished iteration with a best score of -3900.47

Beginning Iteration 73...
	Mutating
	Mating
	Scoring
...Finished iteration with a best score of -3900.47

Beginning Iteration 74...
	Mutating
	Mating
	Scoring
...Finished iteration with a best score of -3900.47

Beginning Iteration 75...
	Mutating
	Mating
	Scoring
...Finished iteration with a best score of -3900.47

Beginning Iteration 76...
	Mutating
	Mating
	Scoring
...Finished iteration with a best score of -3900.47

Beginning Iteration 77...
	Mutating
	Mating
	Scoring
...Finished iteration with a best score of -3900.47

Beginning Iteration 78...
	Mutating
	Mating
	Scoring
...Finished iteration with a best score of -3900.47

Beginning Iteration 79...
	Mutating
	Mating
	Scoring
...Finished iteration with a best score of -3900.47

Beginning Iteration 80...
	Mutating
	Mating
	Scoring
...Finished iteration with a best score of -3900.47

Beginning Iteration 81...
	Mutating
	Mating
	Scoring
...Finished iteration with a best score of -3900.47

Beginning Iteration 82...
	Mutating
	Mating
	Scoring
...Finished iteration with a best score of -3900.47

Beginning Iteration 83...
	Mutating
	Mating
	Scoring
...Finished iteration with a best score of -3900.47

Beginning Iteration 84...
	Mutating
	Mating
	Scoring
...Finished iteration with a best score of -3900.47

Beginning Iteration 85...
	Mutating
	Mating
	Scoring
...Finished iteration with a best score of -3900.47

Beginning Iteration 86...
	Mutating
	Mating
	Scoring
...Finished iteration with a best score of -3900.47

Beginning Iteration 87...
	Mutating
	Mating
	Scoring
...Finished iteration with a best score of -3900.47

Beginning Iteration 88...
	Mutating
	Mating
	Scoring
...Finished iteration with a best score of -3900.47

Beginning Iteration 89...
	Mutating
	Mating
	Scoring
...Finished iteration with a best score of -3900.47

Beginning Iteration 90...
	Mutating
	Mating
	Scoring
...Finished iteration with a best score of -3900.47

Beginning Iteration 91...
	Mutating
	Mating
	Scoring
...Finished iteration with a best score of -3900.47

Beginning Iteration 92...
	Mutating
	Mating
	Scoring
...Finished iteration with a best score of -3900.47

Beginning Iteration 93...
	Mutating
	Mating
	Scoring
...Finished iteration with a best score of -3900.47

Beginning Iteration 94...
	Mutating
	Mating
	Scoring
...Finished iteration with a best score of -3900.47

Beginning Iteration 95...
	Mutating
	Mating
	Scoring
...Finished iteration with a best score of -3900.47

Beginning Iteration 96...
	Mutating
	Mating
	Scoring
...Finished iteration with a best score of -3900.47

Beginning Iteration 97...
	Mutating
	Mating
	Scoring
...Finished iteration with a best score of -3900.47

Beginning Iteration 98...
	Mutating
	Mating
	Scoring
...Finished iteration with a best score of -3900.47

Beginning Iteration 99...
	Mutating
	Mating
	Scoring
...Finished iteration with a best score of -3900.47

Beginning Iteration 100...
	Mutating
	Mating
	Scoring
...Finished iteration with a best score of -3900.47

Beginning Iteration 101...
	Mutating
	Mating
	Scoring
...Finished iteration with a best score of -3900.47

Beginning Iteration 102...
	Mutating
	Mating
	Scoring
...Finished iteration with a best score of -3900.47

Beginning Iteration 103...
	Mutating
	Mating
	Scoring
...Finished iteration with a best score of -3900.47

Beginning Iteration 104...
	Mutating
	Mating
	Scoring
...Finished iteration with a best score of -3900.47

Beginning Iteration 105...
	Mutating
	Mating
	Scoring
...Finished iteration with a best score of -3900.47

Beginning Iteration 106...
	Mutating
	Mating
	Scoring
...Finished iteration with a best score of -3900.47

Beginning Iteration 107...
	Mutating
	Mating
	Scoring
...Finished iteration with a best score of -3900.47

Beginning Iteration 108...
	Mutating
	Mating
	Scoring
...Finished iteration with a best score of -3900.47

Beginning Iteration 109...
	Mutating
	Mating
	Scoring
...Finished iteration with a best score of -3900.47

Beginning Iteration 110...
	Mutating
	Mating
	Scoring
...Finished iteration with a best score of -3900.47

Beginning Iteration 111...
	Mutating
	Mating
	Scoring
...Finished iteration with a best score of -3900.47

Beginning Iteration 112...
	Mutating
	Mating
	Scoring
...Finished iteration with a best score of -3900.47

Beginning Iteration 113...
	Mutating
	Mating
	Scoring
...Finished iteration with a best score of -3900.47

Beginning Iteration 114...
	Mutating
	Mating
	Scoring
...Finished iteration with a best score of -3900.47

Beginning Iteration 115...
	Mutating
	Mating
	Scoring
...Finished iteration with a best score of -3900.47

Beginning Iteration 116...
	Mutating
	Mating
	Scoring
...Finished iteration with a best score of -3900.47

Beginning Iteration 117...
	Mutating
	Mating
	Scoring
...Finished iteration with a best score of -3900.47

Beginning Iteration 118...
	Mutating
	Mating
	Scoring
...Finished iteration with a best score of -3900.47

Beginning Iteration 119...
	Mutating
	Mating
	Scoring
...Finished iteration with a best score of -3900.47

Beginning Iteration 120...
	Mutating
	Mating
	Scoring
...Finished iteration with a best score of -3900.47

Beginning Iteration 121...
	Mutating
	Mating
	Scoring
...Finished iteration with a best score of -3900.47

Beginning Iteration 122...
	Mutating
	Mating
	Scoring
...Finished iteration with a best score of -3900.47

Beginning Iteration 123...
	Mutating
	Mating
	Scoring
...Finished iteration with a best score of -3900.47

Beginning Iteration 124...
	Mutating
	Mating
	Scoring
...Finished iteration with a best score of -3900.47

Beginning Iteration 125...
	Mutating
	Mating
	Scoring
...Finished iteration with a best score of -3900.47

Beginning Iteration 126...
	Mutating
	Mating
	Scoring
...Finished iteration with a best score of -3900.47

Beginning Iteration 127...
	Mutating
	Mating
	Scoring
...Finished iteration with a best score of -3900.47

Beginning Iteration 128...
	Mutating
	Mating
	Scoring
...Finished iteration with a best score of -3900.47

Beginning Iteration 129...
	Mutating
	Mating
	Scoring
...Finished iteration with a best score of -3900.47

Beginning Iteration 130...
	Mutating
	Mating
	Scoring
...Finished iteration with a best score of -3900.47

Beginning Iteration 131...
	Mutating
	Mating
	Scoring
...Finished iteration with a best score of -3900.47

Beginning Iteration 132...
	Mutating
	Mating
	Scoring
...Finished iteration with a best score of -3900.47

Beginning Iteration 133...
	Mutating
	Mating
	Scoring
...Finished iteration with a best score of -3900.47

Beginning Iteration 134...
	Mutating
	Mating
	Scoring
...Finished iteration with a best score of -3900.47

Beginning Iteration 135...
	Mutating
	Mating
	Scoring
...Finished iteration with a best score of -3900.47

Beginning Iteration 136...
	Mutating
	Mating
	Scoring
...Finished iteration with a best score of -3900.47

Beginning Iteration 137...
	Mutating
	Mating
	Scoring
...Finished iteration with a best score of -3900.47

Beginning Iteration 138...
	Mutating
	Mating
	Scoring
...Finished iteration with a best score of -3900.47

Beginning Iteration 139...
	Mutating
	Mating
	Scoring
...Finished iteration with a best score of -3900.47

Beginning Iteration 140...
	Mutating
	Mating
	Scoring
...Finished iteration with a best score of -3900.47

Beginning Iteration 141...
	Mutating
	Mating
	Scoring
...Finished iteration with a best score of -3900.47

Beginning Iteration 142...
	Mutating
	Mating
	Scoring
...Finished iteration with a best score of -3900.47

Beginning Iteration 143...
	Mutating
	Mating
	Scoring
...Finished iteration with a best score of -3900.47

Beginning Iteration 144...
	Mutating
	Mating
	Scoring
...Finished iteration with a best score of -3900.47

Beginning Iteration 145...
	Mutating
	Mating
	Scoring
...Finished iteration with a best score of -3900.47

Beginning Iteration 146...
	Mutating
	Mating
Hash collision at depth 0 with hash value 380103407
	Scoring
...Finished iteration with a best score of -3900.47

Beginning Iteration 147...
	Mutating
	Mating
	Scoring
...Finished iteration with a best score of -3900.47

Beginning Iteration 148...
	Mutating
	Mating
	Scoring
...Finished iteration with a best score of -3900.47

Beginning Iteration 149...
	Mutating
	Mating
	Scoring
...Finished iteration with a best score of -3900.47

Beginning Iteration 150...
	Mutating
	Mating
	Scoring
...Finished iteration with a best score of -3900.47

With a score of -3900.47 we have log2(|Aut(G_H)|) of 0
With edges: 


With a score of -3900.93 we have log2(|Aut(G_H)|) of 0
With edges: 
(17, 24), 

With a score of -3900.93 we have log2(|Aut(G_H)|) of 0
With edges: 
(5, 41), 

With a score of -3900.93 we have log2(|Aut(G_H)|) of 0
With edges: 
(29, 35), 

With a score of -3900.93 we have log2(|Aut(G_H)|) of 0
With edges: 
(47, 87), 

With a score of -3900.93 we have log2(|Aut(G_H)|) of 0
With edges: 
(23, 37), 

With a score of -3900.93 we have log2(|Aut(G_H)|) of 0
With edges: 
(28, 98), 

With a score of -3900.93 we have log2(|Aut(G_H)|) of 0
With edges: 
(92, 95), 

With a score of -3900.93 we have log2(|Aut(G_H)|) of 0
With edges: 
(29, 64), 

With a score of -3900.93 we have log2(|Aut(G_H)|) of 0
With edges: 
(18, 44), 

