Loading graph from files:
    
    clique_150.txt
  ...graph loaded. It has 150 nodes and 11175 edges, 0 of which are self-loops.

The original graph has log2_aut = 872.86
Running for 150 iterations per trial...
Trial 0 for (noise-, noise+) = (0.55718, -nan)


Adding: 

Removing: (0, 5), (0, 7), (0, 11), (0, 12), (0, 13), (0, 16), (0, 21), (0, 23), (0, 26), (0, 27), (0, 28), (0, 32), (0, 33), (0, 36), (0, 37), (0, 39), (0, 40), (0, 42), (0, 43), (0, 48), (0, 50), (0, 51), (0, 53), (0, 55), (0, 56), (0, 59), (0, 60), (0, 61), (0, 62), (0, 63), (0, 64), (0, 72), (0, 73), (0, 74), (0, 78), (0, 80), (0, 83), (0, 84), (0, 89), (0, 92), (0, 93), (0, 94), (0, 95), (0, 96), (0, 97), (0, 98), (0, 99), (0, 103), (0, 105), (0, 106), (0, 107), (0, 110), (0, 112), (0, 114), (0, 115), (0, 116), (0, 120), (0, 124), (0, 125), (0, 127), (0, 128), (0, 131), (0, 132), (0, 134), (0, 141), (0, 143), (0, 144), (0, 145), (1, 3), (1, 4), (1, 5), (1, 6), (1, 10), (1, 12), (1, 13), (1, 15), (1, 16), (1, 19), (1, 20), (1, 25), (1, 28), (1, 31), (1, 32), (1, 33), (1, 34), (1, 35), (1, 36), (1, 38), (1, 39), (1, 40), (1, 43), (1, 44), (1, 45), (1, 46), (1, 48), (1, 50), (1, 51), (1, 52), (1, 54), (1, 55), (1, 59), (1, 60), (1, 62), (1, 63), (1, 64), (1, 65), (1, 66), (1, 67), (1, 68), (1, 69), (1, 70), (1, 74), (1, 75), (1, 76), (1, 78), (1, 79), (1, 83), (1, 84), (1, 87), (1, 88), (1, 91), (1, 92), (1, 94), (1, 95), (1, 98), (1, 99), (1, 100), (1, 103), (1, 104), (1, 110), (1, 111), (1, 112), (1, 117), (1, 118), (1, 120), (1, 121), (1, 124), (1, 125), (1, 126), (1, 128), (1, 129), (1, 131), (1, 132), (1, 134), (1, 135), (1, 140), (1, 142), (1, 143), (1, 144), (1, 145), (1, 147), (1, 148), (2, 3), (2, 8), (2, 11), (2, 13), (2, 15), (2, 18), (2, 19), (2, 20), (2, 21), (2, 23), (2, 24), (2, 29), (2, 30), (2, 32), (2, 34), (2, 35), (2, 36), (2, 40), (2, 41), (2, 42), (2, 45), (2, 46), (2, 48), (2, 49), (2, 50), (2, 51), (2, 52), (2, 55), (2, 56), (2, 57), (2, 58), (2, 60), (2, 62), (2, 65), (2, 66), (2, 68), (2, 71), (2, 72), (2, 73), (2, 74), (2, 75), (2, 76), (2, 78), (2, 79), (2, 80), (2, 82), (2, 84), (2, 85), (2, 86), (2, 87), (2, 88), (2, 90), (2, 91), (2, 92), (2, 93), (2, 94), (2, 97), (2, 99), (2, 102), (2, 106), (2, 107), (2, 111), (2, 113), (2, 115), (2, 116), (2, 117), (2, 120), (2, 121), (2, 122), (2, 123), (2, 124), (2, 126), (2, 127), (2, 128), (2, 129), (2, 130), (2, 132), (2, 133), (2, 134), (2, 135), (2, 137), (2, 141), (2, 142), (2, 143), (2, 145), (2, 149), (3, 4), (3, 5), (3, 9), (3, 10), (3, 12), (3, 14), (3, 16), (3, 21), (3, 23), (3, 24), (3, 25), (3, 26), (3, 27), (3, 28), (3, 29), (3, 30), (3, 33), (3, 39), (3, 41), (3, 42), (3, 44), (3, 45), (3, 49), (3, 50), (3, 52), (3, 53), (3, 54), (3, 57), (3, 58), (3, 59), (3, 62), (3, 63), (3, 64), (3, 65), (3, 66), (3, 68), (3, 69), (3, 70), (3, 72), (3, 74), (3, 75), (3, 76), (3, 77), (3, 78), (3, 80), (3, 81), (3, 82), (3, 85), (3, 86), (3, 87), (3, 88), (3, 90), (3, 92), (3, 93), (3, 94), (3, 95), (3, 96), (3, 97), (3, 98), (3, 99), (3, 100), (3, 101), (3, 105), (3, 107), (3, 109), (3, 111), (3, 113), (3, 114), (3, 116), (3, 121), (3, 122), (3, 124), (3, 129), (3, 130), (3, 131), (3, 132), (3, 133), (3, 134), (3, 135), (3, 138), (3, 139), (3, 140), (3, 143), (3, 145), (3, 146), (3, 149), (4, 5), (4, 6), (4, 7), (4, 9), (4, 11), (4, 12), (4, 13), (4, 15), (4, 16), (4, 17), (4, 18), (4, 19), (4, 20), (4, 21), (4, 22), (4, 24), (4, 25), (4, 30), (4, 32), (4, 35), (4, 36), (4, 37), (4, 38), (4, 39), (4, 40), (4, 42), (4, 44), (4, 46), (4, 47), (4, 50), (4, 51), (4, 52), (4, 53), (4, 55), (4, 56), (4, 57), (4, 58), (4, 59), (4, 60), (4, 62), (4, 63), (4, 64), (4, 66), (4, 67), (4, 68), (4, 69), (4, 70), (4, 73), (4, 81), (4, 83), (4, 84), (4, 86), (4, 87), (4, 89), (4, 91), (4, 93), (4, 94), (4, 95), (4, 96), (4, 97), (4, 98), (4, 99), (4, 101), (4, 102), (4, 103), (4, 105), (4, 106), (4, 107), (4, 108), (4, 111), (4, 112), (4, 114), (4, 116), (4, 118), (4, 122), (4, 125), (4, 126), (4, 127), (4, 128), (4, 130), (4, 132), (4, 133), (4, 134), (4, 135), (4, 136), (4, 137), (4, 138), (4, 139), (4, 143), (4, 144), (4, 146), (4, 147), (4, 149), (5, 7), (5, 8), (5, 9), (5, 10), (5, 11), (5, 12), (5, 13), (5, 15), (5, 20), (5, 21), (5, 22), (5, 24), (5, 25), (5, 26), (5, 27), (5, 28), (5, 29), (5, 34), (5, 35), (5, 36), (5, 37), (5, 38), (5, 40), (5, 41), (5, 42), (5, 43), (5, 45), (5, 47), (5, 48), (5, 51), (5, 52), (5, 53), (5, 56), (5, 58), (5, 61), (5, 63), (5, 65), (5, 66), (5, 67), (5, 68), (5, 72), (5, 73), (5, 75), (5, 76), (5, 77), (5, 78), (5, 79), (5, 80), (5, 82), (5, 86), (5, 91), (5, 92), (5, 93), (5, 95), (5, 96), (5, 98), (5, 99), (5, 101), (5, 107), (5, 109), (5, 112), (5, 113), (5, 114), (5, 115), (5, 120), (5, 121), (5, 122), (5, 124), (5, 126), (5, 127), (5, 128), (5, 129), (5, 130), (5, 131), (5, 132), (5, 134), (5, 136), (5, 141), (5, 143), (5, 144), (5, 145), (5, 146), (5, 147), (5, 148), (5, 149), (6, 8), (6, 9), (6, 11), (6, 12), (6, 13), (6, 17), (6, 18), (6, 21), (6, 22), (6, 24), (6, 25), (6, 30), (6, 31), (6, 32), (6, 33), (6, 36), (6, 38), (6, 39), (6, 40), (6, 41), (6, 45), (6, 46), (6, 47), (6, 48), (6, 50), (6, 52), (6, 53), (6, 57), (6, 59), (6, 60), (6, 61), (6, 62), (6, 64), (6, 68), (6, 70), (6, 72), (6, 73), (6, 75), (6, 76), (6, 77), (6, 78), (6, 81), (6, 82), (6, 85), (6, 87), (6, 88), (6, 90), (6, 91), (6, 95), (6, 96), (6, 97), (6, 99), (6, 101), (6, 103), (6, 104), (6, 105), (6, 107), (6, 110), (6, 111), (6, 115), (6, 116), (6, 119), (6, 120), (6, 121), (6, 123), (6, 124), (6, 125), (6, 126), (6, 127), (6, 129), (6, 130), (6, 132), (6, 135), (6, 137), (6, 139), (6, 142), (6, 145), (6, 146), (6, 147), (6, 148), (7, 8), (7, 9), (7, 10), (7, 11), (7, 12), (7, 15), (7, 17), (7, 18), (7, 19), (7, 21), (7, 22), (7, 23), (7, 24), (7, 25), (7, 28), (7, 30), (7, 31), (7, 32), (7, 33), (7, 35), (7, 37), (7, 39), (7, 40), (7, 41), (7, 42), (7, 44), (7, 47), (7, 49), (7, 50), (7, 51), (7, 52), (7, 53), (7, 54), (7, 56), (7, 57), (7, 58), (7, 59), (7, 60), (7, 62), (7, 65), (7, 66), (7, 67), (7, 68), (7, 69), (7, 70), (7, 71), (7, 72), (7, 73), (7, 74), (7, 75), (7, 80), (7, 84), (7, 85), (7, 90), (7, 91), (7, 92), (7, 93), (7, 95), (7, 96), (7, 97), (7, 99), (7, 100), (7, 104), (7, 105), (7, 106), (7, 107), (7, 111), (7, 114), (7, 116), (7, 121), (7, 122), (7, 123), (7, 125), (7, 128), (7, 129), (7, 131), (7, 133), (7, 134), (7, 138), (7, 139), (7, 140), (7, 141), (7, 142), (7, 143), (7, 146), (7, 148), (7, 149), (8, 9), (8, 11), (8, 13), (8, 15), (8, 16), (8, 17), (8, 18), (8, 19), (8, 20), (8, 22), (8, 24), (8, 28), (8, 30), (8, 33), (8, 34), (8, 36), (8, 37), (8, 38), (8, 40), (8, 41), (8, 42), (8, 44), (8, 45), (8, 47), (8, 51), (8, 52), (8, 53), (8, 55), (8, 56), (8, 57), (8, 58), (8, 60), (8, 63), (8, 64), (8, 66), (8, 69), (8, 72), (8, 73), (8, 75), (8, 76), (8, 77), (8, 78), (8, 81), (8, 85), (8, 86), (8, 87), (8, 90), (8, 91), (8, 94), (8, 95), (8, 97), (8, 98), (8, 99), (8, 100), (8, 103), (8, 107), (8, 109), (8, 111), (8, 113), (8, 114), (8, 116), (8, 119), (8, 121), (8, 122), (8, 123), (8, 124), (8, 126), (8, 128), (8, 131), (8, 133), (8, 134), (8, 136), (8, 137), (8, 139), (8, 140), (8, 144), (8, 145), (8, 146), (8, 148), (9, 10), (9, 11), (9, 14), (9, 16), (9, 18), (9, 20), (9, 22), (9, 26), (9, 27), (9, 28), (9, 31), (9, 33), (9, 36), (9, 38), (9, 39), (9, 40), (9, 41), (9, 42), (9, 45), (9, 47), (9, 50), (9, 51), (9, 52), (9, 56), (9, 58), (9, 59), (9, 60), (9, 61), (9, 62), (9, 63), (9, 65), (9, 67), (9, 69), (9, 71), (9, 72), (9, 73), (9, 74), (9, 77), (9, 78), (9, 79), (9, 81), (9, 83), (9, 85), (9, 87), (9, 88), (9, 89), (9, 91), (9, 93), (9, 94), (9, 95), (9, 98), (9, 100), (9, 104), (9, 108), (9, 110), (9, 111), (9, 114), (9, 115), (9, 119), (9, 123), (9, 126), (9, 127), (9, 129), (9, 132), (9, 133), (9, 134), (9, 135), (9, 136), (9, 137), (9, 139), (9, 140), (9, 144), (9, 147), (10, 11), (10, 12), (10, 13), (10, 14), (10, 15), (10, 16), (10, 17), (10, 19), (10, 20), (10, 22), (10, 25), (10, 29), (10, 30), (10, 31), (10, 32), (10, 34), (10, 35), (10, 36), (10, 37), (10, 40), (10, 41), (10, 42), (10, 43), (10, 44), (10, 46), (10, 47), (10, 48), (10, 49), (10, 52), (10, 54), (10, 55), (10, 56), (10, 57), (10, 58), (10, 61), (10, 62), (10, 66), (10, 69), (10, 70), (10, 72), (10, 73), (10, 74), (10, 82), (10, 84), (10, 87), (10, 88), (10, 90), (10, 92), (10, 93), (10, 95), (10, 96), (10, 97), (10, 98), (10, 99), (10, 100), (10, 104), (10, 106), (10, 107), (10, 108), (10, 109), (10, 112), (10, 113), (10, 114), (10, 115), (10, 123), (10, 125), (10, 126), (10, 129), (10, 131), (10, 132), (10, 133), (10, 134), (10, 138), (10, 139), (10, 143), (10, 145), (10, 147), (10, 148), (10, 149), (11, 14), (11, 16), (11, 21), (11, 22), (11, 23), (11, 27), (11, 29), (11, 31), (11, 32), (11, 35), (11, 36), (11, 37), (11, 38), (11, 39), (11, 41), (11, 42), (11, 44), (11, 51), (11, 53), (11, 55), (11, 56), (11, 57), (11, 59), (11, 60), (11, 61), (11, 63), (11, 64), (11, 65), (11, 69), (11, 70), (11, 73), (11, 75), (11, 76), (11, 77), (11, 78), (11, 80), (11, 81), (11, 82), (11, 83), (11, 85), (11, 86), (11, 87), (11, 88), (11, 89), (11, 93), (11, 94), (11, 96), (11, 97), (11, 101), (11, 103), (11, 104), (11, 105), (11, 107), (11, 108), (11, 110), (11, 111), (11, 112), (11, 113), (11, 120), (11, 121), (11, 122), (11, 126), (11, 127), (11, 128), (11, 129), (11, 130), (11, 132), (11, 134), (11, 135), (11, 137), (11, 140), (11, 141), (11, 146), (11, 148), (12, 13), (12, 15), (12, 18), (12, 21), (12, 23), (12, 24), (12, 25), (12, 26), (12, 27), (12, 28), (12, 29), (12, 30), (12, 34), (12, 36), (12, 37), (12, 38), (12, 39), (12, 40), (12, 41), (12, 42), (12, 43), (12, 44), (12, 45), (12, 46), (12, 47), (12, 48), (12, 50), (12, 51), (12, 53), (12, 55), (12, 56), (12, 57), (12, 58), (12, 59), (12, 60), (12, 61), (12, 63), (12, 64), (12, 65), (12, 66), (12, 70), (12, 71), (12, 72), (12, 73), (12, 74), (12, 75), (12, 76), (12, 79), (12, 80), (12, 81), (12, 82), (12, 85), (12, 87), (12, 89), (12, 91), (12, 92), (12, 93), (12, 95), (12, 99), (12, 101), (12, 102), (12, 107), (12, 109), (12, 115), (12, 117), (12, 118), (12, 119), (12, 123), (12, 125), (12, 127), (12, 128), (12, 129), (12, 131), (12, 132), (12, 133), (12, 134), (12, 138), (12, 139), (12, 140), (12, 146), (13, 14), (13, 16), (13, 18), (13, 20), (13, 21), (13, 22), (13, 23), (13, 24), (13, 25), (13, 26), (13, 28), (13, 30), (13, 34), (13, 35), (13, 36), (13, 37), (13, 40), (13, 43), (13, 46), (13, 47), (13, 48), (13, 49), (13, 50), (13, 51), (13, 53), (13, 55), (13, 56), (13, 57), (13, 59), (13, 60), (13, 62), (13, 63), (13, 65), (13, 66), (13, 67), (13, 68), (13, 70), (13, 71), (13, 72), (13, 74), (13, 75), (13, 76), (13, 79), (13, 80), (13, 81), (13, 83), (13, 84), (13, 85), (13, 89), (13, 90), (13, 91), (13, 92), (13, 94), (13, 95), (13, 96), (13, 97), (13, 99), (13, 100), (13, 101), (13, 103), (13, 105), (13, 106), (13, 107), (13, 108), (13, 109), (13, 110), (13, 112), (13, 113), (13, 114), (13, 117), (13, 118), (13, 120), (13, 121), (13, 125), (13, 126), (13, 127), (13, 128), (13, 129), (13, 130), (13, 132), (13, 133), (13, 135), (13, 136), (13, 137), (13, 141), (13, 144), (13, 145), (13, 146), (13, 147), (14, 17), (14, 19), (14, 20), (14, 21), (14, 23), (14, 26), (14, 27), (14, 28), (14, 29), (14, 30), (14, 31), (14, 32), (14, 33), (14, 34), (14, 35), (14, 36), (14, 37), (14, 39), (14, 40), (14, 41), (14, 42), (14, 45), (14, 46), (14, 47), (14, 52), (14, 53), (14, 58), (14, 59), (14, 65), (14, 69), (14, 70), (14, 71), (14, 72), (14, 76), (14, 77), (14, 79), (14, 80), (14, 81), (14, 83), (14, 86), (14, 89), (14, 92), (14, 93), (14, 95), (14, 96), (14, 98), (14, 99), (14, 100), (14, 101), (14, 102), (14, 103), (14, 104), (14, 105), (14, 106), (14, 107), (14, 108), (14, 109), (14, 110), (14, 112), (14, 114), (14, 115), (14, 116), (14, 117), (14, 118), (14, 120), (14, 121), (14, 122), (14, 123), (14, 131), (14, 132), (14, 133), (14, 136), (14, 138), (14, 140), (14, 142), (14, 143), (14, 144), (14, 145), (14, 146), (14, 147), (15, 16), (15, 17), (15, 18), (15, 19), (15, 20), (15, 21), (15, 29), (15, 30), (15, 31), (15, 34), (15, 36), (15, 37), (15, 38), (15, 42), (15, 43), (15, 44), (15, 45), (15, 46), (15, 50), (15, 51), (15, 52), (15, 53), (15, 56), (15, 59), (15, 60), (15, 61), (15, 62), (15, 63), (15, 64), (15, 65), (15, 66), (15, 67), (15, 69), (15, 70), (15, 71), (15, 72), (15, 73), (15, 77), (15, 78), (15, 80), (15, 81), (15, 82), (15, 84), (15, 85), (15, 86), (15, 88), (15, 89), (15, 90), (15, 91), (15, 92), (15, 96), (15, 97), (15, 98), (15, 101), (15, 106), (15, 107), (15, 110), (15, 111), (15, 112), (15, 114), (15, 115), (15, 116), (15, 118), (15, 119), (15, 121), (15, 124), (15, 125), (15, 126), (15, 128), (15, 130), (15, 131), (15, 133), (15, 135), (15, 137), (15, 148), (15, 149), (16, 17), (16, 18), (16, 19), (16, 23), (16, 24), (16, 27), (16, 30), (16, 31), (16, 37), (16, 39), (16, 40), (16, 42), (16, 43), (16, 46), (16, 52), (16, 53), (16, 54), (16, 55), (16, 58), (16, 59), (16, 60), (16, 61), (16, 62), (16, 64), (16, 66), (16, 67), (16, 68), (16, 69), (16, 71), (16, 72), (16, 73), (16, 74), (16, 76), (16, 77), (16, 78), (16, 80), (16, 81), (16, 82), (16, 83), (16, 84), (16, 85), (16, 86), (16, 87), (16, 88), (16, 89), (16, 90), (16, 92), (16, 93), (16, 94), (16, 95), (16, 96), (16, 99), (16, 100), (16, 102), (16, 105), (16, 106), (16, 107), (16, 108), (16, 109), (16, 112), (16, 114), (16, 115), (16, 116), (16, 119), (16, 121), (16, 126), (16, 127), (16, 128), (16, 130), (16, 131), (16, 132), (16, 133), (16, 134), (16, 135), (16, 138), (16, 140), (16, 141), (16, 142), (16, 143), (16, 144), (16, 148), (17, 18), (17, 20), (17, 25), (17, 28), (17, 30), (17, 31), (17, 32), (17, 33), (17, 34), (17, 35), (17, 36), (17, 38), (17, 39), (17, 42), (17, 44), (17, 47), (17, 48), (17, 49), (17, 50), (17, 53), (17, 54), (17, 55), (17, 58), (17, 59), (17, 60), (17, 61), (17, 62), (17, 63), (17, 66), (17, 67), (17, 68), (17, 69), (17, 70), (17, 73), (17, 74), (17, 76), (17, 77), (17, 80), (17, 82), (17, 83), (17, 86), (17, 87), (17, 88), (17, 92), (17, 93), (17, 94), (17, 95), (17, 97), (17, 99), (17, 100), (17, 104), (17, 105), (17, 107), (17, 114), (17, 117), (17, 119), (17, 121), (17, 122), (17, 125), (17, 128), (17, 129), (17, 130), (17, 131), (17, 134), (17, 135), (17, 136), (17, 137), (17, 140), (17, 141), (17, 143), (17, 145), (17, 146), (17, 147), (17, 149), (18, 20), (18, 21), (18, 22), (18, 23), (18, 25), (18, 26), (18, 28), (18, 32), (18, 33), (18, 38), (18, 39), (18, 41), (18, 42), (18, 45), (18, 47), (18, 48), (18, 50), (18, 51), (18, 53), (18, 54), (18, 55), (18, 56), (18, 58), (18, 59), (18, 60), (18, 61), (18, 62), (18, 63), (18, 65), (18, 67), (18, 74), (18, 75), (18, 76), (18, 77), (18, 78), (18, 81), (18, 88), (18, 90), (18, 93), (18, 94), (18, 95), (18, 96), (18, 98), (18, 99), (18, 100), (18, 106), (18, 107), (18, 111), (18, 113), (18, 114), (18, 115), (18, 116), (18, 117), (18, 119), (18, 123), (18, 126), (18, 129), (18, 136), (18, 137), (18, 138), (18, 139), (18, 140), (18, 143), (18, 144), (18, 147), (18, 148), (19, 22), (19, 23), (19, 26), (19, 28), (19, 30), (19, 34), (19, 35), (19, 37), (19, 38), (19, 39), (19, 42), (19, 43), (19, 45), (19, 47), (19, 48), (19, 51), (19, 55), (19, 56), (19, 57), (19, 58), (19, 59), (19, 61), (19, 65), (19, 67), (19, 68), (19, 71), (19, 72), (19, 73), (19, 76), (19, 80), (19, 81), (19, 82), (19, 84), (19, 85), (19, 87), (19, 88), (19, 89), (19, 90), (19, 91), (19, 93), (19, 100), (19, 101), (19, 103), (19, 105), (19, 106), (19, 108), (19, 109), (19, 113), (19, 114), (19, 115), (19, 116), (19, 117), (19, 118), (19, 119), (19, 122), (19, 123), (19, 124), (19, 125), (19, 126), (19, 127), (19, 129), (19, 130), (19, 135), (19, 136), (19, 140), (19, 141), (19, 143), (19, 144), (19, 145), (19, 148), (20, 23), (20, 24), (20, 26), (20, 27), (20, 30), (20, 32), (20, 33), (20, 37), (20, 38), (20, 39), (20, 43), (20, 45), (20, 47), (20, 48), (20, 49), (20, 50), (20, 51), (20, 52), (20, 53), (20, 54), (20, 55), (20, 57), (20, 58), (20, 60), (20, 63), (20, 64), (20, 68), (20, 69), (20, 71), (20, 73), (20, 74), (20, 75), (20, 76), (20, 77), (20, 81), (20, 83), (20, 84), (20, 87), (20, 89), (20, 90), (20, 91), (20, 92), (20, 93), (20, 94), (20, 95), (20, 97), (20, 98), (20, 100), (20, 101), (20, 104), (20, 105), (20, 107), (20, 108), (20, 111), (20, 115), (20, 116), (20, 117), (20, 118), (20, 119), (20, 121), (20, 123), (20, 125), (20, 129), (20, 131), (20, 134), (20, 136), (20, 139), (20, 141), (20, 143), (20, 145), (20, 146), (20, 147), (20, 148), (20, 149), (21, 23), (21, 25), (21, 26), (21, 27), (21, 29), (21, 30), (21, 32), (21, 33), (21, 36), (21, 37), (21, 38), (21, 40), (21, 41), (21, 43), (21, 44), (21, 46), (21, 47), (21, 48), (21, 49), (21, 52), (21, 53), (21, 55), (21, 56), (21, 57), (21, 58), (21, 59), (21, 60), (21, 61), (21, 62), (21, 63), (21, 64), (21, 65), (21, 66), (21, 69), (21, 70), (21, 71), (21, 75), (21, 78), (21, 79), (21, 80), (21, 81), (21, 82), (21, 83), (21, 84), (21, 85), (21, 86), (21, 90), (21, 91), (21, 94), (21, 95), (21, 96), (21, 97), (21, 100), (21, 101), (21, 102), (21, 104), (21, 106), (21, 107), (21, 108), (21, 111), (21, 113), (21, 115), (21, 116), (21, 118), (21, 120), (21, 121), (21, 123), (21, 124), (21, 125), (21, 126), (21, 129), (21, 132), (21, 133), (21, 134), (21, 136), (21, 137), (21, 138), (21, 139), (21, 140), (21, 142), (21, 143), (21, 145), (21, 147), (21, 148), (22, 24), (22, 25), (22, 26), (22, 28), (22, 30), (22, 34), (22, 35), (22, 36), (22, 37), (22, 38), (22, 39), (22, 40), (22, 41), (22, 42), (22, 44), (22, 46), (22, 49), (22, 50), (22, 51), (22, 56), (22, 58), (22, 60), (22, 64), (22, 67), (22, 69), (22, 71), (22, 73), (22, 74), (22, 75), (22, 78), (22, 79), (22, 81), (22, 82), (22, 84), (22, 85), (22, 88), (22, 89), (22, 90), (22, 92), (22, 93), (22, 95), (22, 96), (22, 98), (22, 101), (22, 104), (22, 105), (22, 106), (22, 107), (22, 108), (22, 110), (22, 111), (22, 112), (22, 113), (22, 116), (22, 119), (22, 122), (22, 126), (22, 127), (22, 130), (22, 131), (22, 134), (22, 139), (22, 140), (22, 143), (22, 144), (22, 145), (22, 147), (22, 149), (23, 24), (23, 26), (23, 27), (23, 29), (23, 31), (23, 33), (23, 35), (23, 37), (23, 39), (23, 40), (23, 41), (23, 43), (23, 45), (23, 46), (23, 47), (23, 49), (23, 52), (23, 53), (23, 58), (23, 59), (23, 60), (23, 61), (23, 64), (23, 66), (23, 67), (23, 71), (23, 72), (23, 75), (23, 76), (23, 80), (23, 86), (23, 87), (23, 88), (23, 91), (23, 92), (23, 93), (23, 94), (23, 95), (23, 96), (23, 100), (23, 105), (23, 107), (23, 109), (23, 111), (23, 112), (23, 113), (23, 115), (23, 116), (23, 117), (23, 118), (23, 120), (23, 124), (23, 125), (23, 126), (23, 128), (23, 129), (23, 131), (23, 132), (23, 137), (23, 139), (23, 141), (23, 142), (23, 143), (23, 144), (23, 145), (23, 146), (23, 147), (23, 148), (23, 149), (24, 25), (24, 26), (24, 27), (24, 29), (24, 30), (24, 32), (24, 34), (24, 36), (24, 37), (24, 38), (24, 39), (24, 42), (24, 43), (24, 47), (24, 48), (24, 51), (24, 52), (24, 53), (24, 56), (24, 58), (24, 60), (24, 61), (24, 65), (24, 66), (24, 69), (24, 70), (24, 71), (24, 72), (24, 76), (24, 80), (24, 83), (24, 86), (24, 87), (24, 88), (24, 90), (24, 91), (24, 92), (24, 93), (24, 94), (24, 95), (24, 97), (24, 98), (24, 99), (24, 100), (24, 101), (24, 104), (24, 110), (24, 111), (24, 112), (24, 113), (24, 116), (24, 119), (24, 120), (24, 121), (24, 122), (24, 126), (24, 127), (24, 129), (24, 131), (24, 134), (24, 135), (24, 136), (24, 137), (24, 138), (24, 140), (24, 143), (24, 145), (24, 146), (24, 147), (24, 148), (25, 27), (25, 29), (25, 31), (25, 33), (25, 34), (25, 36), (25, 37), (25, 38), (25, 39), (25, 40), (25, 41), (25, 42), (25, 44), (25, 45), (25, 46), (25, 47), (25, 48), (25, 49), (25, 52), (25, 53), (25, 55), (25, 56), (25, 57), (25, 61), (25, 63), (25, 64), (25, 65), (25, 70), (25, 71), (25, 72), (25, 74), (25, 75), (25, 77), (25, 80), (25, 81), (25, 86), (25, 87), (25, 88), (25, 90), (25, 95), (25, 96), (25, 97), (25, 99), (25, 101), (25, 103), (25, 104), (25, 105), (25, 108), (25, 110), (25, 114), (25, 115), (25, 117), (25, 118), (25, 121), (25, 122), (25, 123), (25, 124), (25, 125), (25, 127), (25, 128), (25, 129), (25, 131), (25, 133), (25, 134), (25, 135), (25, 136), (25, 142), (25, 146), (25, 147), (25, 149), (26, 27), (26, 28), (26, 29), (26, 30), (26, 31), (26, 32), (26, 34), (26, 38), (26, 39), (26, 41), (26, 43), (26, 44), (26, 45), (26, 47), (26, 48), (26, 50), (26, 51), (26, 56), (26, 58), (26, 59), (26, 61), (26, 62), (26, 64), (26, 69), (26, 70), (26, 71), (26, 72), (26, 74), (26, 75), (26, 76), (26, 78), (26, 82), (26, 83), (26, 87), (26, 88), (26, 89), (26, 92), (26, 93), (26, 94), (26, 95), (26, 96), (26, 97), (26, 98), (26, 102), (26, 103), (26, 104), (26, 105), (26, 106), (26, 107), (26, 108), (26, 112), (26, 115), (26, 116), (26, 117), (26, 120), (26, 121), (26, 122), (26, 125), (26, 126), (26, 127), (26, 128), (26, 130), (26, 131), (26, 132), (26, 133), (26, 138), (26, 140), (26, 142), (26, 143), (26, 145), (26, 148), (26, 149), (27, 28), (27, 30), (27, 31), (27, 32), (27, 33), (27, 34), (27, 35), (27, 39), (27, 40), (27, 42), (27, 48), (27, 50), (27, 51), (27, 52), (27, 53), (27, 54), (27, 55), (27, 57), (27, 59), (27, 62), (27, 63), (27, 65), (27, 69), (27, 72), (27, 79), (27, 80), (27, 83), (27, 84), (27, 85), (27, 89), (27, 91), (27, 92), (27, 93), (27, 97), (27, 100), (27, 101), (27, 104), (27, 106), (27, 108), (27, 111), (27, 112), (27, 114), (27, 115), (27, 118), (27, 119), (27, 120), (27, 121), (27, 124), (27, 126), (27, 127), (27, 128), (27, 129), (27, 130), (27, 131), (27, 136), (27, 137), (27, 138), (27, 139), (27, 141), (27, 142), (27, 143), (27, 148), (28, 29), (28, 32), (28, 33), (28, 38), (28, 39), (28, 41), (28, 42), (28, 43), (28, 46), (28, 47), (28, 48), (28, 49), (28, 50), (28, 52), (28, 53), (28, 54), (28, 55), (28, 56), (28, 58), (28, 59), (28, 60), (28, 64), (28, 66), (28, 68), (28, 69), (28, 70), (28, 72), (28, 74), (28, 75), (28, 76), (28, 77), (28, 78), (28, 81), (28, 82), (28, 85), (28, 88), (28, 89), (28, 91), (28, 93), (28, 94), (28, 95), (28, 97), (28, 99), (28, 101), (28, 102), (28, 103), (28, 105), (28, 108), (28, 110), (28, 112), (28, 115), (28, 116), (28, 119), (28, 121), (28, 122), (28, 123), (28, 125), (28, 128), (28, 129), (28, 133), (28, 135), (28, 137), (28, 139), (28, 140), (28, 142), (28, 146), (29, 32), (29, 34), (29, 35), (29, 37), (29, 39), (29, 40), (29, 43), (29, 47), (29, 54), (29, 55), (29, 56), (29, 58), (29, 64), (29, 65), (29, 66), (29, 67), (29, 68), (29, 69), (29, 70), (29, 78), (29, 81), (29, 83), (29, 87), (29, 89), (29, 90), (29, 93), (29, 94), (29, 95), (29, 96), (29, 100), (29, 102), (29, 104), (29, 106), (29, 107), (29, 108), (29, 109), (29, 110), (29, 111), (29, 112), (29, 113), (29, 115), (29, 116), (29, 117), (29, 118), (29, 119), (29, 123), (29, 125), (29, 126), (29, 127), (29, 128), (29, 129), (29, 130), (29, 131), (29, 134), (29, 140), (29, 143), (29, 145), (29, 149), (30, 31), (30, 33), (30, 34), (30, 36), (30, 39), (30, 40), (30, 41), (30, 42), (30, 45), (30, 47), (30, 50), (30, 51), (30, 52), (30, 54), (30, 55), (30, 56), (30, 59), (30, 60), (30, 61), (30, 62), (30, 63), (30, 66), (30, 67), (30, 69), (30, 70), (30, 71), (30, 72), (30, 74), (30, 75), (30, 76), (30, 77), (30, 78), (30, 79), (30, 80), (30, 81), (30, 82), (30, 83), (30, 84), (30, 86), (30, 87), (30, 88), (30, 89), (30, 91), (30, 92), (30, 93), (30, 94), (30, 98), (30, 101), (30, 102), (30, 104), (30, 106), (30, 108), (30, 109), (30, 113), (30, 117), (30, 118), (30, 121), (30, 122), (30, 124), (30, 125), (30, 126), (30, 127), (30, 128), (30, 130), (30, 131), (30, 134), (30, 135), (30, 137), (30, 140), (30, 141), (30, 142), (30, 143), (30, 146), (30, 147), (30, 148), (30, 149), (31, 33), (31, 36), (31, 37), (31, 39), (31, 41), (31, 42), (31, 43), (31, 44), (31, 48), (31, 49), (31, 53), (31, 54), (31, 55), (31, 57), (31, 58), (31, 60), (31, 61), (31, 64), (31, 65), (31, 68), (31, 70), (31, 72), (31, 76), (31, 77), (31, 78), (31, 79), (31, 81), (31, 84), (31, 87), (31, 89), (31, 92), (31, 93), (31, 94), (31, 95), (31, 96), (31, 98), (31, 99), (31, 100), (31, 102), (31, 103), (31, 104), (31, 105), (31, 106), (31, 109), (31, 110), (31, 111), (31, 112), (31, 113), (31, 114), (31, 115), (31, 121), (31, 122), (31, 123), (31, 125), (31, 126), (31, 128), (31, 129), (31, 130), (31, 132), (31, 133), (31, 134), (31, 135), (31, 136), (31, 137), (31, 138), (31, 141), (31, 143), (31, 147), (31, 149), (32, 33), (32, 34), (32, 37), (32, 38), (32, 43), (32, 46), (32, 49), (32, 53), (32, 55), (32, 56), (32, 58), (32, 59), (32, 60), (32, 62), (32, 63), (32, 64), (32, 67), (32, 69), (32, 70), (32, 71), (32, 75), (32, 77), (32, 78), (32, 79), (32, 80), (32, 81), (32, 85), (32, 88), (32, 93), (32, 95), (32, 96), (32, 97), (32, 101), (32, 102), (32, 104), (32, 105), (32, 108), (32, 109), (32, 110), (32, 113), (32, 119), (32, 120), (32, 121), (32, 123), (32, 124), (32, 125), (32, 130), (32, 131), (32, 132), (32, 137), (32, 139), (32, 140), (32, 142), (32, 143), (32, 144), (32, 145), (32, 146), (32, 147), (32, 149), (33, 36), (33, 38), (33, 39), (33, 41), (33, 48), (33, 50), (33, 52), (33, 53), (33, 55), (33, 58), (33, 59), (33, 60), (33, 61), (33, 62), (33, 63), (33, 65), (33, 66), (33, 67), (33, 72), (33, 74), (33, 75), (33, 76), (33, 77), (33, 79), (33, 80), (33, 84), (33, 85), (33, 87), (33, 89), (33, 91), (33, 92), (33, 93), (33, 95), (33, 97), (33, 98), (33, 103), (33, 109), (33, 114), (33, 115), (33, 116), (33, 117), (33, 118), (33, 120), (33, 122), (33, 125), (33, 126), (33, 130), (33, 133), (33, 140), (33, 143), (33, 144), (33, 145), (33, 146), (33, 148), (34, 35), (34, 37), (34, 39), (34, 40), (34, 42), (34, 43), (34, 44), (34, 45), (34, 46), (34, 50), (34, 51), (34, 53), (34, 54), (34, 56), (34, 57), (34, 58), (34, 59), (34, 63), (34, 65), (34, 67), (34, 72), (34, 73), (34, 78), (34, 79), (34, 80), (34, 84), (34, 88), (34, 90), (34, 92), (34, 96), (34, 99), (34, 102), (34, 103), (34, 105), (34, 106), (34, 107), (34, 110), (34, 115), (34, 117), (34, 121), (34, 126), (34, 127), (34, 129), (34, 132), (34, 133), (34, 134), (34, 137), (34, 139), (34, 140), (34, 141), (34, 142), (34, 145), (34, 146), (34, 148), (34, 149), (35, 36), (35, 39), (35, 42), (35, 43), (35, 44), (35, 46), (35, 50), (35, 51), (35, 52), (35, 54), (35, 58), (35, 59), (35, 62), (35, 63), (35, 65), (35, 67), (35, 69), (35, 70), (35, 71), (35, 72), (35, 73), (35, 76), (35, 83), (35, 86), (35, 87), (35, 89), (35, 91), (35, 92), (35, 95), (35, 96), (35, 98), (35, 99), (35, 101), (35, 102), (35, 103), (35, 104), (35, 105), (35, 106), (35, 110), (35, 111), (35, 112), (35, 113), (35, 115), (35, 116), (35, 118), (35, 121), (35, 123), (35, 124), (35, 126), (35, 127), (35, 128), (35, 133), (35, 135), (35, 136), (35, 139), (35, 140), (35, 142), (35, 143), (35, 147), (35, 148), (35, 149), (36, 38), (36, 39), (36, 40), (36, 43), (36, 44), (36, 45), (36, 46), (36, 47), (36, 48), (36, 49), (36, 50), (36, 53), (36, 57), (36, 58), (36, 59), (36, 60), (36, 64), (36, 69), (36, 71), (36, 74), (36, 76), (36, 77), (36, 78), (36, 81), (36, 83), (36, 85), (36, 86), (36, 90), (36, 92), (36, 93), (36, 94), (36, 95), (36, 98), (36, 99), (36, 103), (36, 104), (36, 105), (36, 106), (36, 107), (36, 109), (36, 110), (36, 111), (36, 112), (36, 113), (36, 114), (36, 115), (36, 116), (36, 119), (36, 122), (36, 123), (36, 124), (36, 125), (36, 126), (36, 127), (36, 133), (36, 135), (36, 137), (36, 138), (36, 139), (36, 140), (36, 142), (36, 143), (36, 144), (36, 145), (36, 146), (36, 147), (36, 149), (37, 40), (37, 45), (37, 46), (37, 47), (37, 51), (37, 52), (37, 58), (37, 59), (37, 60), (37, 63), (37, 64), (37, 65), (37, 67), (37, 68), (37, 69), (37, 70), (37, 73), (37, 74), (37, 76), (37, 77), (37, 78), (37, 79), (37, 80), (37, 83), (37, 85), (37, 86), (37, 88), (37, 92), (37, 93), (37, 94), (37, 96), (37, 97), (37, 99), (37, 100), (37, 101), (37, 102), (37, 104), (37, 105), (37, 106), (37, 107), (37, 109), (37, 111), (37, 112), (37, 113), (37, 114), (37, 118), (37, 119), (37, 120), (37, 121), (37, 122), (37, 124), (37, 126), (37, 127), (37, 129), (37, 136), (37, 140), (37, 142), (37, 143), (37, 145), (37, 148), (38, 40), (38, 41), (38, 43), (38, 44), (38, 45), (38, 47), (38, 48), (38, 49), (38, 50), (38, 51), (38, 52), (38, 53), (38, 54), (38, 55), (38, 56), (38, 57), (38, 60), (38, 61), (38, 62), (38, 65), (38, 66), (38, 69), (38, 70), (38, 75), (38, 76), (38, 77), (38, 78), (38, 79), (38, 80), (38, 81), (38, 82), (38, 83), (38, 84), (38, 86), (38, 88), (38, 89), (38, 90), (38, 91), (38, 93), (38, 94), (38, 95), (38, 96), (38, 97), (38, 98), (38, 101), (38, 102), (38, 104), (38, 105), (38, 114), (38, 115), (38, 117), (38, 118), (38, 120), (38, 121), (38, 125), (38, 126), (38, 129), (38, 130), (38, 133), (38, 134), (38, 136), (38, 137), (38, 139), (38, 141), (38, 143), (38, 144), (38, 146), (38, 147), (38, 148), (38, 149), (39, 40), (39, 41), (39, 42), (39, 43), (39, 46), (39, 47), (39, 49), (39, 51), (39, 52), (39, 56), (39, 57), (39, 58), (39, 60), (39, 61), (39, 62), (39, 65), (39, 67), (39, 69), (39, 71), (39, 72), (39, 75), (39, 76), (39, 77), (39, 80), (39, 83), (39, 86), (39, 87), (39, 88), (39, 94), (39, 95), (39, 98), (39, 100), (39, 101), (39, 104), (39, 105), (39, 106), (39, 107), (39, 111), (39, 112), (39, 113), (39, 114), (39, 116), (39, 117), (39, 118), (39, 120), (39, 122), (39, 125), (39, 127), (39, 132), (39, 134), (39, 135), (39, 136), (39, 137), (39, 138), (39, 141), (39, 143), (39, 144), (39, 145), (39, 148), (40, 42), (40, 43), (40, 47), (40, 48), (40, 49), (40, 51), (40, 56), (40, 59), (40, 60), (40, 61), (40, 62), (40, 64), (40, 65), (40, 66), (40, 68), (40, 69), (40, 73), (40, 75), (40, 76), (40, 77), (40, 79), (40, 80), (40, 81), (40, 82), (40, 86), (40, 87), (40, 88), (40, 90), (40, 93), (40, 94), (40, 95), (40, 99), (40, 100), (40, 101), (40, 102), (40, 104), (40, 107), (40, 108), (40, 109), (40, 110), (40, 112), (40, 116), (40, 117), (40, 118), (40, 119), (40, 120), (40, 123), (40, 125), (40, 126), (40, 127), (40, 131), (40, 132), (40, 133), (40, 134), (40, 135), (40, 136), (40, 137), (40, 140), (40, 146), (40, 147), (40, 149), (41, 43), (41, 44), (41, 45), (41, 46), (41, 50), (41, 51), (41, 53), (41, 56), (41, 57), (41, 58), (41, 60), (41, 61), (41, 62), (41, 66), (41, 67), (41, 68), (41, 70), (41, 71), (41, 72), (41, 76), (41, 77), (41, 78), (41, 79), (41, 80), (41, 81), (41, 82), (41, 83), (41, 84), (41, 85), (41, 86), (41, 88), (41, 89), (41, 91), (41, 92), (41, 94), (41, 95), (41, 96), (41, 97), (41, 100), (41, 101), (41, 103), (41, 104), (41, 105), (41, 106), (41, 109), (41, 110), (41, 111), (41, 112), (41, 114), (41, 116), (41, 117), (41, 118), (41, 120), (41, 121), (41, 123), (41, 125), (41, 126), (41, 129), (41, 130), (41, 131), (41, 132), (41, 133), (41, 134), (41, 138), (41, 139), (41, 141), (41, 144), (41, 145), (41, 147), (42, 43), (42, 44), (42, 46), (42, 47), (42, 48), (42, 49), (42, 53), (42, 55), (42, 57), (42, 60), (42, 61), (42, 62), (42, 63), (42, 66), (42, 67), (42, 70), (42, 71), (42, 72), (42, 74), (42, 76), (42, 77), (42, 78), (42, 80), (42, 82), (42, 83), (42, 84), (42, 86), (42, 89), (42, 90), (42, 93), (42, 94), (42, 95), (42, 100), (42, 101), (42, 102), (42, 105), (42, 106), (42, 107), (42, 110), (42, 113), (42, 115), (42, 117), (42, 118), (42, 119), (42, 120), (42, 121), (42, 122), (42, 123), (42, 124), (42, 125), (42, 126), (42, 127), (42, 128), (42, 129), (42, 131), (42, 134), (42, 135), (42, 136), (42, 138), (42, 142), (42, 143), (42, 145), (42, 146), (42, 147), (42, 149), (43, 44), (43, 45), (43, 46), (43, 47), (43, 48), (43, 49), (43, 50), (43, 52), (43, 53), (43, 54), (43, 57), (43, 58), (43, 60), (43, 61), (43, 62), (43, 66), (43, 67), (43, 68), (43, 73), (43, 75), (43, 77), (43, 78), (43, 79), (43, 80), (43, 82), (43, 84), (43, 85), (43, 87), (43, 89), (43, 94), (43, 95), (43, 96), (43, 100), (43, 101), (43, 102), (43, 105), (43, 106), (43, 107), (43, 108), (43, 110), (43, 111), (43, 113), (43, 115), (43, 116), (43, 119), (43, 121), (43, 128), (43, 131), (43, 132), (43, 137), (43, 138), (43, 139), (43, 141), (43, 143), (43, 145), (43, 147), (43, 149), (44, 45), (44, 47), (44, 48), (44, 49), (44, 50), (44, 52), (44, 57), (44, 58), (44, 59), (44, 60), (44, 63), (44, 64), (44, 65), (44, 66), (44, 67), (44, 70), (44, 71), (44, 72), (44, 74), (44, 75), (44, 76), (44, 77), (44, 78), (44, 82), (44, 83), (44, 84), (44, 86), (44, 88), (44, 89), (44, 90), (44, 92), (44, 93), (44, 94), (44, 95), (44, 100), (44, 101), (44, 102), (44, 103), (44, 104), (44, 107), (44, 108), (44, 109), (44, 110), (44, 111), (44, 113), (44, 115), (44, 118), (44, 119), (44, 120), (44, 122), (44, 124), (44, 128), (44, 129), (44, 130), (44, 137), (44, 138), (44, 140), (44, 141), (44, 143), (44, 145), (44, 146), (44, 147), (44, 148), (44, 149), (45, 47), (45, 48), (45, 50), (45, 51), (45, 52), (45, 53), (45, 54), (45, 56), (45, 57), (45, 58), (45, 59), (45, 61), (45, 64), (45, 65), (45, 66), (45, 67), (45, 68), (45, 71), (45, 73), (45, 75), (45, 78), (45, 79), (45, 80), (45, 81), (45, 83), (45, 84), (45, 88), (45, 89), (45, 90), (45, 91), (45, 94), (45, 95), (45, 97), (45, 103), (45, 105), (45, 106), (45, 109), (45, 110), (45, 111), (45, 112), (45, 113), (45, 115), (45, 116), (45, 117), (45, 118), (45, 119), (45, 121), (45, 122), (45, 123), (45, 126), (45, 127), (45, 130), (45, 131), (45, 132), (45, 134), (45, 135), (45, 136), (45, 138), (45, 142), (45, 144), (45, 148), (45, 149), (46, 47), (46, 48), (46, 52), (46, 53), (46, 54), (46, 56), (46, 57), (46, 58), (46, 60), (46, 62), (46, 66), (46, 67), (46, 72), (46, 74), (46, 76), (46, 77), (46, 78), (46, 80), (46, 82), (46, 83), (46, 85), (46, 86), (46, 87), (46, 88), (46, 89), (46, 91), (46, 92), (46, 97), (46, 101), (46, 102), (46, 103), (46, 105), (46, 108), (46, 111), (46, 112), (46, 113), (46, 114), (46, 115), (46, 116), (46, 118), (46, 119), (46, 121), (46, 123), (46, 124), (46, 128), (46, 131), (46, 132), (46, 133), (46, 135), (46, 137), (46, 140), (46, 143), (46, 144), (46, 148), (47, 48), (47, 50), (47, 51), (47, 52), (47, 53), (47, 54), (47, 56), (47, 57), (47, 61), (47, 62), (47, 64), (47, 65), (47, 66), (47, 67), (47, 70), (47, 72), (47, 76), (47, 77), (47, 81), (47, 84), (47, 88), (47, 89), (47, 90), (47, 95), (47, 96), (47, 98), (47, 100), (47, 104), (47, 106), (47, 107), (47, 112), (47, 113), (47, 114), (47, 116), (47, 118), (47, 120), (47, 122), (47, 124), (47, 125), (47, 126), (47, 127), (47, 128), (47, 129), (47, 131), (47, 132), (47, 138), (47, 139), (47, 140), (47, 143), (47, 144), (47, 145), (47, 146), (47, 147), (47, 149), (48, 49), (48, 50), (48, 53), (48, 54), (48, 55), (48, 56), (48, 57), (48, 58), (48, 62), (48, 64), (48, 65), (48, 66), (48, 67), (48, 68), (48, 70), (48, 73), (48, 74), (48, 75), (48, 76), (48, 78), (48, 79), (48, 83), (48, 85), (48, 87), (48, 88), (48, 89), (48, 90), (48, 91), (48, 92), (48, 93), (48, 94), (48, 98), (48, 100), (48, 107), (48, 111), (48, 112), (48, 114), (48, 115), (48, 118), (48, 119), (48, 121), (48, 123), (48, 126), (48, 127), (48, 128), (48, 130), (48, 132), (48, 134), (48, 135), (48, 136), (48, 138), (48, 141), (48, 142), (48, 143), (48, 144), (48, 146), (48, 147), (48, 149), (49, 51), (49, 53), (49, 54), (49, 56), (49, 58), (49, 59), (49, 60), (49, 61), (49, 62), (49, 64), (49, 65), (49, 66), (49, 67), (49, 69), (49, 70), (49, 71), (49, 72), (49, 73), (49, 74), (49, 75), (49, 76), (49, 78), (49, 81), (49, 82), (49, 83), (49, 85), (49, 89), (49, 90), (49, 91), (49, 92), (49, 93), (49, 94), (49, 98), (49, 102), (49, 104), (49, 106), (49, 109), (49, 111), (49, 114), (49, 115), (49, 117), (49, 118), (49, 120), (49, 121), (49, 123), (49, 125), (49, 126), (49, 128), (49, 129), (49, 130), (49, 132), (49, 133), (49, 134), (49, 136), (49, 137), (49, 138), (49, 139), (49, 140), (49, 141), (50, 51), (50, 52), (50, 53), (50, 54), (50, 57), (50, 58), (50, 61), (50, 62), (50, 63), (50, 64), (50, 65), (50, 66), (50, 67), (50, 68), (50, 69), (50, 73), (50, 74), (50, 77), (50, 79), (50, 81), (50, 82), (50, 83), (50, 84), (50, 85), (50, 86), (50, 89), (50, 90), (50, 93), (50, 94), (50, 96), (50, 97), (50, 98), (50, 100), (50, 101), (50, 102), (50, 103), (50, 104), (50, 105), (50, 106), (50, 107), (50, 108), (50, 111), (50, 112), (50, 114), (50, 116), (50, 119), (50, 120), (50, 122), (50, 123), (50, 125), (50, 126), (50, 128), (50, 132), (50, 136), (50, 139), (50, 140), (50, 141), (50, 142), (50, 143), (50, 144), (50, 145), (50, 146), (50, 147), (50, 149), (51, 52), (51, 53), (51, 56), (51, 58), (51, 59), (51, 60), (51, 62), (51, 64), (51, 66), (51, 67), (51, 69), (51, 73), (51, 76), (51, 77), (51, 84), (51, 88), (51, 89), (51, 90), (51, 94), (51, 96), (51, 98), (51, 99), (51, 102), (51, 103), (51, 107), (51, 108), (51, 113), (51, 114), (51, 115), (51, 120), (51, 121), (51, 122), (51, 123), (51, 126), (51, 127), (51, 128), (51, 129), (51, 130), (51, 131), (51, 132), (51, 133), (51, 135), (51, 136), (51, 137), (51, 138), (51, 141), (51, 142), (51, 144), (51, 145), (51, 146), (51, 147), (51, 148), (51, 149), (52, 55), (52, 56), (52, 57), (52, 59), (52, 60), (52, 62), (52, 63), (52, 65), (52, 66), (52, 67), (52, 70), (52, 71), (52, 72), (52, 74), (52, 76), (52, 79), (52, 81), (52, 83), (52, 85), (52, 87), (52, 88), (52, 90), (52, 91), (52, 94), (52, 95), (52, 96), (52, 98), (52, 99), (52, 103), (52, 104), (52, 105), (52, 106), (52, 108), (52, 109), (52, 112), (52, 113), (52, 114), (52, 116), (52, 117), (52, 119), (52, 120), (52, 124), (52, 125), (52, 126), (52, 127), (52, 129), (52, 132), (52, 134), (52, 135), (52, 136), (52, 137), (52, 138), (52, 141), (52, 143), (52, 144), (52, 146), (52, 147), (52, 149), (53, 55), (53, 57), (53, 58), (53, 59), (53, 60), (53, 62), (53, 63), (53, 64), (53, 65), (53, 66), (53, 68), (53, 70), (53, 72), (53, 73), (53, 75), (53, 76), (53, 77), (53, 78), (53, 79), (53, 82), (53, 85), (53, 86), (53, 87), (53, 89), (53, 91), (53, 93), (53, 94), (53, 96), (53, 97), (53, 99), (53, 100), (53, 104), (53, 105), (53, 106), (53, 107), (53, 111), (53, 112), (53, 113), (53, 114), (53, 117), (53, 118), (53, 121), (53, 122), (53, 125), (53, 126), (53, 128), (53, 132), (53, 133), (53, 134), (53, 136), (53, 138), (53, 140), (53, 141), (53, 142), (53, 144), (53, 145), (53, 146), (53, 148), (53, 149), (54, 57), (54, 58), (54, 62), (54, 65), (54, 66), (54, 67), (54, 70), (54, 71), (54, 73), (54, 75), (54, 78), (54, 80), (54, 81), (54, 82), (54, 83), (54, 84), (54, 85), (54, 86), (54, 88), (54, 89), (54, 91), (54, 95), (54, 96), (54, 97), (54, 99), (54, 100), (54, 101), (54, 102), (54, 105), (54, 106), (54, 107), (54, 108), (54, 111), (54, 112), (54, 113), (54, 115), (54, 119), (54, 120), (54, 121), (54, 122), (54, 124), (54, 125), (54, 126), (54, 128), (54, 129), (54, 130), (54, 139), (54, 140), (54, 141), (54, 142), (54, 143), (54, 144), (54, 145), (54, 146), (54, 147), (54, 149), (55, 56), (55, 57), (55, 58), (55, 59), (55, 63), (55, 64), (55, 65), (55, 67), (55, 68), (55, 70), (55, 71), (55, 72), (55, 74), (55, 79), (55, 80), (55, 82), (55, 83), (55, 84), (55, 85), (55, 86), (55, 87), (55, 88), (55, 90), (55, 91), (55, 92), (55, 94), (55, 96), (55, 97), (55, 98), (55, 101), (55, 103), (55, 108), (55, 110), (55, 111), (55, 112), (55, 113), (55, 115), (55, 116), (55, 117), (55, 120), (55, 122), (55, 124), (55, 125), (55, 128), (55, 130), (55, 131), (55, 132), (55, 133), (55, 134), (55, 135), (55, 136), (55, 139), (55, 140), (55, 141), (55, 145), (55, 147), (55, 148), (56, 59), (56, 62), (56, 63), (56, 64), (56, 65), (56, 67), (56, 69), (56, 70), (56, 71), (56, 73), (56, 74), (56, 75), (56, 77), (56, 79), (56, 83), (56, 87), (56, 89), (56, 90), (56, 91), (56, 95), (56, 96), (56, 97), (56, 98), (56, 100), (56, 102), (56, 103), (56, 105), (56, 107), (56, 108), (56, 110), (56, 118), (56, 119), (56, 123), (56, 125), (56, 126), (56, 129), (56, 130), (56, 131), (56, 132), (56, 133), (56, 134), (56, 137), (56, 138), (56, 140), (56, 142), (56, 143), (56, 144), (56, 145), (56, 146), (56, 147), (56, 148), (57, 60), (57, 61), (57, 64), (57, 68), (57, 69), (57, 70), (57, 71), (57, 72), (57, 74), (57, 75), (57, 77), (57, 79), (57, 80), (57, 81), (57, 82), (57, 86), (57, 89), (57, 91), (57, 93), (57, 94), (57, 96), (57, 97), (57, 100), (57, 102), (57, 104), (57, 105), (57, 106), (57, 109), (57, 114), (57, 116), (57, 117), (57, 118), (57, 120), (57, 123), (57, 125), (57, 126), (57, 127), (57, 128), (57, 131), (57, 133), (57, 136), (57, 137), (57, 138), (57, 139), (57, 140), (57, 142), (58, 61), (58, 62), (58, 63), (58, 64), (58, 65), (58, 66), (58, 67), (58, 68), (58, 69), (58, 70), (58, 71), (58, 74), (58, 77), (58, 78), (58, 79), (58, 80), (58, 81), (58, 82), (58, 83), (58, 84), (58, 85), (58, 86), (58, 88), (58, 89), (58, 90), (58, 92), (58, 94), (58, 95), (58, 96), (58, 97), (58, 98), (58, 99), (58, 100), (58, 102), (58, 103), (58, 104), (58, 108), (58, 110), (58, 111), (58, 112), (58, 113), (58, 114), (58, 116), (58, 117), (58, 118), (58, 119), (58, 123), (58, 124), (58, 125), (58, 127), (58, 130), (58, 133), (58, 138), (58, 140), (58, 141), (58, 145), (58, 146), (58, 147), (58, 148), (58, 149), (59, 60), (59, 61), (59, 64), (59, 65), (59, 66), (59, 69), (59, 71), (59, 73), (59, 76), (59, 77), (59, 78), (59, 79), (59, 80), (59, 82), (59, 85), (59, 86), (59, 89), (59, 90), (59, 91), (59, 92), (59, 93), (59, 94), (59, 95), (59, 96), (59, 98), (59, 99), (59, 100), (59, 101), (59, 104), (59, 105), (59, 107), (59, 113), (59, 115), (59, 118), (59, 119), (59, 120), (59, 126), (59, 131), (59, 133), (59, 137), (59, 138), (59, 141), (59, 143), (59, 144), (59, 147), (60, 68), (60, 70), (60, 71), (60, 74), (60, 75), (60, 76), (60, 78), (60, 79), (60, 80), (60, 82), (60, 83), (60, 84), (60, 85), (60, 86), (60, 88), (60, 89), (60, 91), (60, 100), (60, 103), (60, 104), (60, 105), (60, 107), (60, 108), (60, 111), (60, 114), (60, 115), (60, 118), (60, 119), (60, 120), (60, 121), (60, 122), (60, 123), (60, 124), (60, 126), (60, 128), (60, 129), (60, 130), (60, 132), (60, 133), (60, 134), (60, 135), (60, 136), (60, 137), (60, 143), (60, 144), (60, 145), (61, 64), (61, 65), (61, 67), (61, 70), (61, 72), (61, 73), (61, 74), (61, 76), (61, 77), (61, 78), (61, 81), (61, 82), (61, 83), (61, 85), (61, 86), (61, 91), (61, 92), (61, 98), (61, 101), (61, 102), (61, 105), (61, 107), (61, 115), (61, 116), (61, 117), (61, 120), (61, 121), (61, 122), (61, 127), (61, 129), (61, 130), (61, 132), (61, 133), (61, 134), (61, 136), (61, 137), (61, 140), (61, 141), (61, 142), (61, 143), (61, 144), (61, 145), (61, 146), (61, 147), (61, 148), (62, 63), (62, 64), (62, 65), (62, 68), (62, 69), (62, 70), (62, 71), (62, 74), (62, 75), (62, 77), (62, 79), (62, 81), (62, 82), (62, 83), (62, 85), (62, 88), (62, 89), (62, 90), (62, 91), (62, 92), (62, 94), (62, 96), (62, 100), (62, 101), (62, 103), (62, 104), (62, 107), (62, 108), (62, 111), (62, 113), (62, 115), (62, 117), (62, 118), (62, 119), (62, 120), (62, 122), (62, 123), (62, 124), (62, 125), (62, 127), (62, 128), (62, 129), (62, 132), (62, 135), (62, 136), (62, 137), (62, 138), (62, 139), (62, 142), (62, 145), (62, 146), (62, 147), (62, 148), (63, 67), (63, 68), (63, 72), (63, 74), (63, 77), (63, 82), (63, 84), (63, 85), (63, 86), (63, 87), (63, 89), (63, 90), (63, 91), (63, 97), (63, 99), (63, 100), (63, 102), (63, 103), (63, 104), (63, 105), (63, 106), (63, 108), (63, 111), (63, 113), (63, 114), (63, 115), (63, 117), (63, 118), (63, 119), (63, 120), (63, 124), (63, 126), (63, 128), (63, 131), (63, 132), (63, 133), (63, 135), (63, 136), (63, 138), (63, 139), (63, 140), (63, 141), (63, 144), (63, 146), (63, 147), (63, 148), (63, 149), (64, 65), (64, 66), (64, 67), (64, 68), (64, 69), (64, 70), (64, 71), (64, 72), (64, 73), (64, 75), (64, 76), (64, 77), (64, 78), (64, 79), (64, 80), (64, 81), (64, 83), (64, 87), (64, 89), (64, 91), (64, 93), (64, 95), (64, 96), (64, 98), (64, 99), (64, 102), (64, 103), (64, 105), (64, 106), (64, 107), (64, 108), (64, 111), (64, 112), (64, 114), (64, 115), (64, 118), (64, 119), (64, 120), (64, 121), (64, 122), (64, 128), (64, 129), (64, 131), (64, 132), (64, 138), (64, 140), (64, 141), (64, 144), (64, 145), (64, 146), (64, 148), (65, 67), (65, 69), (65, 70), (65, 71), (65, 72), (65, 73), (65, 74), (65, 76), (65, 77), (65, 78), (65, 79), (65, 80), (65, 83), (65, 84), (65, 86), (65, 87), (65, 88), (65, 89), (65, 90), (65, 91), (65, 92), (65, 94), (65, 95), (65, 99), (65, 100), (65, 103), (65, 104), (65, 105), (65, 108), (65, 109), (65, 110), (65, 112), (65, 113), (65, 114), (65, 118), (65, 120), (65, 124), (65, 125), (65, 127), (65, 128), (65, 130), (65, 132), (65, 133), (65, 134), (65, 135), (65, 137), (65, 139), (65, 144), (65, 146), (65, 148), (65, 149), (66, 67), (66, 68), (66, 72), (66, 73), (66, 74), (66, 75), (66, 76), (66, 78), (66, 80), (66, 81), (66, 83), (66, 84), (66, 85), (66, 86), (66, 88), (66, 92), (66, 93), (66, 94), (66, 95), (66, 96), (66, 98), (66, 102), (66, 103), (66, 104), (66, 106), (66, 108), (66, 109), (66, 111), (66, 112), (66, 113), (66, 116), (66, 118), (66, 120), (66, 124), (66, 125), (66, 127), (66, 128), (66, 130), (66, 131), (66, 135), (66, 136), (66, 137), (66, 139), (66, 140), (66, 144), (66, 145), (66, 149), (67, 68), (67, 69), (67, 70), (67, 71), (67, 72), (67, 78), (67, 82), (67, 86), (67, 87), (67, 89), (67, 92), (67, 95), (67, 97), (67, 100), (67, 102), (67, 103), (67, 106), (67, 110), (67, 111), (67, 114), (67, 115), (67, 121), (67, 122), (67, 123), (67, 124), (67, 129), (67, 132), (67, 134), (67, 135), (67, 138), (67, 139), (67, 140), (67, 143), (67, 146), (67, 147), (67, 148), (67, 149), (68, 69), (68, 71), (68, 74), (68, 75), (68, 76), (68, 77), (68, 78), (68, 79), (68, 81), (68, 82), (68, 85), (68, 87), (68, 88), (68, 89), (68, 92), (68, 93), (68, 94), (68, 95), (68, 96), (68, 97), (68, 99), (68, 103), (68, 105), (68, 107), (68, 108), (68, 114), (68, 115), (68, 117), (68, 118), (68, 120), (68, 122), (68, 123), (68, 124), (68, 125), (68, 126), (68, 127), (68, 130), (68, 131), (68, 132), (68, 133), (68, 134), (68, 135), (68, 136), (68, 137), (68, 139), (68, 141), (68, 142), (68, 143), (68, 147), (68, 148), (68, 149), (69, 71), (69, 72), (69, 74), (69, 77), (69, 79), (69, 80), (69, 81), (69, 82), (69, 83), (69, 90), (69, 92), (69, 93), (69, 94), (69, 95), (69, 98), (69, 99), (69, 100), (69, 101), (69, 103), (69, 104), (69, 105), (69, 106), (69, 107), (69, 109), (69, 110), (69, 112), (69, 113), (69, 114), (69, 116), (69, 118), (69, 119), (69, 120), (69, 121), (69, 122), (69, 123), (69, 124), (69, 125), (69, 126), (69, 127), (69, 132), (69, 134), (69, 137), (69, 142), (69, 143), (69, 145), (69, 148), (69, 149), (70, 74), (70, 75), (70, 76), (70, 78), (70, 79), (70, 81), (70, 82), (70, 84), (70, 87), (70, 89), (70, 91), (70, 92), (70, 95), (70, 99), (70, 100), (70, 101), (70, 104), (70, 105), (70, 106), (70, 107), (70, 109), (70, 113), (70, 114), (70, 115), (70, 116), (70, 117), (70, 118), (70, 121), (70, 122), (70, 123), (70, 124), (70, 126), (70, 127), (70, 130), (70, 131), (70, 134), (70, 135), (70, 136), (70, 138), (70, 139), (70, 141), (70, 142), (70, 143), (70, 145), (70, 147), (70, 148), (70, 149), (71, 72), (71, 73), (71, 74), (71, 75), (71, 77), (71, 78), (71, 79), (71, 81), (71, 82), (71, 84), (71, 85), (71, 86), (71, 87), (71, 89), (71, 90), (71, 92), (71, 97), (71, 98), (71, 99), (71, 100), (71, 101), (71, 102), (71, 103), (71, 104), (71, 105), (71, 107), (71, 108), (71, 111), (71, 114), (71, 118), (71, 123), (71, 126), (71, 127), (71, 128), (71, 133), (71, 135), (71, 136), (71, 141), (71, 142), (71, 145), (71, 148), (71, 149), (72, 73), (72, 75), (72, 77), (72, 81), (72, 82), (72, 83), (72, 84), (72, 85), (72, 87), (72, 89), (72, 90), (72, 92), (72, 99), (72, 105), (72, 106), (72, 107), (72, 108), (72, 110), (72, 111), (72, 113), (72, 114), (72, 115), (72, 119), (72, 122), (72, 123), (72, 124), (72, 130), (72, 135), (72, 137), (72, 138), (72, 143), (73, 74), (73, 76), (73, 77), (73, 79), (73, 82), (73, 83), (73, 86), (73, 87), (73, 90), (73, 91), (73, 94), (73, 95), (73, 96), (73, 97), (73, 100), (73, 104), (73, 106), (73, 108), (73, 110), (73, 111), (73, 112), (73, 113), (73, 115), (73, 117), (73, 119), (73, 120), (73, 121), (73, 122), (73, 123), (73, 126), (73, 127), (73, 129), (73, 131), (73, 133), (73, 134), (73, 135), (73, 136), (73, 138), (73, 139), (73, 140), (73, 141), (73, 142), (73, 143), (73, 145), (73, 147), (73, 149), (74, 76), (74, 77), (74, 78), (74, 81), (74, 86), (74, 88), (74, 89), (74, 91), (74, 93), (74, 94), (74, 95), (74, 96), (74, 97), (74, 100), (74, 101), (74, 103), (74, 104), (74, 105), (74, 108), (74, 113), (74, 117), (74, 118), (74, 119), (74, 120), (74, 121), (74, 122), (74, 125), (74, 126), (74, 127), (74, 130), (74, 131), (74, 133), (74, 134), (74, 137), (74, 138), (74, 140), (74, 143), (74, 145), (74, 146), (74, 147), (74, 148), (75, 76), (75, 77), (75, 88), (75, 89), (75, 90), (75, 91), (75, 92), (75, 94), (75, 95), (75, 98), (75, 102), (75, 103), (75, 106), (75, 107), (75, 108), (75, 109), (75, 110), (75, 111), (75, 113), (75, 115), (75, 117), (75, 119), (75, 120), (75, 123), (75, 124), (75, 129), (75, 131), (75, 133), (75, 137), (75, 138), (75, 141), (75, 142), (75, 143), (75, 144), (75, 145), (75, 147), (76, 77), (76, 79), (76, 80), (76, 81), (76, 82), (76, 84), (76, 86), (76, 87), (76, 89), (76, 93), (76, 95), (76, 97), (76, 98), (76, 99), (76, 101), (76, 106), (76, 107), (76, 109), (76, 112), (76, 114), (76, 117), (76, 119), (76, 123), (76, 124), (76, 128), (76, 131), (76, 132), (76, 134), (76, 137), (76, 140), (76, 142), (76, 145), (76, 149), (77, 81), (77, 83), (77, 84), (77, 85), (77, 86), (77, 87), (77, 91), (77, 93), (77, 99), (77, 100), (77, 102), (77, 103), (77, 105), (77, 106), (77, 107), (77, 108), (77, 109), (77, 112), (77, 115), (77, 116), (77, 117), (77, 121), (77, 122), (77, 123), (77, 126), (77, 131), (77, 132), (77, 133), (77, 134), (77, 135), (77, 136), (77, 140), (77, 142), (77, 143), (77, 149), (78, 80), (78, 81), (78, 82), (78, 84), (78, 85), (78, 86), (78, 90), (78, 92), (78, 93), (78, 94), (78, 102), (78, 104), (78, 105), (78, 106), (78, 109), (78, 111), (78, 112), (78, 115), (78, 116), (78, 117), (78, 119), (78, 120), (78, 121), (78, 123), (78, 124), (78, 125), (78, 127), (78, 128), (78, 130), (78, 133), (78, 134), (78, 136), (78, 137), (78, 138), (78, 140), (78, 142), (78, 143), (78, 146), (79, 81), (79, 83), (79, 84), (79, 85), (79, 87), (79, 88), (79, 89), (79, 91), (79, 92), (79, 93), (79, 95), (79, 97), (79, 98), (79, 100), (79, 101), (79, 102), (79, 104), (79, 106), (79, 112), (79, 114), (79, 115), (79, 117), (79, 119), (79, 120), (79, 122), (79, 125), (79, 126), (79, 131), (79, 132), (79, 133), (79, 137), (79, 141), (79, 142), (79, 143), (79, 144), (79, 147), (79, 148), (79, 149), (80, 81), (80, 82), (80, 86), (80, 89), (80, 92), (80, 96), (80, 97), (80, 98), (80, 99), (80, 102), (80, 103), (80, 104), (80, 105), (80, 106), (80, 107), (80, 109), (80, 111), (80, 113), (80, 114), (80, 116), (80, 117), (80, 119), (80, 121), (80, 122), (80, 123), (80, 125), (80, 127), (80, 129), (80, 130), (80, 131), (80, 132), (80, 134), (80, 135), (80, 136), (80, 139), (80, 142), (80, 143), (80, 145), (80, 146), (80, 148), (80, 149), (81, 85), (81, 90), (81, 91), (81, 92), (81, 93), (81, 95), (81, 96), (81, 97), (81, 98), (81, 99), (81, 100), (81, 101), (81, 102), (81, 105), (81, 106), (81, 108), (81, 109), (81, 110), (81, 111), (81, 113), (81, 116), (81, 117), (81, 118), (81, 119), (81, 120), (81, 121), (81, 122), (81, 123), (81, 124), (81, 125), (81, 126), (81, 128), (81, 131), (81, 132), (81, 133), (81, 135), (81, 136), (81, 137), (81, 140), (81, 143), (81, 144), (81, 145), (81, 148), (81, 149), (82, 83), (82, 84), (82, 86), (82, 87), (82, 95), (82, 96), (82, 97), (82, 98), (82, 99), (82, 100), (82, 101), (82, 104), (82, 105), (82, 108), (82, 109), (82, 110), (82, 111), (82, 112), (82, 113), (82, 114), (82, 115), (82, 116), (82, 120), (82, 121), (82, 123), (82, 125), (82, 126), (82, 128), (82, 129), (82, 130), (82, 133), (82, 134), (82, 135), (82, 137), (82, 138), (82, 139), (82, 140), (82, 142), (82, 143), (82, 144), (82, 145), (82, 148), (83, 84), (83, 87), (83, 88), (83, 89), (83, 91), (83, 92), (83, 98), (83, 99), (83, 100), (83, 102), (83, 106), (83, 108), (83, 109), (83, 112), (83, 118), (83, 120), (83, 121), (83, 124), (83, 126), (83, 127), (83, 128), (83, 129), (83, 130), (83, 131), (83, 132), (83, 133), (83, 135), (83, 136), (83, 137), (83, 139), (83, 140), (83, 141), (83, 143), (83, 144), (83, 145), (83, 147), (83, 148), (84, 86), (84, 88), (84, 91), (84, 93), (84, 95), (84, 98), (84, 99), (84, 100), (84, 101), (84, 102), (84, 103), (84, 105), (84, 106), (84, 107), (84, 109), (84, 110), (84, 111), (84, 115), (84, 116), (84, 118), (84, 119), (84, 121), (84, 123), (84, 124), (84, 125), (84, 126), (84, 127), (84, 131), (84, 134), (84, 135), (84, 136), (84, 138), (84, 139), (84, 141), (84, 142), (84, 146), (84, 147), (84, 148), (84, 149), (85, 87), (85, 91), (85, 92), (85, 93), (85, 94), (85, 98), (85, 99), (85, 102), (85, 103), (85, 104), (85, 106), (85, 108), (85, 110), (85, 111), (85, 113), (85, 119), (85, 120), (85, 121), (85, 122), (85, 123), (85, 124), (85, 128), (85, 129), (85, 130), (85, 131), (85, 132), (85, 133), (85, 134), (85, 135), (85, 136), (85, 137), (85, 138), (85, 139), (85, 140), (85, 141), (85, 142), (85, 143), (85, 149), (86, 87), (86, 88), (86, 89), (86, 91), (86, 93), (86, 94), (86, 95), (86, 97), (86, 98), (86, 100), (86, 103), (86, 105), (86, 108), (86, 110), (86, 116), (86, 117), (86, 118), (86, 123), (86, 125), (86, 128), (86, 129), (86, 130), (86, 131), (86, 135), (86, 136), (86, 139), (86, 140), (86, 142), (86, 143), (86, 145), (86, 147), (86, 149), (87, 88), (87, 97), (87, 103), (87, 104), (87, 109), (87, 110), (87, 111), (87, 114), (87, 115), (87, 117), (87, 118), (87, 120), (87, 122), (87, 130), (87, 131), (87, 132), (87, 134), (87, 135), (87, 138), (87, 139), (87, 140), (87, 142), (87, 143), (87, 146), (87, 147), (87, 148), (87, 149), (88, 89), (88, 91), (88, 93), (88, 94), (88, 95), (88, 96), (88, 98), (88, 99), (88, 100), (88, 103), (88, 104), (88, 105), (88, 106), (88, 108), (88, 110), (88, 111), (88, 115), (88, 118), (88, 120), (88, 121), (88, 123), (88, 124), (88, 125), (88, 126), (88, 128), (88, 129), (88, 131), (88, 133), (88, 134), (88, 135), (88, 136), (88, 137), (88, 138), (88, 140), (88, 143), (88, 145), (88, 146), (88, 147), (88, 149), (89, 90), (89, 93), (89, 94), (89, 95), (89, 96), (89, 98), (89, 99), (89, 100), (89, 102), (89, 105), (89, 106), (89, 110), (89, 115), (89, 117), (89, 120), (89, 121), (89, 122), (89, 124), (89, 127), (89, 128), (89, 130), (89, 132), (89, 134), (89, 135), (89, 137), (89, 138), (89, 139), (89, 141), (89, 142), (89, 143), (89, 146), (89, 148), (90, 91), (90, 92), (90, 93), (90, 95), (90, 97), (90, 98), (90, 99), (90, 100), (90, 101), (90, 103), (90, 104), (90, 108), (90, 109), (90, 111), (90, 112), (90, 113), (90, 114), (90, 115), (90, 116), (90, 117), (90, 118), (90, 120), (90, 122), (90, 123), (90, 124), (90, 125), (90, 126), (90, 128), (90, 129), (90, 130), (90, 131), (90, 132), (90, 133), (90, 135), (90, 136), (90, 137), (90, 138), (90, 140), (90, 141), (90, 142), (90, 144), (90, 145), (90, 146), (90, 148), (90, 149), (91, 92), (91, 93), (91, 94), (91, 99), (91, 101), (91, 102), (91, 106), (91, 107), (91, 110), (91, 111), (91, 113), (91, 114), (91, 115), (91, 117), (91, 118), (91, 121), (91, 122), (91, 123), (91, 124), (91, 127), (91, 129), (91, 130), (91, 131), (91, 132), (91, 133), (91, 134), (91, 135), (91, 138), (91, 140), (91, 142), (91, 143), (91, 146), (91, 148), (91, 149), (92, 93), (92, 98), (92, 100), (92, 101), (92, 105), (92, 106), (92, 110), (92, 111), (92, 119), (92, 121), (92, 123), (92, 124), (92, 125), (92, 126), (92, 127), (92, 129), (92, 130), (92, 132), (92, 133), (92, 134), (92, 135), (92, 137), (92, 138), (92, 143), (92, 144), (92, 145), (92, 146), (92, 147), (92, 148), (92, 149), (93, 94), (93, 95), (93, 97), (93, 98), (93, 99), (93, 100), (93, 104), (93, 105), (93, 106), (93, 108), (93, 110), (93, 111), (93, 113), (93, 114), (93, 115), (93, 116), (93, 118), (93, 120), (93, 123), (93, 127), (93, 130), (93, 132), (93, 133), (93, 134), (93, 135), (93, 136), (93, 138), (93, 139), (93, 140), (93, 142), (93, 143), (93, 144), (93, 145), (93, 148), (94, 97), (94, 98), (94, 99), (94, 100), (94, 102), (94, 104), (94, 105), (94, 107), (94, 108), (94, 109), (94, 114), (94, 116), (94, 118), (94, 120), (94, 121), (94, 124), (94, 125), (94, 129), (94, 130), (94, 132), (94, 136), (94, 139), (94, 140), (94, 141), (94, 142), (94, 143), (94, 144), (95, 96), (95, 98), (95, 100), (95, 105), (95, 106), (95, 107), (95, 108), (95, 109), (95, 110), (95, 111), (95, 112), (95, 113), (95, 115), (95, 117), (95, 118), (95, 120), (95, 121), (95, 123), (95, 128), (95, 130), (95, 131), (95, 133), (95, 134), (95, 137), (95, 139), (95, 140), (95, 141), (95, 143), (95, 146), (95, 147), (95, 148), (95, 149), (96, 98), (96, 99), (96, 100), (96, 102), (96, 106), (96, 107), (96, 108), (96, 110), (96, 113), (96, 116), (96, 117), (96, 119), (96, 122), (96, 125), (96, 126), (96, 127), (96, 128), (96, 130), (96, 131), (96, 132), (96, 134), (96, 136), (96, 139), (96, 142), (96, 143), (96, 147), (96, 148), (96, 149), (97, 98), (97, 99), (97, 102), (97, 103), (97, 107), (97, 108), (97, 110), (97, 114), (97, 117), (97, 118), (97, 119), (97, 121), (97, 122), (97, 124), (97, 132), (97, 133), (97, 136), (97, 138), (97, 139), (97, 140), (97, 142), (97, 143), (97, 144), (97, 145), (97, 146), (97, 147), (97, 149), (98, 100), (98, 104), (98, 105), (98, 107), (98, 113), (98, 118), (98, 119), (98, 121), (98, 123), (98, 124), (98, 125), (98, 126), (98, 128), (98, 129), (98, 132), (98, 133), (98, 140), (98, 141), (98, 143), (98, 147), (99, 100), (99, 103), (99, 104), (99, 105), (99, 106), (99, 107), (99, 108), (99, 112), (99, 114), (99, 118), (99, 119), (99, 120), (99, 121), (99, 122), (99, 123), (99, 126), (99, 127), (99, 130), (99, 132), (99, 133), (99, 134), (99, 136), (99, 137), (99, 138), (99, 140), (99, 141), (99, 143), (99, 144), (99, 146), (99, 147), (99, 149), (100, 102), (100, 103), (100, 105), (100, 107), (100, 108), (100, 109), (100, 111), (100, 113), (100, 114), (100, 117), (100, 118), (100, 121), (100, 123), (100, 124), (100, 125), (100, 126), (100, 128), (100, 129), (100, 132), (100, 134), (100, 136), (100, 138), (100, 141), (100, 144), (100, 147), (100, 148), (101, 102), (101, 105), (101, 107), (101, 109), (101, 110), (101, 111), (101, 115), (101, 116), (101, 117), (101, 119), (101, 120), (101, 121), (101, 122), (101, 123), (101, 125), (101, 126), (101, 129), (101, 131), (101, 137), (101, 138), (101, 139), (101, 141), (101, 143), (101, 146), (102, 105), (102, 107), (102, 109), (102, 110), (102, 111), (102, 114), (102, 116), (102, 119), (102, 121), (102, 123), (102, 125), (102, 126), (102, 127), (102, 129), (102, 130), (102, 134), (102, 135), (102, 136), (102, 138), (102, 139), (102, 140), (102, 141), (102, 144), (102, 145), (102, 146), (102, 147), (102, 148), (102, 149), (103, 105), (103, 106), (103, 107), (103, 108), (103, 110), (103, 111), (103, 113), (103, 115), (103, 116), (103, 117), (103, 118), (103, 119), (103, 120), (103, 121), (103, 122), (103, 124), (103, 128), (103, 132), (103, 136), (103, 139), (103, 144), (103, 145), (103, 148), (103, 149), (104, 105), (104, 106), (104, 107), (104, 108), (104, 109), (104, 111), (104, 114), (104, 116), (104, 117), (104, 118), (104, 119), (104, 120), (104, 121), (104, 123), (104, 124), (104, 125), (104, 126), (104, 127), (104, 128), (104, 129), (104, 131), (104, 132), (104, 135), (104, 136), (104, 139), (104, 141), (104, 142), (104, 143), (104, 144), (104, 145), (104, 146), (104, 148), (104, 149), (105, 106), (105, 108), (105, 111), (105, 113), (105, 117), (105, 119), (105, 121), (105, 123), (105, 125), (105, 130), (105, 131), (105, 132), (105, 136), (105, 137), (105, 138), (105, 139), (105, 141), (105, 142), (105, 147), (105, 148), (106, 107), (106, 108), (106, 109), (106, 111), (106, 112), (106, 113), (106, 114), (106, 115), (106, 116), (106, 117), (106, 118), (106, 119), (106, 120), (106, 122), (106, 125), (106, 126), (106, 127), (106, 128), (106, 129), (106, 130), (106, 131), (106, 132), (106, 136), (106, 137), (106, 138), (106, 139), (106, 147), (106, 148), (106, 149), (107, 108), (107, 110), (107, 111), (107, 112), (107, 113), (107, 116), (107, 117), (107, 123), (107, 125), (107, 128), (107, 131), (107, 135), (107, 136), (107, 137), (107, 138), (107, 139), (107, 140), (107, 141), (107, 142), (107, 145), (107, 148), (107, 149), (108, 110), (108, 111), (108, 112), (108, 115), (108, 116), (108, 120), (108, 124), (108, 126), (108, 127), (108, 129), (108, 130), (108, 131), (108, 132), (108, 133), (108, 134), (108, 135), (108, 137), (108, 138), (108, 139), (108, 140), (108, 143), (108, 145), (109, 110), (109, 112), (109, 114), (109, 116), (109, 118), (109, 119), (109, 120), (109, 122), (109, 126), (109, 127), (109, 128), (109, 129), (109, 130), (109, 131), (109, 133), (109, 135), (109, 136), (109, 137), (109, 145), (109, 146), (109, 147), (109, 148), (109, 149), (110, 111), (110, 115), (110, 117), (110, 120), (110, 121), (110, 127), (110, 128), (110, 130), (110, 131), (110, 132), (110, 133), (110, 134), (110, 135), (110, 138), (110, 140), (110, 141), (110, 142), (110, 143), (110, 144), (110, 146), (110, 149), (111, 114), (111, 115), (111, 118), (111, 119), (111, 124), (111, 125), (111, 126), (111, 128), (111, 129), (111, 132), (111, 133), (111, 135), (111, 136), (111, 137), (111, 138), (111, 140), (111, 145), (111, 146), (111, 148), (112, 113), (112, 116), (112, 119), (112, 120), (112, 121), (112, 124), (112, 125), (112, 126), (112, 127), (112, 128), (112, 129), (112, 132), (112, 133), (112, 134), (112, 137), (112, 138), (112, 139), (112, 141), (112, 143), (112, 144), (112, 145), (112, 146), (112, 149), (113, 116), (113, 118), (113, 120), (113, 122), (113, 123), (113, 124), (113, 126), (113, 127), (113, 128), (113, 130), (113, 131), (113, 133), (113, 134), (113, 135), (113, 136), (113, 139), (113, 141), (113, 144), (113, 146), (114, 116), (114, 117), (114, 121), (114, 122), (114, 123), (114, 125), (114, 126), (114, 129), (114, 132), (114, 133), (114, 135), (114, 136), (114, 138), (114, 140), (114, 141), (114, 142), (114, 143), (114, 144), (114, 145), (114, 146), (114, 147), (114, 148), (114, 149), (115, 116), (115, 117), (115, 118), (115, 120), (115, 121), (115, 122), (115, 125), (115, 126), (115, 127), (115, 128), (115, 129), (115, 130), (115, 132), (115, 136), (115, 137), (115, 138), (115, 141), (115, 142), (115, 143), (115, 144), (115, 146), (115, 147), (115, 149), (116, 117), (116, 120), (116, 121), (116, 122), (116, 123), (116, 124), (116, 125), (116, 126), (116, 127), (116, 129), (116, 132), (116, 133), (116, 135), (116, 137), (116, 139), (116, 142), (116, 143), (116, 147), (116, 149), (117, 119), (117, 120), (117, 123), (117, 127), (117, 129), (117, 130), (117, 131), (117, 132), (117, 133), (117, 135), (117, 136), (117, 142), (117, 144), (117, 145), (117, 146), (117, 148), (118, 121), (118, 123), (118, 125), (118, 127), (118, 128), (118, 130), (118, 131), (118, 132), (118, 135), (118, 136), (118, 140), (118, 141), (118, 145), (118, 146), (118, 147), (119, 122), (119, 124), (119, 125), (119, 127), (119, 129), (119, 132), (119, 133), (119, 134), (119, 135), (119, 137), (119, 138), (119, 140), (119, 141), (119, 142), (119, 143), (119, 144), (119, 148), (120, 128), (120, 131), (120, 132), (120, 133), (120, 135), (120, 136), (120, 137), (120, 139), (120, 140), (120, 141), (120, 144), (120, 145), (120, 148), (121, 123), (121, 126), (121, 129), (121, 131), (121, 133), (121, 135), (121, 139), (121, 140), (121, 142), (121, 144), (121, 147), (121, 148), (122, 123), (122, 128), (122, 129), (122, 130), (122, 132), (122, 133), (122, 135), (122, 137), (122, 139), (122, 141), (122, 142), (122, 144), (122, 145), (122, 147), (122, 148), (122, 149), (123, 124), (123, 125), (123, 126), (123, 128), (123, 131), (123, 134), (123, 135), (123, 136), (123, 139), (123, 144), (123, 145), (123, 148), (123, 149), (124, 126), (124, 127), (124, 128), (124, 130), (124, 131), (124, 133), (124, 138), (124, 141), (124, 143), (124, 144), (124, 146), (124, 147), (124, 148), (125, 126), (125, 128), (125, 129), (125, 131), (125, 132), (125, 133), (125, 135), (125, 137), (125, 138), (125, 139), (125, 140), (125, 141), (125, 142), (125, 146), (125, 147), (125, 148), (126, 127), (126, 128), (126, 129), (126, 130), (126, 131), (126, 133), (126, 134), (126, 135), (126, 136), (126, 139), (126, 140), (126, 141), (126, 144), (126, 146), (126, 147), (127, 128), (127, 129), (127, 131), (127, 132), (127, 137), (127, 138), (127, 139), (127, 141), (127, 143), (127, 144), (127, 145), (127, 146), (127, 147), (128, 131), (128, 134), (128, 136), (128, 137), (128, 138), (128, 139), (128, 140), (128, 141), (128, 146), (128, 148), (128, 149), (129, 131), (129, 134), (129, 136), (129, 137), (129, 138), (129, 142), (129, 143), (129, 145), (129, 146), (129, 148), (129, 149), (130, 131), (130, 132), (130, 134), (130, 136), (130, 139), (130, 140), (130, 141), (130, 143), (130, 144), (130, 145), (130, 146), (130, 148), (131, 132), (131, 133), (131, 134), (131, 136), (131, 137), (131, 138), (131, 141), (131, 143), (131, 145), (131, 146), (131, 147), (131, 149), (132, 133), (132, 134), (132, 135), (132, 136), (132, 138), (132, 141), (132, 143), (132, 145), (132, 146), (133, 135), (133, 136), (133, 138), (133, 139), (133, 141), (133, 143), (133, 144), (133, 146), (133, 148), (134, 135), (134, 137), (134, 138), (134, 139), (134, 140), (134, 142), (134, 143), (134, 144), (134, 146), (134, 148), (134, 149), (135, 136), (135, 137), (135, 140), (135, 141), (135, 143), (135, 144), (135, 145), (135, 146), (135, 147), (135, 148), (135, 149), (136, 137), (136, 140), (136, 141), (136, 143), (136, 145), (136, 146), (136, 147), (136, 148), (136, 149), (137, 139), (137, 140), (137, 141), (137, 143), (137, 144), (137, 146), (137, 149), (138, 139), (138, 140), (138, 142), (138, 143), (138, 144), (138, 147), (138, 148), (138, 149), (139, 140), (139, 141), (139, 142), (139, 144), (139, 148), (139, 149), (140, 142), (140, 146), (140, 147), (140, 148), (140, 149), (141, 142), (141, 144), (141, 145), (141, 146), (141, 147), (141, 148), (142, 144), (142, 146), (142, 147), (142, 149), (143, 145), (143, 146), (143, 148), (143, 149), (144, 145), (144, 146), (144, 147), (144, 148), (145, 146), (145, 147), (145, 148), (145, 149), (146, 147), (146, 149), (147, 148), 
log2_p_plus:          -1.17521
log2_1_minus_p_plus:  -0.843784
log2_p_minus:         -1.17521
log2_1_minus_p_minus: -0.843784
p_plus:  0.44282
p_minus: 0.44282

  Beginning edge heuristic pre-computation...
  ...Finished edge heuristic pre-computation.
The special edge set gets a score of -9296.28

Beginning Iteration 1...
	Mutating
	Mating
	Scoring
...Finished iteration with a best score of -9429.28

Beginning Iteration 2...
	Mutating
	Mating
	Scoring
...Finished iteration with a best score of -9429.28

Beginning Iteration 3...
	Mutating
	Mating
	Scoring
...Finished iteration with a best score of -9429.28

Beginning Iteration 4...
	Mutating
	Mating
	Scoring
...Finished iteration with a best score of -9429.28

Beginning Iteration 5...
	Mutating
	Mating
	Scoring
...Finished iteration with a best score of -9429.28

Beginning Iteration 6...
	Mutating
	Mating
	Scoring
...Finished iteration with a best score of -9429.28

Beginning Iteration 7...
	Mutating
	Mating
	Scoring
...Finished iteration with a best score of -9429.28

Beginning Iteration 8...
	Mutating
	Mating
	Scoring
...Finished iteration with a best score of -9429.28

Beginning Iteration 9...
	Mutating
	Mating
	Scoring
...Finished iteration with a best score of -9429.28

Beginning Iteration 10...
	Mutating
	Mating
	Scoring
...Finished iteration with a best score of -9429.28

Beginning Iteration 11...
	Mutating
	Mating
	Scoring
...Finished iteration with a best score of -9429.28

Beginning Iteration 12...
	Mutating
	Mating
	Scoring
...Finished iteration with a best score of -9429.28

Beginning Iteration 13...
	Mutating
	Mating
	Scoring
...Finished iteration with a best score of -9429.28

Beginning Iteration 14...
	Mutating
	Mating
	Scoring
...Finished iteration with a best score of -9429.28

Beginning Iteration 15...
	Mutating
	Mating
	Scoring
...Finished iteration with a best score of -9429.28

Beginning Iteration 16...
	Mutating
	Mating
	Scoring
...Finished iteration with a best score of -9429.28

Beginning Iteration 17...
	Mutating
	Mating
	Scoring
...Finished iteration with a best score of -9429.28

Beginning Iteration 18...
	Mutating
	Mating
	Scoring
...Finished iteration with a best score of -9429.28

Beginning Iteration 19...
	Mutating
	Mating
	Scoring
...Finished iteration with a best score of -9429.28

Beginning Iteration 20...
	Mutating
	Mating
	Scoring
...Finished iteration with a best score of -9429.28

Beginning Iteration 21...
	Mutating
	Mating
	Scoring
...Finished iteration with a best score of -9429.28

Beginning Iteration 22...
	Mutating
	Mating
	Scoring
...Finished iteration with a best score of -9429.28

Beginning Iteration 23...
	Mutating
	Mating
	Scoring
...Finished iteration with a best score of -9429.28

Beginning Iteration 24...
	Mutating
	Mating
	Scoring
...Finished iteration with a best score of -9429.28

Beginning Iteration 25...
	Mutating
	Mating
	Scoring
...Finished iteration with a best score of -9429.28

Beginning Iteration 26...
	Mutating
	Mating
	Scoring
...Finished iteration with a best score of -9429.28

Beginning Iteration 27...
	Mutating
	Mating
	Scoring
...Finished iteration with a best score of -9429.28

Beginning Iteration 28...
	Mutating
	Mating
	Scoring
...Finished iteration with a best score of -9429.28

Beginning Iteration 29...
	Mutating
	Mating
	Scoring
...Finished iteration with a best score of -9429.28

Beginning Iteration 30...
	Mutating
	Mating
	Scoring
...Finished iteration with a best score of -9429.28

Beginning Iteration 31...
	Mutating
	Mating
	Scoring
...Finished iteration with a best score of -9429.28

Beginning Iteration 32...
	Mutating
	Mating
	Scoring
...Finished iteration with a best score of -9429.28

Beginning Iteration 33...
	Mutating
	Mating
	Scoring
...Finished iteration with a best score of -9429.28

Beginning Iteration 34...
	Mutating
	Mating
	Scoring
...Finished iteration with a best score of -9429.28

Beginning Iteration 35...
	Mutating
	Mating
	Scoring
...Finished iteration with a best score of -9429.28

Beginning Iteration 36...
	Mutating
	Mating
	Scoring
...Finished iteration with a best score of -9429.28

Beginning Iteration 37...
	Mutating
	Mating
	Scoring
...Finished iteration with a best score of -9429.28

Beginning Iteration 38...
	Mutating
	Mating
	Scoring
...Finished iteration with a best score of -9429.28

Beginning Iteration 39...
	Mutating
	Mating
	Scoring
...Finished iteration with a best score of -9429.28

Beginning Iteration 40...
	Mutating
	Mating
	Scoring
...Finished iteration with a best score of -9429.28

Beginning Iteration 41...
	Mutating
	Mating
	Scoring
...Finished iteration with a best score of -9429.28

Beginning Iteration 42...
	Mutating
	Mating
	Scoring
...Finished iteration with a best score of -9429.28

Beginning Iteration 43...
	Mutating
	Mating
	Scoring
...Finished iteration with a best score of -9429.28

Beginning Iteration 44...
	Mutating
	Mating
	Scoring
...Finished iteration with a best score of -9429.28

Beginning Iteration 45...
	Mutating
	Mating
	Scoring
...Finished iteration with a best score of -9429.28

Beginning Iteration 46...
	Mutating
	Mating
	Scoring
...Finished iteration with a best score of -9429.28

Beginning Iteration 47...
	Mutating
	Mating
	Scoring
...Finished iteration with a best score of -9429.28

Beginning Iteration 48...
	Mutating
	Mating
	Scoring
...Finished iteration with a best score of -9429.28

Beginning Iteration 49...
	Mutating
	Mating
	Scoring
...Finished iteration with a best score of -9429.28

Beginning Iteration 50...
	Mutating
	Mating
	Scoring
...Finished iteration with a best score of -9429.28

Beginning Iteration 51...
	Mutating
	Mating
	Scoring
...Finished iteration with a best score of -9429.28

Beginning Iteration 52...
	Mutating
	Mating
	Scoring
...Finished iteration with a best score of -9429.28

Beginning Iteration 53...
	Mutating
	Mating
	Scoring
...Finished iteration with a best score of -9429.28

Beginning Iteration 54...
	Mutating
	Mating
	Scoring
...Finished iteration with a best score of -9429.28

Beginning Iteration 55...
	Mutating
	Mating
	Scoring
...Finished iteration with a best score of -9429.28

Beginning Iteration 56...
	Mutating
	Mating
	Scoring
...Finished iteration with a best score of -9429.28

Beginning Iteration 57...
	Mutating
	Mating
	Scoring
...Finished iteration with a best score of -9429.28

Beginning Iteration 58...
	Mutating
	Mating
	Scoring
...Finished iteration with a best score of -9429.28

Beginning Iteration 59...
	Mutating
	Mating
	Scoring
...Finished iteration with a best score of -9429.28

Beginning Iteration 60...
	Mutating
	Mating
	Scoring
...Finished iteration with a best score of -9429.28

Beginning Iteration 61...
	Mutating
	Mating
	Scoring
...Finished iteration with a best score of -9429.28

Beginning Iteration 62...
	Mutating
	Mating
	Scoring
...Finished iteration with a best score of -9429.28

Beginning Iteration 63...
	Mutating
	Mating
	Scoring
...Finished iteration with a best score of -9429.28

Beginning Iteration 64...
	Mutating
	Mating
	Scoring
...Finished iteration with a best score of -9429.28

Beginning Iteration 65...
	Mutating
	Mating
	Scoring
...Finished iteration with a best score of -9429.28

Beginning Iteration 66...
	Mutating
	Mating
	Scoring
...Finished iteration with a best score of -9429.28

Beginning Iteration 67...
	Mutating
	Mating
	Scoring
...Finished iteration with a best score of -9429.28

Beginning Iteration 68...
	Mutating
	Mating
	Scoring
...Finished iteration with a best score of -9429.28

Beginning Iteration 69...
	Mutating
	Mating
	Scoring
...Finished iteration with a best score of -9429.28

Beginning Iteration 70...
	Mutating
	Mating
	Scoring
...Finished iteration with a best score of -9429.28

Beginning Iteration 71...
	Mutating
	Mating
	Scoring
...Finished iteration with a best score of -9429.28

Beginning Iteration 72...
	Mutating
	Mating
	Scoring
...Finished iteration with a best score of -9429.28

Beginning Iteration 73...
	Mutating
	Mating
	Scoring
...Finished iteration with a best score of -9429.28

Beginning Iteration 74...
	Mutating
	Mating
	Scoring
...Finished iteration with a best score of -9429.28

Beginning Iteration 75...
	Mutating
	Mating
	Scoring
...Finished iteration with a best score of -9429.28

Beginning Iteration 76...
	Mutating
	Mating
	Scoring
...Finished iteration with a best score of -9429.28

Beginning Iteration 77...
	Mutating
	Mating
	Scoring
...Finished iteration with a best score of -9429.28

Beginning Iteration 78...
	Mutating
	Mating
	Scoring
...Finished iteration with a best score of -9429.28

Beginning Iteration 79...
	Mutating
	Mating
	Scoring
...Finished iteration with a best score of -9429.28

Beginning Iteration 80...
	Mutating
	Mating
	Scoring
...Finished iteration with a best score of -9429.28

Beginning Iteration 81...
	Mutating
	Mating
	Scoring
...Finished iteration with a best score of -9429.28

Beginning Iteration 82...
	Mutating
	Mating
	Scoring
...Finished iteration with a best score of -9429.28

Beginning Iteration 83...
	Mutating
	Mating
	Scoring
...Finished iteration with a best score of -9429.28

Beginning Iteration 84...
	Mutating
	Mating
	Scoring
...Finished iteration with a best score of -9429.28

Beginning Iteration 85...
	Mutating
	Mating
	Scoring
...Finished iteration with a best score of -9429.28

Beginning Iteration 86...
	Mutating
	Mating
	Scoring
...Finished iteration with a best score of -9429.28

Beginning Iteration 87...
	Mutating
	Mating
	Scoring
...Finished iteration with a best score of -9429.28

Beginning Iteration 88...
	Mutating
	Mating
	Scoring
...Finished iteration with a best score of -9429.28

Beginning Iteration 89...
	Mutating
	Mating
	Scoring
...Finished iteration with a best score of -9429.28

Beginning Iteration 90...
	Mutating
	Mating
	Scoring
...Finished iteration with a best score of -9429.28

Beginning Iteration 91...
	Mutating
	Mating
	Scoring
...Finished iteration with a best score of -9429.28

Beginning Iteration 92...
	Mutating
	Mating
	Scoring
...Finished iteration with a best score of -9429.28

Beginning Iteration 93...
	Mutating
	Mating
	Scoring
...Finished iteration with a best score of -9429.28

Beginning Iteration 94...
	Mutating
	Mating
	Scoring
...Finished iteration with a best score of -9429.28

Beginning Iteration 95...
	Mutating
	Mating
	Scoring
...Finished iteration with a best score of -9429.28

Beginning Iteration 96...
	Mutating
	Mating
	Scoring
...Finished iteration with a best score of -9429.28

Beginning Iteration 97...
	Mutating
	Mating
	Scoring
...Finished iteration with a best score of -9429.28

Beginning Iteration 98...
	Mutating
	Mating
	Scoring
...Finished iteration with a best score of -9429.28

Beginning Iteration 99...
	Mutating
	Mating
	Scoring
...Finished iteration with a best score of -9429.28

Beginning Iteration 100...
	Mutating
	Mating
	Scoring
...Finished iteration with a best score of -9429.28

Beginning Iteration 101...
	Mutating
	Mating
	Scoring
...Finished iteration with a best score of -9429.28

Beginning Iteration 102...
	Mutating
	Mating
	Scoring
...Finished iteration with a best score of -9429.28

Beginning Iteration 103...
	Mutating
	Mating
	Scoring
...Finished iteration with a best score of -9429.28

Beginning Iteration 104...
	Mutating
	Mating
	Scoring
...Finished iteration with a best score of -9429.28

Beginning Iteration 105...
	Mutating
	Mating
	Scoring
...Finished iteration with a best score of -9429.28

Beginning Iteration 106...
	Mutating
	Mating
	Scoring
...Finished iteration with a best score of -9429.28

Beginning Iteration 107...
	Mutating
	Mating
	Scoring
...Finished iteration with a best score of -9429.28

Beginning Iteration 108...
	Mutating
	Mating
	Scoring
...Finished iteration with a best score of -9429.28

Beginning Iteration 109...
	Mutating
	Mating
	Scoring
...Finished iteration with a best score of -9429.28

Beginning Iteration 110...
	Mutating
	Mating
	Scoring
...Finished iteration with a best score of -9429.28

Beginning Iteration 111...
	Mutating
	Mating
	Scoring
...Finished iteration with a best score of -9429.28

Beginning Iteration 112...
	Mutating
	Mating
	Scoring
...Finished iteration with a best score of -9429.28

Beginning Iteration 113...
	Mutating
	Mating
	Scoring
...Finished iteration with a best score of -9429.28

Beginning Iteration 114...
	Mutating
	Mating
	Scoring
...Finished iteration with a best score of -9429.28

Beginning Iteration 115...
	Mutating
	Mating
	Scoring
...Finished iteration with a best score of -9429.28

Beginning Iteration 116...
	Mutating
	Mating
	Scoring
...Finished iteration with a best score of -9429.28

Beginning Iteration 117...
	Mutating
	Mating
	Scoring
...Finished iteration with a best score of -9429.28

Beginning Iteration 118...
	Mutating
	Mating
	Scoring
...Finished iteration with a best score of -9429.28

Beginning Iteration 119...
	Mutating
	Mating
	Scoring
...Finished iteration with a best score of -9429.28

Beginning Iteration 120...
	Mutating
	Mating
	Scoring
...Finished iteration with a best score of -9429.28

Beginning Iteration 121...
	Mutating
	Mating
	Scoring
...Finished iteration with a best score of -9429.28

Beginning Iteration 122...
	Mutating
	Mating
	Scoring
...Finished iteration with a best score of -9429.28

Beginning Iteration 123...
	Mutating
	Mating
	Scoring
...Finished iteration with a best score of -9429.28

Beginning Iteration 124...
	Mutating
	Mating
	Scoring
...Finished iteration with a best score of -9429.28

Beginning Iteration 125...
	Mutating
	Mating
	Scoring
...Finished iteration with a best score of -9429.28

Beginning Iteration 126...
	Mutating
	Mating
	Scoring
...Finished iteration with a best score of -9429.28

Beginning Iteration 127...
	Mutating
	Mating
	Scoring
...Finished iteration with a best score of -9429.28

Beginning Iteration 128...
	Mutating
	Mating
	Scoring
...Finished iteration with a best score of -9429.28

Beginning Iteration 129...
	Mutating
	Mating
	Scoring
...Finished iteration with a best score of -9429.28

Beginning Iteration 130...
	Mutating
	Mating
	Scoring
...Finished iteration with a best score of -9429.28

Beginning Iteration 131...
	Mutating
	Mating
	Scoring
...Finished iteration with a best score of -9429.28

Beginning Iteration 132...
	Mutating
	Mating
	Scoring
...Finished iteration with a best score of -9429.28

Beginning Iteration 133...
	Mutating
	Mating
	Scoring
...Finished iteration with a best score of -9429.28

Beginning Iteration 134...
	Mutating
	Mating
	Scoring
...Finished iteration with a best score of -9429.28

Beginning Iteration 135...
	Mutating
	Mating
	Scoring
...Finished iteration with a best score of -9429.28

Beginning Iteration 136...
	Mutating
	Mating
	Scoring
...Finished iteration with a best score of -9429.28

Beginning Iteration 137...
	Mutating
	Mating
	Scoring
...Finished iteration with a best score of -9429.28

Beginning Iteration 138...
	Mutating
	Mating
	Scoring
...Finished iteration with a best score of -9429.28

Beginning Iteration 139...
	Mutating
	Mating
	Scoring
...Finished iteration with a best score of -9429.28

Beginning Iteration 140...
	Mutating
	Mating
	Scoring
...Finished iteration with a best score of -9429.28

Beginning Iteration 141...
	Mutating
	Mating
	Scoring
...Finished iteration with a best score of -9429.28

Beginning Iteration 142...
	Mutating
	Mating
	Scoring
...Finished iteration with a best score of -9429.28

Beginning Iteration 143...
	Mutating
	Mating
	Scoring
...Finished iteration with a best score of -9429.28

Beginning Iteration 144...
	Mutating
	Mating
	Scoring
...Finished iteration with a best score of -9429.28

Beginning Iteration 145...
	Mutating
	Mating
	Scoring
...Finished iteration with a best score of -9429.28

Beginning Iteration 146...
	Mutating
	Mating
	Scoring
...Finished iteration with a best score of -9429.28

Beginning Iteration 147...
	Mutating
	Mating
	Scoring
...Finished iteration with a best score of -9429.28

Beginning Iteration 148...
	Mutating
	Mating
	Scoring
...Finished iteration with a best score of -9429.28

Beginning Iteration 149...
	Mutating
	Mating
	Scoring
...Finished iteration with a best score of -9429.28

Beginning Iteration 150...
	Mutating
	Mating
	Scoring
...Finished iteration with a best score of -9429.28

With a score of -9429.28 we have log2(|Aut(G_H)|) of 0
With edges: 


With a score of -9429.61 we have log2(|Aut(G_H)|) of 0
With edges: 
(72, 78), 

With a score of -9429.61 we have log2(|Aut(G_H)|) of 0
With edges: 
(60, 83), 

With a score of -9429.61 we have log2(|Aut(G_H)|) of 0
With edges: 
(7, 82), 

With a score of -9429.61 we have log2(|Aut(G_H)|) of 0
With edges: 
(25, 147), 

With a score of -9429.61 we have log2(|Aut(G_H)|) of 0
With edges: 
(85, 139), 

With a score of -9429.61 we have log2(|Aut(G_H)|) of 0
With edges: 
(6, 111), 

With a score of -9429.61 we have log2(|Aut(G_H)|) of 0
With edges: 
(6, 87), 

With a score of -9429.61 we have log2(|Aut(G_H)|) of 0
With edges: 
(15, 97), 

With a score of -9429.61 we have log2(|Aut(G_H)|) of 0
With edges: 
(62, 115), 

