0 198
0 192
0 191
0 188
0 187
0 184
0 182
0 181
0 178
0 177
0 174
0 172
0 170
0 169
0 168
0 166
0 165
0 163
0 157
0 156
0 155
0 154
0 153
0 150
0 149
0 147
0 143
0 141
0 139
0 137
0 134
0 132
0 129
0 128
0 59
0 58
0 53
0 50
0 48
0 47
0 46
0 43
0 40
0 36
0 30
0 13
0 11
0 7
0 5
0 4
0 14
0 15
0 16
0 25
0 26
0 27
0 28
0 29
0 61
0 62
0 68
0 76
0 77
0 82
0 83
0 85
0 88
0 89
0 92
0 94
0 95
0 96
0 97
0 102
0 105
0 106
0 108
0 110
0 112
0 115
0 116
0 117
0 118
0 121
0 123
0 124
0 125
0 126
1 199
1 197
1 195
1 194
1 193
1 192
1 191
1 186
1 185
1 182
1 179
1 178
1 175
1 173
1 171
1 165
1 159
1 156
1 149
1 147
1 145
1 141
1 139
1 137
1 135
1 133
1 129
1 57
1 55
1 53
1 50
1 48
1 47
1 37
1 35
1 34
1 31
1 30
1 9
1 8
1 7
1 5
1 4
1 3
1 2
1 15
1 16
1 17
1 20
1 21
1 24
1 27
1 64
1 68
1 69
1 71
1 73
1 74
1 80
1 82
1 87
1 91
1 92
1 93
1 94
1 95
1 98
1 102
1 103
1 105
1 108
1 109
1 112
1 114
1 115
1 118
1 120
1 121
1 122
1 124
2 197
2 195
2 194
2 192
2 191
2 189
2 188
2 186
2 182
2 178
2 175
2 173
2 172
2 170
2 168
2 167
2 165
2 164
2 161
2 160
2 158
2 156
2 153
2 148
2 146
2 145
2 144
2 143
2 140
2 139
2 138
2 134
2 131
2 58
2 54
2 52
2 51
2 50
2 49
2 48
2 47
2 46
2 45
2 44
2 43
2 37
2 34
2 32
2 30
2 11
2 10
2 8
2 4
2 3
2 59
2 14
2 17
2 20
2 21
2 22
2 25
2 28
2 60
2 61
2 62
2 64
2 65
2 66
2 67
2 68
2 70
2 73
2 77
2 78
2 79
2 82
2 83
2 85
2 86
2 87
2 88
2 89
2 95
2 97
2 98
2 101
2 104
2 107
2 108
2 109
2 110
2 111
2 113
2 114
2 116
2 117
2 122
2 123
2 125
2 126
3 194
3 190
3 189
3 183
3 182
3 178
3 177
3 175
3 169
3 167
3 166
3 165
3 163
3 162
3 160
3 155
3 154
3 151
3 150
3 146
3 143
3 142
3 139
3 137
3 136
3 135
3 134
3 129
3 128
3 58
3 56
3 50
3 49
3 48
3 46
3 45
3 43
3 42
3 41
3 40
3 38
3 36
3 35
3 33
3 30
3 10
3 6
3 4
3 13
3 59
3 14
3 16
3 17
3 18
3 19
3 20
3 22
3 24
3 26
3 60
3 62
3 65
3 70
3 75
3 77
3 78
3 82
3 83
3 84
3 88
3 90
3 91
3 93
3 95
3 100
3 101
3 103
3 105
3 107
3 111
3 117
3 119
3 121
3 123
3 125
4 188
4 187
4 186
4 185
4 182
4 181
4 180
4 175
4 174
4 173
4 172
4 171
4 169
4 166
4 165
4 162
4 161
4 160
4 158
4 157
4 153
4 152
4 150
4 149
4 148
4 145
4 142
4 140
4 137
4 136
4 135
4 134
4 132
4 131
4 130
4 128
4 58
4 57
4 55
4 52
4 51
4 49
4 47
4 46
4 45
4 43
4 38
4 37
4 36
4 35
4 34
4 32
4 30
4 12
4 11
4 9
4 6
4 5
4 15
4 16
4 17
4 18
4 19
4 20
4 22
4 23
4 24
4 26
4 27
4 60
4 61
4 63
4 68
4 74
4 75
4 76
4 77
4 81
4 82
4 83
4 84
4 90
4 91
4 92
4 95
4 97
4 98
4 99
4 101
4 102
4 104
4 108
4 110
4 111
4 114
4 115
4 116
4 117
4 118
4 119
4 122
4 126
5 198
5 192
5 191
5 189
5 183
5 178
5 176
5 175
5 174
5 173
5 172
5 170
5 167
5 163
5 162
5 157
5 156
5 155
5 154
5 153
5 150
5 148
5 146
5 141
5 140
5 138
5 134
5 132
5 131
5 130
5 129
5 128
5 55
5 54
5 53
5 49
5 43
5 41
5 40
5 39
5 38
5 36
5 35
5 33
5 31
5 30
5 11
5 10
5 29
5 16
5 19
5 20
5 21
5 24
5 25
5 28
5 60
5 62
5 63
5 66
5 67
5 69
5 70
5 71
5 72
5 75
5 78
5 79
5 83
5 85
5 88
5 89
5 90
5 92
5 93
5 96
5 102
5 104
5 105
5 106
5 108
5 110
5 111
5 114
5 115
5 117
5 120
5 121
5 123
5 125
5 126
6 195
6 194
6 193
6 192
6 191
6 186
6 182
6 175
6 173
6 168
6 166
6 164
6 161
6 160
6 159
6 158
6 153
6 151
6 148
6 147
6 146
6 145
6 143
6 138
6 136
6 133
6 131
6 130
6 129
6 128
6 58
6 56
6 54
6 53
6 52
6 50
6 49
6 48
6 46
6 44
6 41
6 40
6 39
6 38
6 37
6 32
6 31
6 12
6 9
6 127
6 14
6 15
6 16
6 17
6 21
6 22
6 23
6 24
6 25
6 26
6 27
6 61
6 63
6 64
6 66
6 69
6 71
6 73
6 78
6 80
6 83
6 84
6 86
6 88
6 89
6 90
6 92
6 93
6 95
6 99
6 100
6 103
6 104
6 105
6 109
6 111
6 112
6 118
6 122
6 124
6 126
7 199
7 198
7 197
7 191
7 190
7 188
7 184
7 183
7 182
7 179
7 178
7 174
7 172
7 170
7 169
7 167
7 165
7 164
7 161
7 157
7 152
7 151
7 150
7 149
7 146
7 145
7 144
7 143
7 141
7 138
7 137
7 136
7 135
7 133
7 57
7 54
7 53
7 52
7 50
7 48
7 40
7 37
7 34
7 12
7 11
7 10
7 127
7 14
7 19
7 20
7 21
7 23
7 25
7 26
7 28
7 60
7 64
7 65
7 66
7 67
7 68
7 71
7 73
7 74
7 81
7 83
7 85
7 87
7 88
7 91
7 92
7 93
7 94
7 96
7 97
7 101
7 102
7 107
7 109
7 110
7 111
7 112
7 114
7 115
7 122
7 124
7 126
8 197
8 196
8 194
8 190
8 189
8 185
8 184
8 180
8 178
8 172
8 171
8 170
8 167
8 165
8 163
8 161
8 159
8 157
8 154
8 153
8 152
8 145
8 138
8 134
8 133
8 130
8 58
8 56
8 55
8 54
8 53
8 50
8 48
8 45
8 44
8 41
8 39
8 38
8 36
8 35
8 33
8 32
8 11
8 9
8 13
8 14
8 16
8 19
8 22
8 24
8 25
8 62
8 64
8 69
8 71
8 73
8 75
8 77
8 79
8 80
8 81
8 82
8 83
8 85
8 86
8 87
8 90
8 94
8 95
8 96
8 99
8 103
8 107
8 109
8 111
8 112
8 114
8 115
8 117
8 118
8 120
8 123
8 124
8 125
8 126
9 199
9 197
9 196
9 195
9 194
9 193
9 191
9 190
9 188
9 187
9 184
9 183
9 182
9 180
9 179
9 178
9 174
9 173
9 167
9 166
9 165
9 162
9 155
9 154
9 153
9 152
9 148
9 145
9 143
9 141
9 139
9 138
9 137
9 132
9 131
9 129
9 128
9 56
9 54
9 51
9 50
9 48
9 44
9 43
9 41
9 40
9 37
9 36
9 35
9 34
9 33
9 31
9 11
9 10
9 29
9 17
9 18
9 24
9 25
9 26
9 62
9 63
9 64
9 65
9 70
9 71
9 73
9 74
9 76
9 79
9 80
9 85
9 90
9 91
9 92
9 93
9 95
9 96
9 99
9 102
9 103
9 105
9 106
9 109
9 112
9 113
9 117
9 120
9 124
9 126
10 199
10 198
10 195
10 194
10 193
10 191
10 190
10 188
10 186
10 184
10 181
10 180
10 179
10 174
10 173
10 171
10 169
10 166
10 164
10 161
10 160
10 158
10 149
10 148
10 147
10 145
10 141
10 140
10 137
10 136
10 132
10 131
10 130
10 129
10 128
10 57
10 53
10 52
10 48
10 43
10 42
10 39
10 38
10 37
10 36
10 32
10 11
10 127
10 29
10 17
10 18
10 19
10 21
10 23
10 25
10 28
10 60
10 63
10 64
10 66
10 67
10 68
10 69
10 71
10 73
10 75
10 79
10 80
10 81
10 82
10 83
10 85
10 87
10 88
10 89
10 94
10 96
10 102
10 106
10 108
10 112
10 113
10 114
10 115
10 117
10 120
10 121
10 122
11 195
11 194
11 193
11 192
11 191
11 190
11 187
11 185
11 182
11 180
11 178
11 176
11 175
11 174
11 172
11 169
11 168
11 167
11 166
11 165
11 164
11 160
11 157
11 155
11 150
11 149
11 148
11 146
11 145
11 143
11 141
11 139
11 138
11 130
11 129
11 57
11 56
11 53
11 52
11 50
11 40
11 38
11 37
11 36
11 59
11 127
11 29
11 18
11 23
11 28
11 60
11 61
11 63
11 68
11 74
11 75
11 76
11 77
11 79
11 80
11 81
11 84
11 85
11 88
11 89
11 91
11 92
11 94
11 96
11 98
11 99
11 101
11 107
11 110
11 111
11 113
11 114
11 117
11 118
11 119
11 124
11 126
12 197
12 195
12 194
12 191
12 190
12 189
12 186
12 184
12 179
12 178
12 174
12 173
12 172
12 170
12 165
12 164
12 160
12 159
12 157
12 156
12 155
12 152
12 151
12 148
12 138
12 136
12 135
12 134
12 133
12 131
12 54
12 53
12 51
12 50
12 49
12 48
12 47
12 40
12 38
12 37
12 35
12 34
12 33
12 32
12 31
12 30
12 59
12 127
12 14
12 16
12 19
12 22
12 23
12 28
12 60
12 62
12 64
12 69
12 70
12 71
12 76
12 77
12 78
12 79
12 83
12 84
12 87
12 92
12 96
12 97
12 99
12 103
12 104
12 107
12 109
12 110
12 111
12 115
12 117
12 118
12 121
12 126
13 199
13 198
13 194
13 193
13 190
13 188
13 187
13 186
13 182
13 178
13 177
13 173
13 172
13 171
13 170
13 166
13 165
13 163
13 162
13 159
13 158
13 157
13 156
13 153
13 152
13 151
13 150
13 145
13 143
13 140
13 138
13 137
13 134
13 132
13 131
13 129
13 128
13 58
13 56
13 55
13 54
13 51
13 50
13 49
13 44
13 43
13 42
13 38
13 34
13 32
13 30
13 127
13 14
13 15
13 16
13 17
13 18
13 20
13 21
13 23
13 24
13 25
13 26
13 27
13 28
13 61
13 63
13 64
13 71
13 74
13 75
13 77
13 79
13 80
13 81
13 82
13 83
13 85
13 87
13 88
13 91
13 95
13 96
13 97
13 98
13 100
13 101
13 104
13 106
13 107
13 109
13 110
13 115
13 117
13 122
13 123
13 125
14 199
14 198
14 197
14 195
14 194
14 191
14 189
14 187
14 185
14 184
14 181
14 179
14 178
14 175
14 174
14 173
14 172
14 171
14 169
14 167
14 163
14 162
14 156
14 155
14 154
14 153
14 148
14 146
14 140
14 137
14 132
14 131
14 130
14 57
14 56
14 54
14 52
14 51
14 48
14 47
14 46
14 43
14 41
14 39
14 38
14 34
14 33
14 32
14 30
14 59
14 127
14 18
14 19
14 21
14 22
14 23
14 25
14 27
14 28
14 64
14 67
14 68
14 70
14 72
14 76
14 84
14 86
14 87
14 88
14 93
14 94
14 97
14 99
14 102
14 104
14 112
14 115
14 118
14 119
14 126
15 199
15 197
15 188
15 185
15 181
15 180
15 178
15 175
15 174
15 170
15 169
15 168
15 166
15 162
15 159
15 156
15 154
15 149
15 147
15 146
15 145
15 142
15 141
15 138
15 135
15 134
15 132
15 130
15 129
15 55
15 52
15 50
15 49
15 46
15 45
15 44
15 43
15 41
15 40
15 39
15 38
15 36
15 33
15 127
15 29
15 16
15 18
15 20
15 25
15 26
15 27
15 60
15 62
15 63
15 64
15 66
15 68
15 71
15 75
15 77
15 78
15 79
15 80
15 82
15 83
15 84
15 86
15 87
15 88
15 89
15 91
15 92
15 99
15 101
15 103
15 105
15 107
15 110
15 111
15 117
15 119
15 123
16 199
16 198
16 195
16 194
16 191
16 189
16 187
16 184
16 181
16 179
16 178
16 174
16 173
16 172
16 168
16 166
16 165
16 162
16 157
16 156
16 155
16 154
16 153
16 152
16 151
16 150
16 145
16 142
16 138
16 137
16 135
16 134
16 131
16 130
16 129
16 128
16 52
16 50
16 47
16 46
16 45
16 40
16 38
16 36
16 34
16 33
16 59
16 18
16 19
16 20
16 21
16 22
16 23
16 27
16 28
16 60
16 63
16 64
16 65
16 67
16 68
16 71
16 72
16 73
16 79
16 84
16 85
16 88
16 90
16 92
16 93
16 94
16 95
16 96
16 98
16 105
16 109
16 112
16 114
16 115
16 118
16 120
16 122
16 124
16 126
17 199
17 198
17 197
17 194
17 192
17 191
17 190
17 188
17 187
17 183
17 182
17 181
17 180
17 178
17 176
17 175
17 172
17 171
17 170
17 165
17 164
17 163
17 157
17 155
17 154
17 152
17 151
17 148
17 139
17 136
17 135
17 134
17 132
17 130
17 128
17 56
17 54
17 51
17 50
17 48
17 46
17 44
17 42
17 41
17 40
17 39
17 37
17 33
17 32
17 31
17 30
17 18
17 21
17 23
17 24
17 25
17 60
17 62
17 66
17 69
17 71
17 76
17 77
17 79
17 82
17 83
17 84
17 85
17 88
17 89
17 90
17 93
17 100
17 101
17 106
17 109
17 112
17 116
17 118
17 122
17 123
17 124
17 125
17 126
18 198
18 197
18 194
18 191
18 189
18 187
18 186
18 184
18 183
18 176
18 172
18 171
18 170
18 169
18 168
18 167
18 165
18 161
18 160
18 159
18 158
18 151
18 148
18 146
18 144
18 142
18 138
18 135
18 129
18 128
18 58
18 57
18 56
18 55
18 53
18 52
18 47
18 46
18 45
18 44
18 43
18 42
18 40
18 33
18 32
18 31
18 30
18 59
18 127
18 29
18 20
18 22
18 23
18 25
18 27
18 28
18 62
18 63
18 69
18 72
18 73
18 76
18 77
18 79
18 80
18 81
18 83
18 86
18 87
18 88
18 90
18 91
18 93
18 94
18 95
18 96
18 97
18 98
18 99
18 100
18 103
18 104
18 105
18 107
18 110
18 111
18 112
18 114
18 115
18 118
18 119
18 121
18 124
19 199
19 198
19 197
19 193
19 188
19 186
19 185
19 182
19 179
19 178
19 175
19 171
19 167
19 166
19 165
19 163
19 158
19 153
19 144
19 143
19 142
19 138
19 137
19 133
19 130
19 128
19 58
19 57
19 56
19 53
19 51
19 48
19 46
19 45
19 39
19 34
19 33
19 32
19 20
19 23
19 24
19 25
19 26
19 61
19 63
19 64
19 65
19 66
19 67
19 69
19 71
19 81
19 82
19 83
19 86
19 87
19 88
19 97
19 98
19 99
19 100
19 102
19 105
19 106
19 117
19 118
19 120
19 121
19 123
19 124
19 126
20 197
20 196
20 193
20 187
20 185
20 180
20 178
20 177
20 176
20 175
20 174
20 171
20 170
20 169
20 167
20 165
20 164
20 163
20 161
20 157
20 152
20 151
20 149
20 145
20 144
20 143
20 140
20 139
20 138
20 133
20 132
20 131
20 56
20 54
20 53
20 52
20 49
20 48
20 45
20 44
20 42
20 41
20 39
20 38
20 36
20 35
20 31
20 30
20 59
20 21
20 24
20 28
20 62
20 64
20 66
20 69
20 71
20 74
20 78
20 79
20 85
20 86
20 87
20 92
20 93
20 94
20 97
20 98
20 100
20 102
20 105
20 106
20 107
20 111
20 112
20 114
20 115
20 118
20 123
20 124
21 198
21 197
21 195
21 194
21 193
21 188
21 187
21 185
21 184
21 182
21 181
21 180
21 175
21 174
21 172
21 170
21 169
21 167
21 165
21 161
21 158
21 156
21 155
21 154
21 150
21 149
21 147
21 146
21 145
21 144
21 141
21 139
21 134
21 132
21 130
21 129
21 56
21 51
21 50
21 49
21 47
21 46
21 45
21 44
21 39
21 36
21 59
21 23
21 27
21 61
21 64
21 65
21 66
21 68
21 69
21 71
21 74
21 76
21 77
21 79
21 81
21 82
21 86
21 88
21 90
21 94
21 95
21 97
21 98
21 99
21 101
21 104
21 105
21 108
21 109
21 114
21 115
21 119
21 120
21 121
21 125
22 199
22 196
22 195
22 194
22 193
22 192
22 189
22 185
22 183
22 182
22 179
22 178
22 177
22 174
22 173
22 169
22 165
22 161
22 160
22 151
22 149
22 146
22 145
22 142
22 140
22 139
22 138
22 137
22 136
22 135
22 133
22 131
22 58
22 57
22 52
22 51
22 49
22 48
22 47
22 44
22 36
22 35
22 32
22 31
22 30
22 23
22 27
22 61
22 63
22 64
22 67
22 68
22 70
22 73
22 78
22 79
22 82
22 84
22 85
22 86
22 88
22 90
22 91
22 94
22 96
22 98
22 100
22 101
22 104
22 105
22 106
22 108
22 112
22 113
22 114
22 116
22 119
22 120
22 122
22 125
23 197
23 194
23 193
23 190
23 187
23 184
23 182
23 181
23 180
23 179
23 178
23 177
23 174
23 171
23 170
23 169
23 166
23 164
23 161
23 159
23 148
23 147
23 146
23 145
23 141
23 139
23 138
23 136
23 135
23 134
23 133
23 132
23 129
23 128
23 56
23 54
23 52
23 50
23 48
23 47
23 40
23 39
23 38
23 36
23 34
23 29
23 26
23 28
23 63
23 65
23 66
23 69
23 71
23 72
23 74
23 75
23 76
23 77
23 83
23 86
23 87
23 89
23 90
23 92
23 94
23 96
23 97
23 99
23 101
23 103
23 106
23 107
23 108
23 112
23 113
23 115
23 120
23 121
23 122
23 124
23 126
24 197
24 195
24 192
24 191
24 189
24 187
24 186
24 185
24 184
24 182
24 181
24 179
24 177
24 175
24 174
24 173
24 170
24 169
24 165
24 164
24 162
24 160
24 157
24 153
24 151
24 149
24 144
24 134
24 133
24 130
24 56
24 51
24 48
24 47
24 46
24 44
24 43
24 40
24 39
24 36
24 34
24 33
24 32
24 31
24 30
24 25
24 27
24 28
24 60
24 61
24 62
24 66
24 67
24 68
24 69
24 71
24 72
24 73
24 74
24 80
24 82
24 83
24 85
24 86
24 90
24 92
24 93
24 100
24 103
24 104
24 105
24 107
24 109
24 110
24 111
24 115
24 117
24 118
24 121
24 123
24 124
24 126
25 198
25 195
25 194
25 193
25 190
25 189
25 186
25 185
25 178
25 177
25 172
25 167
25 160
25 159
25 157
25 155
25 149
25 147
25 144
25 143
25 142
25 140
25 134
25 132
25 131
25 129
25 128
25 58
25 53
25 51
25 49
25 47
25 46
25 44
25 41
25 39
25 38
25 36
25 33
25 30
25 127
25 26
25 62
25 63
25 65
25 66
25 68
25 69
25 70
25 71
25 73
25 74
25 75
25 76
25 78
25 79
25 80
25 81
25 82
25 84
25 90
25 92
25 94
25 96
25 98
25 100
25 103
25 104
25 106
25 108
25 109
25 111
25 112
25 113
25 116
25 117
25 118
25 119
25 120
25 121
26 199
26 197
26 196
26 195
26 190
26 188
26 186
26 185
26 182
26 181
26 180
26 178
26 176
26 175
26 174
26 172
26 168
26 165
26 162
26 161
26 160
26 155
26 154
26 153
26 149
26 148
26 143
26 141
26 140
26 139
26 138
26 134
26 130
26 129
26 128
26 58
26 57
26 52
26 51
26 47
26 46
26 45
26 44
26 39
26 36
26 34
26 32
26 59
26 127
26 68
26 69
26 75
26 77
26 78
26 79
26 81
26 82
26 85
26 86
26 87
26 89
26 92
26 96
26 97
26 102
26 103
26 104
26 105
26 106
26 108
26 109
26 112
26 115
26 119
26 120
26 122
26 123
26 125
27 196
27 195
27 189
27 187
27 186
27 181
27 180
27 176
27 170
27 164
27 163
27 162
27 160
27 158
27 157
27 156
27 154
27 153
27 152
27 150
27 147
27 146
27 144
27 143
27 142
27 138
27 137
27 134
27 133
27 130
27 129
27 128
27 57
27 55
27 54
27 53
27 52
27 50
27 49
27 48
27 47
27 46
27 39
27 37
27 36
27 32
27 30
27 127
27 28
27 60
27 61
27 62
27 64
27 65
27 70
27 72
27 73
27 77
27 78
27 79
27 80
27 81
27 82
27 84
27 85
27 86
27 87
27 89
27 92
27 94
27 96
27 103
27 104
27 105
27 106
27 109
27 113
27 115
27 116
27 118
27 122
27 123
28 196
28 195
28 194
28 192
28 191
28 190
28 189
28 186
28 184
28 181
28 179
28 177
28 175
28 174
28 170
28 162
28 161
28 159
28 158
28 157
28 155
28 152
28 151
28 149
28 148
28 145
28 144
28 143
28 140
28 139
28 138
28 136
28 133
28 131
28 129
28 50
28 48
28 47
28 43
28 41
28 40
28 37
28 35
28 34
28 30
28 127
28 60
28 61
28 66
28 67
28 70
28 72
28 74
28 77
28 81
28 83
28 85
28 86
28 90
28 91
28 92
28 96
28 99
28 103
28 104
28 109
28 115
28 117
28 118
28 123
29 199
29 198
29 189
29 186
29 183
29 182
29 181
29 179
29 176
29 175
29 174
29 173
29 167
29 165
29 164
29 153
29 150
29 149
29 147
29 146
29 144
29 143
29 141
29 139
29 136
29 133
29 129
29 128
29 58
29 57
29 56
29 53
29 51
29 47
29 43
29 42
29 40
29 38
29 37
29 35
29 34
29 32
29 127
29 60
29 61
29 66
29 67
29 68
29 71
29 72
29 73
29 74
29 75
29 76
29 78
29 80
29 82
29 86
29 87
29 88
29 92
29 93
29 95
29 97
29 98
29 99
29 100
29 102
29 103
29 104
29 105
29 107
29 108
29 113
29 114
29 115
29 118
29 121
29 123
29 125
30 197
30 196
30 195
30 193
30 192
30 189
30 186
30 185
30 183
30 177
30 176
30 173
30 172
30 170
30 165
30 163
30 157
30 155
30 152
30 149
30 147
30 142
30 141
30 137
30 132
30 131
30 130
30 129
30 56
30 47
30 45
30 44
30 43
30 41
30 40
30 39
30 38
30 37
30 36
30 35
30 34
30 32
30 31
30 63
30 65
30 66
30 67
30 74
30 76
30 78
30 80
30 83
30 90
30 92
30 94
30 95
30 96
30 97
30 100
30 104
30 105
30 108
30 111
30 112
30 113
30 114
30 115
30 116
30 118
30 119
30 120
30 121
30 123
30 124
30 126
31 199
31 198
31 196
31 195
31 190
31 189
31 187
31 184
31 182
31 178
31 177
31 176
31 174
31 173
31 172
31 169
31 168
31 166
31 165
31 163
31 154
31 152
31 150
31 149
31 147
31 143
31 142
31 137
31 133
31 131
31 58
31 57
31 56
31 54
31 53
31 52
31 51
31 50
31 45
31 37
31 36
31 34
31 33
31 32
31 59
31 62
31 63
31 64
31 66
31 68
31 69
31 70
31 72
31 74
31 75
31 76
31 77
31 79
31 81
31 87
31 88
31 89
31 90
31 91
31 92
31 97
31 100
31 104
31 105
31 106
31 118
31 123
31 124
31 125
32 199
32 198
32 196
32 195
32 192
32 188
32 186
32 181
32 180
32 177
32 176
32 174
32 173
32 172
32 167
32 165
32 164
32 162
32 161
32 157
32 151
32 150
32 149
32 143
32 142
32 141
32 140
32 137
32 135
32 134
32 132
32 130
32 57
32 55
32 52
32 51
32 50
32 45
32 43
32 42
32 40
32 34
32 33
32 59
32 63
32 65
32 67
32 68
32 72
32 78
32 80
32 83
32 86
32 88
32 89
32 93
32 97
32 99
32 104
32 107
32 108
32 110
32 111
32 112
32 114
32 118
32 122
32 125
33 197
33 194
33 189
33 188
33 186
33 180
33 179
33 178
33 176
33 174
33 171
33 170
33 169
33 165
33 162
33 159
33 157
33 155
33 153
33 151
33 150
33 146
33 144
33 141
33 140
33 134
33 133
33 132
33 131
33 130
33 129
33 57
33 52
33 50
33 48
33 45
33 44
33 34
33 59
33 60
33 62
33 63
33 67
33 68
33 69
33 73
33 78
33 79
33 81
33 85
33 86
33 87
33 88
33 89
33 94
33 96
33 97
33 98
33 99
33 102
33 103
33 104
33 105
33 106
33 112
33 113
33 121
33 124
33 125
33 126
34 199
34 198
34 197
34 195
34 194
34 193
34 189
34 188
34 187
34 185
34 184
34 183
34 182
34 179
34 178
34 175
34 174
34 173
34 171
34 170
34 168
34 165
34 162
34 160
34 157
34 155
34 153
34 152
34 150
34 148
34 146
34 143
34 141
34 140
34 139
34 138
34 137
34 136
34 133
34 130
34 128
34 57
34 56
34 54
34 52
34 50
34 49
34 47
34 45
34 44
34 41
34 37
34 127
34 65
34 73
34 74
34 75
34 78
34 81
34 82
34 83
34 87
34 91
34 94
34 103
34 104
34 105
34 110
34 111
34 114
34 120
34 121
34 125
34 126
35 196
35 195
35 194
35 193
35 192
35 190
35 188
35 187
35 186
35 185
35 184
35 179
35 174
35 173
35 172
35 171
35 170
35 168
35 167
35 166
35 165
35 162
35 161
35 160
35 159
35 158
35 157
35 154
35 151
35 149
35 147
35 146
35 144
35 143
35 140
35 138
35 137
35 135
35 130
35 58
35 57
35 54
35 53
35 50
35 49
35 48
35 46
35 45
35 42
35 39
35 36
35 59
35 127
35 62
35 63
35 67
35 68
35 71
35 75
35 78
35 84
35 85
35 86
35 88
35 89
35 90
35 94
35 97
35 98
35 101
35 102
35 103
35 104
35 105
35 109
35 113
35 115
35 117
35 123
35 125
35 126
36 199
36 189
36 188
36 187
36 185
36 184
36 180
36 178
36 174
36 172
36 169
36 168
36 167
36 165
36 160
36 159
36 158
36 157
36 154
36 153
36 149
36 148
36 147
36 145
36 144
36 143
36 138
36 137
36 134
36 132
36 129
36 128
36 57
36 56
36 55
36 53
36 51
36 50
36 49
36 44
36 42
36 41
36 40
36 37
36 59
36 60
36 63
36 65
36 70
36 71
36 73
36 75
36 76
36 80
36 84
36 86
36 89
36 90
36 92
36 94
36 97
36 98
36 99
36 100
36 101
36 102
36 104
36 105
36 106
36 107
36 108
36 110
36 113
36 114
36 117
36 118
36 121
36 122
37 199
37 198
37 197
37 193
37 192
37 189
37 186
37 184
37 183
37 179
37 178
37 176
37 172
37 171
37 170
37 169
37 164
37 162
37 160
37 158
37 155
37 152
37 148
37 143
37 140
37 138
37 137
37 133
37 132
37 131
37 128
37 56
37 54
37 53
37 52
37 50
37 47
37 43
37 42
37 41
37 39
37 59
37 60
37 63
37 64
37 65
37 67
37 70
37 75
37 78
37 79
37 81
37 83
37 90
37 95
37 97
37 101
37 103
37 107
37 108
37 109
37 112
37 116
37 123
37 125
37 126
38 197
38 193
38 191
38 180
38 178
38 177
38 176
38 173
38 171
38 170
38 169
38 167
38 165
38 164
38 161
38 158
38 155
38 153
38 151
38 150
38 147
38 145
38 144
38 143
38 139
38 138
38 137
38 136
38 135
38 129
38 128
38 58
38 57
38 56
38 55
38 54
38 51
38 47
38 45
38 44
38 43
38 39
38 59
38 127
38 60
38 61
38 64
38 66
38 69
38 71
38 74
38 75
38 78
38 79
38 80
38 81
38 84
38 87
38 88
38 93
38 94
38 95
38 97
38 99
38 105
38 107
38 110
38 112
38 116
38 117
38 118
38 123
38 124
39 198
39 193
39 189
39 188
39 187
39 186
39 183
39 182
39 181
39 180
39 178
39 176
39 174
39 171
39 170
39 168
39 165
39 164
39 158
39 152
39 149
39 148
39 147
39 146
39 144
39 139
39 135
39 132
39 130
39 129
39 56
39 55
39 54
39 52
39 51
39 46
39 44
39 41
39 61
39 64
39 65
39 66
39 70
39 74
39 79
39 80
39 81
39 85
39 87
39 88
39 89
39 90
39 92
39 93
39 96
39 103
39 104
39 106
39 107
39 108
39 109
39 111
39 112
39 113
39 114
39 116
39 126
40 197
40 196
40 195
40 193
40 190
40 188
40 187
40 186
40 184
40 182
40 180
40 177
40 176
40 171
40 170
40 169
40 165
40 163
40 162
40 155
40 154
40 152
40 151
40 150
40 148
40 147
40 146
40 144
40 143
40 134
40 132
40 131
40 128
40 57
40 54
40 50
40 48
40 43
40 60
40 61
40 62
40 63
40 65
40 67
40 68
40 74
40 78
40 79
40 80
40 81
40 84
40 85
40 87
40 88
40 91
40 92
40 94
40 97
40 98
40 100
40 101
40 102
40 103
40 106
40 107
40 109
40 114
40 115
40 116
40 118
40 121
40 122
40 124
41 198
41 196
41 193
41 190
41 188
41 187
41 182
41 181
41 180
41 179
41 178
41 175
41 173
41 171
41 169
41 168
41 167
41 165
41 164
41 162
41 159
41 157
41 156
41 155
41 153
41 149
41 147
41 146
41 145
41 141
41 139
41 138
41 135
41 133
41 132
41 131
41 130
41 128
41 58
41 55
41 54
41 52
41 50
41 49
41 44
41 42
41 127
41 60
41 61
41 63
41 67
41 70
41 71
41 72
41 73
41 77
41 83
41 84
41 88
41 89
41 90
41 91
41 92
41 93
41 94
41 95
41 96
41 98
41 99
41 100
41 103
41 104
41 106
41 111
41 114
41 116
41 118
41 119
41 121
41 122
41 123
41 124
41 125
41 126
42 196
42 195
42 194
42 192
42 191
42 190
42 188
42 186
42 182
42 177
42 172
42 170
42 165
42 164
42 163
42 162
42 161
42 160
42 155
42 151
42 149
42 148
42 146
42 142
42 141
42 140
42 136
42 135
42 134
42 131
42 130
42 128
42 56
42 54
42 50
42 49
42 45
42 59
42 60
42 61
42 63
42 64
42 65
42 67
42 68
42 71
42 72
42 73
42 75
42 76
42 79
42 88
42 90
42 91
42 92
42 94
42 96
42 101
42 102
42 103
42 104
42 105
42 107
42 111
42 112
42 114
42 116
42 121
42 124
42 125
43 197
43 193
43 190
43 189
43 188
43 187
43 184
43 182
43 179
43 175
43 174
43 171
43 170
43 168
43 167
43 166
43 165
43 163
43 160
43 158
43 153
43 152
43 151
43 150
43 149
43 147
43 139
43 135
43 129
43 128
43 57
43 55
43 48
43 46
43 59
43 60
43 61
43 62
43 64
43 65
43 67
43 68
43 69
43 74
43 75
43 78
43 79
43 80
43 81
43 82
43 83
43 84
43 85
43 88
43 89
43 92
43 94
43 96
43 100
43 101
43 104
43 107
43 109
43 110
43 115
43 116
43 122
43 123
43 124
43 125
44 199
44 196
44 192
44 191
44 190
44 188
44 187
44 185
44 184
44 183
44 177
44 171
44 165
44 163
44 162
44 161
44 158
44 157
44 155
44 151
44 150
44 149
44 148
44 146
44 141
44 140
44 139
44 138
44 137
44 135
44 134
44 128
44 58
44 57
44 56
44 54
44 50
44 49
44 48
44 46
44 45
44 59
44 127
44 60
44 66
44 73
44 74
44 76
44 78
44 81
44 82
44 83
44 85
44 87
44 88
44 89
44 92
44 95
44 100
44 101
44 102
44 103
44 104
44 107
44 108
44 112
44 113
44 114
44 117
44 119
44 120
44 121
44 122
44 124
44 126
45 198
45 197
45 196
45 193
45 192
45 191
45 188
45 185
45 182
45 180
45 179
45 178
45 177
45 174
45 173
45 171
45 170
45 164
45 163
45 162
45 161
45 154
45 153
45 152
45 151
45 149
45 144
45 143
45 142
45 137
45 136
45 130
45 128
45 57
45 54
45 52
45 50
45 48
45 46
45 60
45 63
45 67
45 69
45 71
45 73
45 74
45 87
45 89
45 92
45 93
45 96
45 97
45 98
45 99
45 102
45 103
45 104
45 106
45 109
45 110
45 111
45 112
45 113
45 114
45 115
45 118
45 119
45 120
45 121
45 122
45 125
46 198
46 197
46 196
46 192
46 191
46 190
46 187
46 185
46 181
46 180
46 179
46 177
46 176
46 175
46 173
46 167
46 165
46 164
46 163
46 162
46 158
46 155
46 153
46 151
46 149
46 148
46 147
46 146
46 141
46 136
46 134
46 58
46 54
46 52
46 51
46 47
46 60
46 61
46 62
46 64
46 66
46 67
46 70
46 72
46 74
46 75
46 79
46 80
46 81
46 82
46 84
46 86
46 87
46 90
46 91
46 93
46 94
46 98
46 104
46 105
46 106
46 107
46 109
46 110
46 117
46 118
46 119
46 120
46 123
46 124
46 125
46 126
47 198
47 197
47 194
47 190
47 189
47 188
47 187
47 185
47 177
47 174
47 173
47 170
47 168
47 167
47 166
47 158
47 157
47 154
47 151
47 150
47 149
47 147
47 142
47 140
47 137
47 136
47 135
47 134
47 132
47 128
47 58
47 55
47 49
47 59
47 127
47 61
47 62
47 63
47 64
47 67
47 68
47 71
47 73
47 74
47 75
47 77
47 80
47 81
47 83
47 84
47 89
47 90
47 93
47 94
47 96
47 97
47 102
47 103
47 104
47 108
47 112
47 114
47 115
47 116
47 117
47 118
47 119
47 121
47 126
48 199
48 198
48 197
48 196
48 194
48 193
48 192
48 191
48 189
48 188
48 187
48 184
48 182
48 180
48 178
48 177
48 175
48 173
48 171
48 168
48 167
48 166
48 164
48 162
48 161
48 159
48 155
48 153
48 152
48 151
48 149
48 147
48 146
48 144
48 143
48 137
48 135
48 132
48 129
48 128
48 55
48 51
48 49
48 62
48 63
48 64
48 66
48 68
48 70
48 73
48 76
48 77
48 80
48 83
48 85
48 88
48 89
48 93
48 97
48 99
48 102
48 103
48 105
48 107
48 110
48 113
48 114
48 115
48 116
48 118
48 119
48 120
48 122
48 123
48 125
49 199
49 198
49 194
49 193
49 188
49 187
49 186
49 185
49 184
49 182
49 179
49 177
49 176
49 175
49 172
49 166
49 165
49 164
49 162
49 160
49 158
49 154
49 152
49 150
49 149
49 146
49 145
49 143
49 142
49 140
49 138
49 136
49 135
49 132
49 131
49 129
49 57
49 56
49 53
49 127
49 61
49 69
49 71
49 73
49 75
49 76
49 78
49 79
49 80
49 82
49 83
49 86
49 91
49 93
49 94
49 95
49 97
49 103
49 105
49 109
49 110
49 112
49 115
49 116
49 118
49 123
49 124
50 199
50 198
50 195
50 193
50 192
50 191
50 187
50 185
50 181
50 180
50 177
50 176
50 174
50 172
50 162
50 161
50 160
50 158
50 157
50 156
50 154
50 152
50 150
50 148
50 145
50 142
50 140
50 137
50 136
50 135
50 129
50 57
50 52
50 51
50 59
50 61
50 65
50 66
50 67
50 68
50 69
50 70
50 71
50 78
50 82
50 85
50 88
50 93
50 95
50 96
50 98
50 102
50 104
50 105
50 106
50 107
50 108
50 113
50 118
50 119
50 124
50 125
50 126
51 199
51 198
51 197
51 196
51 195
51 194
51 193
51 189
51 188
51 180
51 177
51 175
51 173
51 171
51 170
51 168
51 166
51 164
51 161
51 159
51 157
51 156
51 154
51 153
51 152
51 148
51 146
51 144
51 143
51 141
51 138
51 135
51 129
51 128
51 58
51 57
51 56
51 52
51 127
51 60
51 61
51 62
51 64
51 65
51 66
51 68
51 69
51 72
51 74
51 75
51 76
51 80
51 90
51 92
51 96
51 97
51 101
51 102
51 103
51 104
51 110
51 113
51 115
51 116
51 117
51 118
51 122
51 124
51 125
51 126
52 198
52 196
52 195
52 194
52 189
52 188
52 184
52 181
52 178
52 177
52 175
52 174
52 173
52 172
52 171
52 167
52 165
52 162
52 161
52 160
52 159
52 157
52 155
52 154
52 150
52 149
52 147
52 146
52 144
52 141
52 139
52 134
52 133
52 132
52 128
52 58
52 54
52 53
52 60
52 61
52 63
52 67
52 68
52 69
52 72
52 74
52 75
52 78
52 80
52 83
52 85
52 88
52 91
52 93
52 100
52 101
52 102
52 106
52 108
52 109
52 110
52 117
52 118
52 120
52 121
52 123
52 125
52 126
53 198
53 196
53 195
53 193
53 192
53 191
53 187
53 179
53 177
53 175
53 173
53 172
53 163
53 162
53 160
53 156
53 155
53 154
53 152
53 151
53 149
53 146
53 145
53 144
53 143
53 139
53 130
53 129
53 128
53 56
53 60
53 61
53 62
53 63
53 65
53 67
53 68
53 69
53 70
53 71
53 73
53 74
53 75
53 77
53 78
53 80
53 88
53 89
53 90
53 92
53 93
53 94
53 96
53 97
53 98
53 100
53 102
53 104
53 106
53 110
53 116
53 117
53 119
53 120
53 125
54 195
54 193
54 191
54 190
54 182
54 180
54 178
54 177
54 176
54 174
54 173
54 172
54 171
54 168
54 167
54 166
54 159
54 157
54 156
54 155
54 150
54 149
54 145
54 144
54 143
54 140
54 139
54 136
54 134
54 58
54 59
54 127
54 60
54 63
54 65
54 68
54 72
54 74
54 75
54 76
54 77
54 79
54 80
54 81
54 85
54 89
54 92
54 95
54 96
54 97
54 98
54 99
54 100
54 102
54 108
54 110
54 112
54 118
54 119
54 120
54 121
54 124
54 126
55 199
55 194
55 192
55 191
55 189
55 188
55 184
55 179
55 177
55 175
55 174
55 173
55 170
55 168
55 165
55 163
55 162
55 158
55 156
55 154
55 153
55 152
55 151
55 149
55 148
55 147
55 146
55 143
55 138
55 135
55 132
55 131
55 129
55 128
55 58
55 56
55 59
55 61
55 64
55 65
55 67
55 68
55 69
55 70
55 71
55 72
55 73
55 76
55 77
55 78
55 80
55 81
55 84
55 87
55 88
55 93
55 95
55 100
55 101
55 105
55 106
55 107
55 113
55 114
55 115
55 116
55 117
55 119
55 120
55 122
55 123
55 126
56 199
56 197
56 196
56 195
56 194
56 191
56 190
56 189
56 187
56 186
56 183
56 182
56 179
56 176
56 173
56 172
56 170
56 169
56 168
56 163
56 161
56 160
56 159
56 158
56 157
56 156
56 155
56 154
56 153
56 147
56 143
56 140
56 138
56 136
56 135
56 134
56 132
56 131
56 129
56 128
56 58
56 57
56 59
56 60
56 64
56 69
56 70
56 76
56 77
56 78
56 79
56 83
56 84
56 85
56 89
56 90
56 91
56 92
56 94
56 99
56 103
56 104
56 106
56 107
56 108
56 110
56 113
56 117
56 119
56 120
56 121
56 123
57 199
57 197
57 195
57 194
57 189
57 186
57 185
57 182
57 178
57 176
57 174
57 173
57 169
57 168
57 165
57 163
57 162
57 156
57 155
57 154
57 151
57 150
57 148
57 145
57 143
57 141
57 136
57 134
57 130
57 129
57 58
57 60
57 61
57 68
57 71
57 73
57 77
57 78
57 79
57 82
57 84
57 86
57 87
57 88
57 90
57 91
57 94
57 97
57 99
57 100
57 101
57 106
57 111
57 123
57 124
57 125
58 199
58 198
58 189
58 186
58 185
58 184
58 182
58 181
58 172
58 171
58 169
58 168
58 164
58 161
58 160
58 159
58 156
58 154
58 153
58 152
58 150
58 141
58 140
58 139
58 138
58 137
58 135
58 128
58 127
58 60
58 65
58 66
58 69
58 71
58 72
58 74
58 75
58 76
58 80
58 82
58 87
58 89
58 90
58 91
58 94
58 96
58 101
58 105
58 108
58 110
58 114
58 117
58 118
58 119
58 122
58 125
58 126
59 199
59 195
59 194
59 193
59 192
59 189
59 187
59 185
59 173
59 172
59 170
59 168
59 166
59 165
59 150
59 148
59 147
59 143
59 142
59 139
59 136
59 128
59 61
59 62
59 64
59 66
59 68
59 71
59 72
59 73
59 74
59 76
59 77
59 78
59 82
59 83
59 85
59 86
59 87
59 89
59 90
59 91
59 93
59 99
59 100
59 104
59 106
59 107
59 109
59 110
59 114
59 126
60 199
60 197
60 196
60 195
60 190
60 189
60 188
60 185
60 184
60 183
60 181
60 180
60 179
60 178
60 177
60 174
60 173
60 172
60 170
60 166
60 165
60 164
60 163
60 160
60 159
60 154
60 152
60 147
60 146
60 144
60 143
60 142
60 135
60 134
60 133
60 131
60 129
60 61
60 65
60 66
60 67
60 69
60 70
60 71
60 72
60 73
60 76
60 77
60 78
60 79
60 80
60 83
60 88
60 92
60 94
60 95
60 96
60 97
60 99
60 102
60 104
60 106
60 108
60 110
60 111
60 112
60 113
60 114
60 118
60 119
60 120
61 198
61 194
61 193
61 192
61 188
61 183
61 182
61 180
61 171
61 170
61 168
61 166
61 164
61 162
61 156
61 150
61 148
61 144
61 143
61 141
61 140
61 136
61 131
61 71
61 72
61 78
61 81
61 83
61 86
61 91
61 92
61 94
61 96
61 98
61 99
61 100
61 101
61 102
61 104
61 105
61 107
61 118
61 119
61 121
61 122
62 198
62 197
62 196
62 194
62 192
62 190
62 186
62 184
62 183
62 181
62 180
62 179
62 176
62 174
62 171
62 167
62 166
62 164
62 163
62 162
62 161
62 157
62 156
62 153
62 152
62 151
62 149
62 147
62 146
62 143
62 140
62 137
62 135
62 133
62 131
62 130
62 129
62 128
62 127
62 63
62 65
62 75
62 77
62 78
62 80
62 81
62 84
62 86
62 87
62 88
62 89
62 92
62 93
62 94
62 96
62 98
62 99
62 102
62 103
62 104
62 107
62 109
62 111
62 112
62 114
62 116
62 117
62 118
62 120
62 121
62 126
63 199
63 197
63 196
63 195
63 193
63 191
63 190
63 189
63 184
63 182
63 181
63 176
63 174
63 173
63 170
63 167
63 165
63 162
63 161
63 160
63 159
63 150
63 149
63 148
63 147
63 145
63 142
63 141
63 140
63 139
63 136
63 135
63 133
63 128
63 68
63 70
63 74
63 76
63 79
63 83
63 84
63 90
63 93
63 95
63 98
63 102
63 103
63 106
63 111
63 112
63 113
63 119
63 121
63 123
63 125
63 126
64 192
64 191
64 190
64 189
64 186
64 183
64 178
64 176
64 175
64 174
64 173
64 172
64 171
64 168
64 167
64 166
64 164
64 163
64 162
64 161
64 160
64 159
64 158
64 157
64 156
64 155
64 154
64 151
64 149
64 148
64 146
64 145
64 144
64 141
64 139
64 136
64 135
64 134
64 133
64 127
64 68
64 71
64 74
64 77
64 79
64 82
64 85
64 86
64 90
64 95
64 97
64 102
64 104
64 106
64 108
64 110
64 111
64 115
64 118
64 121
64 123
64 124
64 125
64 126
65 199
65 197
65 195
65 185
65 181
65 179
65 178
65 176
65 175
65 174
65 173
65 166
65 162
65 159
65 158
65 156
65 152
65 151
65 150
65 146
65 145
65 144
65 143
65 142
65 137
65 136
65 135
65 134
65 133
65 132
65 129
65 128
65 67
65 70
65 72
65 77
65 78
65 79
65 80
65 86
65 87
65 89
65 91
65 92
65 93
65 94
65 95
65 96
65 97
65 98
65 99
65 102
65 105
65 112
65 116
65 120
65 121
65 122
66 199
66 198
66 197
66 195
66 194
66 192
66 190
66 184
66 182
66 173
66 172
66 170
66 167
66 166
66 162
66 161
66 160
66 155
66 154
66 151
66 149
66 142
66 141
66 140
66 139
66 138
66 136
66 135
66 134
66 132
66 131
66 129
66 127
66 68
66 69
66 70
66 71
66 72
66 73
66 74
66 75
66 77
66 78
66 80
66 82
66 85
66 91
66 92
66 93
66 95
66 97
66 99
66 100
66 102
66 103
66 104
66 106
66 110
66 112
66 113
66 114
66 115
66 116
66 117
66 118
66 119
66 120
66 125
66 126
67 198
67 196
67 195
67 192
67 191
67 190
67 184
67 182
67 181
67 180
67 177
67 175
67 172
67 167
67 162
67 159
67 151
67 150
67 148
67 147
67 146
67 145
67 142
67 141
67 139
67 138
67 136
67 134
67 133
67 132
67 131
67 130
67 68
67 73
67 77
67 84
67 85
67 87
67 90
67 92
67 93
67 94
67 95
67 98
67 99
67 102
67 104
67 105
67 106
67 108
67 114
67 115
67 116
67 119
67 120
67 121
67 126
68 199
68 197
68 196
68 193
68 192
68 189
68 187
68 183
68 178
68 174
68 171
68 169
68 162
68 161
68 160
68 159
68 155
68 154
68 151
68 150
68 149
68 148
68 142
68 140
68 139
68 138
68 136
68 135
68 134
68 133
68 132
68 131
68 130
68 129
68 70
68 72
68 73
68 76
68 77
68 78
68 82
68 84
68 86
68 87
68 89
68 93
68 94
68 100
68 102
68 104
68 106
68 108
68 109
68 110
68 112
68 115
68 117
68 118
68 121
68 123
68 125
68 126
69 198
69 197
69 196
69 194
69 193
69 190
69 188
69 185
69 183
69 180
69 178
69 172
69 171
69 170
69 169
69 168
69 165
69 164
69 163
69 160
69 159
69 158
69 153
69 152
69 149
69 148
69 143
69 138
69 137
69 135
69 134
69 132
69 129
69 127
69 77
69 78
69 79
69 81
69 82
69 84
69 86
69 87
69 90
69 96
69 97
69 98
69 99
69 101
69 106
69 108
69 109
69 110
69 111
69 113
69 114
69 116
69 118
69 119
69 121
69 123
69 124
69 126
70 199
70 196
70 195
70 192
70 191
70 190
70 189
70 186
70 185
70 184
70 182
70 181
70 180
70 174
70 171
70 169
70 168
70 165
70 163
70 162
70 157
70 155
70 151
70 148
70 145
70 144
70 140
70 139
70 138
70 135
70 134
70 131
70 130
70 129
70 128
70 75
70 76
70 77
70 85
70 86
70 87
70 92
70 94
70 95
70 97
70 98
70 103
70 104
70 107
70 108
70 109
70 110
70 113
70 114
70 116
70 118
70 119
70 121
70 123
70 126
71 199
71 197
71 196
71 192
71 188
71 187
71 182
71 181
71 178
71 176
71 175
71 174
71 173
71 172
71 169
71 168
71 165
71 163
71 158
71 156
71 153
71 151
71 147
71 146
71 145
71 143
71 141
71 139
71 137
71 136
71 134
71 132
71 131
71 130
71 127
71 72
71 73
71 74
71 75
71 77
71 82
71 83
71 84
71 87
71 91
71 95
71 96
71 99
71 101
71 103
71 106
71 110
71 111
71 112
71 114
71 118
71 121
71 126
72 199
72 198
72 197
72 196
72 191
72 188
72 187
72 180
72 175
72 174
72 172
72 171
72 170
72 169
72 168
72 167
72 163
72 162
72 159
72 157
72 156
72 154
72 153
72 151
72 147
72 142
72 141
72 140
72 136
72 135
72 131
72 129
72 128
72 127
72 73
72 74
72 75
72 76
72 80
72 81
72 82
72 83
72 84
72 86
72 87
72 88
72 89
72 91
72 92
72 93
72 97
72 98
72 104
72 106
72 107
72 108
72 109
72 110
72 112
72 113
72 115
72 117
72 118
72 124
72 125
72 126
73 199
73 198
73 194
73 193
73 187
73 186
73 183
73 181
73 180
73 178
73 177
73 176
73 174
73 172
73 168
73 167
73 166
73 165
73 162
73 158
73 154
73 152
73 148
73 143
73 142
73 141
73 140
73 139
73 137
73 136
73 134
73 133
73 132
73 75
73 76
73 77
73 78
73 80
73 84
73 85
73 89
73 90
73 95
73 96
73 97
73 99
73 101
73 102
73 103
73 110
73 113
73 116
73 117
73 119
73 121
73 123
73 124
73 125
73 126
74 199
74 193
74 192
74 189
74 184
74 181
74 180
74 176
74 170
74 168
74 166
74 164
74 163
74 155
74 154
74 152
74 150
74 146
74 145
74 143
74 142
74 139
74 138
74 132
74 129
74 128
74 75
74 77
74 78
74 79
74 81
74 87
74 89
74 90
74 92
74 94
74 96
74 101
74 103
74 104
74 106
74 109
74 110
74 111
74 112
74 114
74 116
74 118
74 119
74 125
75 196
75 194
75 193
75 192
75 190
75 188
75 185
75 183
75 181
75 180
75 177
75 176
75 175
75 174
75 170
75 168
75 156
75 154
75 147
75 144
75 143
75 142
75 141
75 140
75 137
75 133
75 132
75 129
75 128
75 127
75 77
75 78
75 79
75 80
75 81
75 83
75 84
75 85
75 86
75 93
75 95
75 104
75 106
75 107
75 108
75 109
75 110
75 111
75 112
75 116
75 117
75 119
75 122
75 124
75 126
76 196
76 194
76 193
76 191
76 188
76 183
76 181
76 179
76 174
76 173
76 172
76 171
76 169
76 168
76 165
76 164
76 163
76 161
76 157
76 154
76 148
76 147
76 143
76 142
76 139
76 137
76 135
76 134
76 132
76 128
76 127
76 82
76 83
76 84
76 86
76 87
76 91
76 96
76 97
76 100
76 104
76 105
76 109
76 112
76 113
76 117
76 119
76 121
76 123
76 124
77 199
77 198
77 196
77 195
77 193
77 192
77 191
77 190
77 189
77 188
77 187
77 185
77 183
77 182
77 180
77 178
77 177
77 176
77 174
77 168
77 165
77 164
77 163
77 162
77 157
77 155
77 153
77 150
77 149
77 147
77 142
77 138
77 136
77 133
77 132
77 131
77 129
77 127
77 81
77 82
77 84
77 88
77 91
77 95
77 104
77 105
77 106
77 107
77 111
77 112
77 114
77 117
77 118
77 119
77 120
77 121
77 122
77 125
77 126
78 193
78 190
78 189
78 185
78 184
78 181
78 179
78 176
78 175
78 168
78 167
78 166
78 165
78 162
78 161
78 159
78 157
78 156
78 152
78 151
78 149
78 147
78 145
78 142
78 141
78 139
78 138
78 131
78 127
78 80
78 81
78 82
78 84
78 85
78 86
78 87
78 92
78 95
78 96
78 97
78 98
78 100
78 102
78 106
78 107
78 109
78 114
78 115
78 118
78 119
78 122
78 124
78 125
78 126
79 199
79 197
79 195
79 191
79 189
79 184
79 180
79 179
79 177
79 174
79 168
79 164
79 163
79 161
79 160
79 158
79 157
79 156
79 152
79 148
79 147
79 146
79 145
79 144
79 143
79 140
79 136
79 135
79 133
79 131
79 130
79 82
79 84
79 87
79 90
79 92
79 94
79 95
79 96
79 97
79 100
79 104
79 105
79 107
79 108
79 110
79 111
79 113
79 116
79 117
79 120
79 121
79 124
80 195
80 194
80 189
80 187
80 186
80 185
80 177
80 174
80 173
80 170
80 168
80 165
80 164
80 163
80 158
80 157
80 156
80 155
80 154
80 153
80 152
80 149
80 144
80 143
80 141
80 140
80 139
80 138
80 137
80 135
80 133
80 132
80 131
80 81
80 82
80 83
80 85
80 86
80 92
80 94
80 96
80 97
80 99
80 102
80 105
80 107
80 108
80 112
80 114
80 116
80 121
80 124
81 194
81 192
81 190
81 189
81 188
81 187
81 185
81 184
81 183
81 180
81 178
81 175
81 174
81 166
81 165
81 164
81 163
81 162
81 161
81 160
81 159
81 158
81 156
81 155
81 154
81 150
81 149
81 148
81 143
81 139
81 137
81 133
81 129
81 128
81 83
81 86
81 87
81 88
81 94
81 95
81 97
81 98
81 100
81 102
81 103
81 105
81 106
81 108
81 109
81 110
81 111
81 112
81 116
81 118
81 120
81 121
81 123
81 124
82 199
82 196
82 194
82 193
82 192
82 191
82 187
82 179
82 177
82 174
82 169
82 168
82 160
82 159
82 158
82 156
82 153
82 152
82 151
82 149
82 148
82 144
82 141
82 140
82 134
82 131
82 129
82 128
82 83
82 84
82 85
82 87
82 89
82 96
82 97
82 98
82 99
82 100
82 101
82 102
82 104
82 105
82 118
82 119
82 120
82 126
83 198
83 192
83 189
83 187
83 185
83 184
83 183
83 181
83 180
83 179
83 176
83 174
83 171
83 170
83 168
83 167
83 165
83 164
83 163
83 161
83 160
83 157
83 156
83 154
83 153
83 152
83 148
83 146
83 144
83 140
83 139
83 133
83 132
83 86
83 90
83 93
83 95
83 97
83 101
83 103
83 104
83 105
83 109
83 110
83 111
83 113
83 114
83 115
83 116
83 122
83 124
83 125
84 199
84 198
84 195
84 193
84 191
84 190
84 186
84 184
84 180
84 179
84 178
84 174
84 173
84 170
84 168
84 164
84 162
84 155
84 152
84 150
84 149
84 148
84 147
84 145
84 142
84 141
84 140
84 138
84 135
84 134
84 132
84 129
84 128
84 127
84 86
84 88
84 89
84 91
84 93
84 97
84 98
84 99
84 102
84 103
84 110
84 111
84 112
84 113
84 115
84 118
84 119
84 122
84 124
84 126
85 198
85 197
85 196
85 195
85 194
85 190
85 188
85 186
85 184
85 182
85 181
85 180
85 179
85 177
85 176
85 170
85 169
85 168
85 167
85 166
85 163
85 162
85 160
85 159
85 158
85 156
85 153
85 150
85 149
85 148
85 143
85 141
85 138
85 133
85 131
85 130
85 86
85 88
85 92
85 97
85 99
85 103
85 105
85 106
85 108
85 110
85 116
85 120
85 122
85 123
85 125
85 126
86 199
86 197
86 196
86 195
86 192
86 191
86 188
86 187
86 186
86 185
86 179
86 178
86 177
86 170
86 169
86 168
86 164
86 160
86 159
86 158
86 157
86 155
86 151
86 150
86 149
86 148
86 146
86 144
86 143
86 142
86 141
86 139
86 138
86 137
86 135
86 134
86 133
86 130
86 128
86 91
86 92
86 93
86 96
86 99
86 100
86 101
86 102
86 104
86 106
86 107
86 111
86 112
86 113
86 115
86 116
86 118
86 121
86 123
86 124
87 199
87 193
87 188
87 187
87 186
87 184
87 182
87 181
87 180
87 179
87 178
87 174
87 171
87 170
87 168
87 167
87 166
87 165
87 163
87 160
87 159
87 150
87 148
87 147
87 146
87 144
87 141
87 135
87 134
87 128
87 127
87 90
87 92
87 93
87 96
87 98
87 99
87 102
87 103
87 104
87 105
87 109
87 110
87 111
87 114
87 121
87 122
87 123
87 124
87 126
88 199
88 198
88 196
88 193
88 192
88 189
88 186
88 185
88 183
88 181
88 179
88 176
88 173
88 166
88 164
88 160
88 156
88 155
88 152
88 144
88 141
88 138
88 137
88 135
88 133
88 131
88 127
88 89
88 95
88 97
88 99
88 105
88 106
88 108
88 110
88 112
88 116
88 117
88 118
88 119
88 125
89 197
89 196
89 194
89 193
89 192
89 190
89 189
89 188
89 186
89 185
89 184
89 183
89 182
89 180
89 173
89 172
89 171
89 169
89 168
89 167
89 165
89 164
89 162
89 154
89 152
89 150
89 149
89 148
89 147
89 146
89 145
89 143
89 142
89 141
89 138
89 136
89 133
89 132
89 129
89 128
89 91
89 92
89 93
89 97
89 98
89 100
89 101
89 103
89 106
89 109
89 110
89 111
89 112
89 113
89 114
89 116
89 117
89 119
89 120
89 124
90 198
90 197
90 196
90 194
90 191
90 190
90 188
90 185
90 184
90 183
90 178
90 174
90 172
90 170
90 168
90 166
90 164
90 163
90 160
90 155
90 153
90 151
90 149
90 148
90 143
90 141
90 140
90 138
90 137
90 136
90 134
90 130
90 128
90 127
90 95
90 97
90 100
90 101
90 102
90 103
90 104
90 106
90 107
90 108
90 109
90 110
90 112
90 113
90 115
90 122
90 123
90 124
90 125
90 126
91 199
91 195
91 194
91 193
91 192
91 191
91 189
91 186
91 184
91 181
91 177
91 176
91 175
91 169
91 168
91 167
91 165
91 164
91 159
91 158
91 156
91 152
91 151
91 146
91 140
91 131
91 129
91 92
91 97
91 98
91 100
91 102
91 103
91 107
91 109
91 110
91 113
91 114
91 116
91 118
91 120
91 122
91 123
91 124
92 199
92 197
92 196
92 195
92 193
92 192
92 191
92 190
92 189
92 188
92 187
92 185
92 184
92 183
92 182
92 180
92 174
92 172
92 171
92 169
92 167
92 166
92 162
92 159
92 156
92 154
92 153
92 150
92 149
92 147
92 146
92 142
92 140
92 139
92 136
92 135
92 133
92 128
92 127
92 96
92 98
92 99
92 100
92 104
92 105
92 106
92 108
92 109
92 110
92 112
92 118
92 119
92 121
92 124
92 125
93 195
93 193
93 187
93 184
93 183
93 182
93 180
93 179
93 178
93 177
93 174
93 173
93 167
93 166
93 163
93 159
93 155
93 153
93 152
93 151
93 150
93 145
93 144
93 141
93 140
93 137
93 136
93 134
93 132
93 131
93 127
93 96
93 101
93 104
93 105
93 106
93 107
93 108
93 109
93 110
93 112
93 116
93 118
93 119
93 120
93 126
94 199
94 198
94 197
94 196
94 195
94 193
94 191
94 190
94 187
94 186
94 185
94 183
94 178
94 175
94 174
94 173
94 172
94 171
94 170
94 169
94 168
94 166
94 164
94 160
94 157
94 156
94 155
94 152
94 149
94 147
94 142
94 141
94 136
94 134
94 133
94 131
94 95
94 96
94 97
94 100
94 101
94 103
94 106
94 107
94 109
94 112
94 119
94 122
94 123
94 124
94 125
95 195
95 194
95 192
95 191
95 186
95 185
95 183
95 182
95 180
95 175
95 173
95 172
95 170
95 166
95 162
95 161
95 159
95 156
95 154
95 153
95 152
95 151
95 150
95 147
95 146
95 145
95 143
95 142
95 141
95 138
95 133
95 132
95 127
95 98
95 99
95 100
95 102
95 103
95 104
95 106
95 109
95 111
95 113
95 115
95 118
95 122
95 126
96 196
96 192
96 191
96 190
96 189
96 185
96 179
96 175
96 171
96 166
96 158
96 156
96 155
96 153
96 149
96 148
96 147
96 145
96 140
96 137
96 134
96 132
96 131
96 129
96 127
96 97
96 101
96 102
96 105
96 108
96 109
96 113
96 114
96 116
96 118
96 119
96 121
97 197
97 196
97 194
97 193
97 192
97 191
97 188
97 187
97 185
97 184
97 182
97 181
97 179
97 178
97 177
97 176
97 175
97 172
97 171
97 170
97 169
97 166
97 164
97 161
97 160
97 159
97 158
97 156
97 155
97 151
97 150
97 149
97 145
97 144
97 142
97 139
97 132
97 130
97 128
97 127
97 98
97 99
97 102
97 104
97 105
97 108
97 114
97 115
97 117
97 118
97 121
97 122
97 123
97 124
97 126
98 199
98 195
98 193
98 190
98 189
98 184
98 181
98 180
98 175
98 173
98 172
98 170
98 168
98 167
98 165
98 164
98 161
98 159
98 158
98 155
98 153
98 152
98 149
98 147
98 146
98 144
98 142
98 140
98 138
98 134
98 133
98 130
98 128
98 127
98 99
98 101
98 102
98 103
98 104
98 109
98 111
98 115
98 117
98 126
99 199
99 195
99 193
99 188
99 180
99 175
99 172
99 169
99 168
99 167
99 164
99 160
99 157
99 156
99 152
99 151
99 150
99 148
99 147
99 144
99 140
99 139
99 138
99 132
99 130
99 105
99 106
99 114
99 115
99 116
99 117
99 118
99 119
99 123
99 124
100 199
100 195
100 194
100 187
100 186
100 185
100 184
100 183
100 181
100 177
100 176
100 175
100 174
100 173
100 172
100 171
100 169
100 168
100 164
100 162
100 161
100 160
100 159
100 158
100 156
100 155
100 154
100 153
100 152
100 151
100 150
100 149
100 148
100 146
100 144
100 143
100 142
100 140
100 134
100 132
100 130
100 129
100 127
100 105
100 106
100 107
100 108
100 110
100 111
100 112
100 115
100 116
100 117
100 120
100 121
100 124
101 199
101 194
101 190
101 188
101 187
101 186
101 185
101 182
101 180
101 177
101 174
101 173
101 171
101 168
101 167
101 165
101 160
101 158
101 156
101 153
101 152
101 151
101 147
101 146
101 144
101 141
101 138
101 137
101 136
101 135
101 132
101 128
101 103
101 104
101 106
101 108
101 109
101 110
101 111
101 112
101 113
101 115
101 116
101 117
101 118
101 119
101 122
101 125
102 198
102 197
102 196
102 195
102 192
102 187
102 186
102 185
102 184
102 182
102 179
102 178
102 177
102 176
102 175
102 174
102 173
102 172
102 170
102 168
102 167
102 166
102 164
102 163
102 161
102 157
102 149
102 147
102 146
102 143
102 141
102 138
102 135
102 132
102 131
102 129
102 128
102 127
102 105
102 106
102 109
102 110
102 113
102 114
102 115
102 117
102 123
102 124
102 125
103 198
103 189
103 188
103 187
103 185
103 183
103 182
103 180
103 179
103 178
103 177
103 175
103 174
103 173
103 170
103 165
103 163
103 162
103 161
103 156
103 153
103 152
103 150
103 149
103 146
103 143
103 142
103 141
103 140
103 138
103 137
103 132
103 130
103 129
103 127
103 104
103 106
103 107
103 110
103 111
103 112
103 116
103 118
103 121
103 126
104 199
104 197
104 196
104 192
104 191
104 190
104 187
104 184
104 182
104 180
104 177
104 175
104 174
104 173
104 170
104 169
104 168
104 167
104 165
104 164
104 160
104 158
104 157
104 156
104 155
104 153
104 150
104 145
104 136
104 133
104 132
104 131
104 130
104 129
104 105
104 107
104 110
104 112
104 117
104 120
104 121
104 126
105 199
105 196
105 195
105 193
105 191
105 188
105 187
105 186
105 180
105 179
105 177
105 174
105 172
105 171
105 170
105 168
105 167
105 165
105 164
105 163
105 159
105 158
105 157
105 156
105 152
105 151
105 148
105 144
105 138
105 137
105 134
105 131
105 127
105 109
105 110
105 111
105 112
105 113
105 116
105 117
105 119
105 120
105 122
105 124
105 126
106 194
106 192
106 191
106 189
106 188
106 181
106 178
106 177
106 176
106 173
106 169
106 165
106 164
106 160
106 158
106 150
106 143
106 142
106 138
106 133
106 131
106 130
106 129
106 107
106 109
106 113
106 114
106 116
106 117
106 121
106 124
106 125
107 199
107 198
107 197
107 195
107 188
107 186
107 184
107 183
107 182
107 181
107 178
107 177
107 176
107 175
107 173
107 172
107 167
107 166
107 165
107 164
107 163
107 162
107 158
107 156
107 154
107 153
107 152
107 150
107 146
107 145
107 142
107 139
107 132
107 130
107 109
107 110
107 111
107 113
107 116
107 118
107 120
107 121
107 123
108 195
108 192
108 189
108 188
108 187
108 185
108 182
108 180
108 175
108 174
108 171
108 165
108 161
108 158
108 157
108 154
108 153
108 150
108 148
108 147
108 146
108 145
108 144
108 141
108 140
108 138
108 136
108 135
108 134
108 133
108 132
108 128
108 109
108 110
108 112
108 113
108 115
108 117
108 120
108 121
108 123
108 125
108 126
109 199
109 192
109 190
109 184
109 178
109 177
109 176
109 175
109 171
109 169
109 165
109 164
109 160
109 157
109 156
109 155
109 154
109 152
109 150
109 149
109 147
109 145
109 142
109 140
109 139
109 138
109 136
109 134
109 133
109 132
109 131
109 130
109 129
109 112
109 113
109 115
109 116
109 117
109 118
109 123
109 124
110 199
110 198
110 186
110 185
110 181
110 173
110 172
110 170
110 169
110 167
110 165
110 162
110 159
110 158
110 157
110 155
110 153
110 152
110 150
110 147
110 146
110 145
110 144
110 143
110 141
110 137
110 131
110 111
110 113
110 116
110 117
110 122
110 123
110 124
110 125
110 126
111 199
111 198
111 197
111 196
111 195
111 194
111 193
111 191
111 189
111 184
111 183
111 182
111 181
111 179
111 178
111 176
111 174
111 172
111 171
111 170
111 169
111 167
111 164
111 160
111 159
111 157
111 156
111 155
111 151
111 150
111 147
111 139
111 138
111 136
111 132
111 130
111 129
111 127
111 112
111 114
111 116
111 118
111 123
111 125
111 126
112 199
112 197
112 195
112 192
112 186
112 185
112 184
112 183
112 182
112 181
112 180
112 178
112 175
112 172
112 171
112 170
112 169
112 167
112 166
112 162
112 161
112 160
112 157
112 155
112 154
112 152
112 151
112 150
112 147
112 142
112 141
112 139
112 134
112 131
112 130
112 129
112 113
112 114
112 116
112 118
112 119
112 120
112 124
113 196
113 195
113 193
113 191
113 189
113 187
113 186
113 185
113 184
113 179
113 178
113 177
113 176
113 173
113 166
113 165
113 160
113 159
113 158
113 156
113 154
113 150
113 146
113 144
113 142
113 141
113 140
113 138
113 137
113 136
113 133
113 132
113 131
113 128
113 114
113 115
113 118
113 120
113 121
113 123
113 126
114 199
114 198
114 194
114 193
114 191
114 189
114 185
114 182
114 181
114 177
114 175
114 174
114 173
114 171
114 170
114 169
114 167
114 166
114 161
114 159
114 158
114 157
114 154
114 153
114 152
114 150
114 149
114 147
114 146
114 145
114 144
114 141
114 137
114 135
114 132
114 129
114 127
114 115
114 118
114 119
114 120
114 121
114 122
114 123
114 124
115 198
115 196
115 195
115 194
115 193
115 191
115 182
115 181
115 179
115 177
115 176
115 175
115 173
115 172
115 170
115 169
115 166
115 165
115 160
115 159
115 157
115 155
115 151
115 150
115 148
115 147
115 145
115 143
115 142
115 139
115 138
115 136
115 135
115 133
115 132
115 130
115 128
115 116
115 117
115 118
115 119
115 120
115 121
115 122
115 126
116 199
116 196
116 193
116 192
116 185
116 183
116 182
116 178
116 177
116 176
116 175
116 169
116 167
116 165
116 163
116 162
116 161
116 155
116 154
116 153
116 149
116 147
116 146
116 144
116 142
116 141
116 140
116 139
116 138
116 133
116 130
116 129
116 128
116 127
116 120
116 123
116 126
117 199
117 198
117 197
117 192
117 189
117 188
117 186
117 184
117 182
117 181
117 180
117 179
117 178
117 176
117 175
117 173
117 172
117 169
117 166
117 165
117 164
117 161
117 157
117 155
117 154
117 151
117 150
117 149
117 148
117 146
117 144
117 143
117 141
117 139
117 133
117 129
117 119
117 121
117 122
117 126
118 199
118 197
118 193
118 190
118 188
118 183
118 182
118 179
118 178
118 175
118 173
118 166
118 162
118 159
118 157
118 156
118 154
118 153
118 149
118 148
118 147
118 146
118 143
118 142
118 138
118 136
118 135
118 132
118 131
118 128
118 121
118 124
119 197
119 193
119 192
119 187
119 184
119 183
119 182
119 179
119 178
119 173
119 172
119 163
119 162
119 157
119 151
119 150
119 148
119 147
119 145
119 144
119 142
119 141
119 140
119 139
119 135
119 134
119 133
119 132
119 131
119 130
119 129
119 128
119 121
120 197
120 196
120 195
120 191
120 190
120 189
120 188
120 186
120 184
120 181
120 177
120 175
120 174
120 173
120 172
120 170
120 169
120 168
120 166
120 165
120 163
120 160
120 155
120 153
120 150
120 149
120 148
120 147
120 144
120 141
120 139
120 138
120 136
120 135
120 132
120 130
120 123
121 197
121 195
121 194
121 193
121 192
121 191
121 190
121 185
121 184
121 182
121 180
121 175
121 172
121 170
121 168
121 167
121 165
121 164
121 160
121 158
121 154
121 152
121 150
121 148
121 147
121 144
121 143
121 142
121 141
121 138
121 136
121 134
121 132
121 130
121 129
121 128
121 127
121 124
121 125
121 126
122 199
122 198
122 197
122 196
122 195
122 194
122 187
122 181
122 178
122 176
122 174
122 173
122 172
122 171
122 169
122 167
122 164
122 163
122 161
122 160
122 157
122 155
122 154
122 153
122 151
122 149
122 148
122 146
122 145
122 143
122 141
122 140
122 139
122 129
122 127
122 125
123 197
123 194
123 193
123 191
123 189
123 187
123 185
123 184
123 182
123 178
123 175
123 173
123 172
123 171
123 170
123 166
123 165
123 164
123 163
123 161
123 158
123 157
123 156
123 155
123 153
123 148
123 147
123 143
123 140
123 139
123 135
123 132
123 131
123 128
123 127
123 126
124 196
124 193
124 190
124 188
124 185
124 183
124 180
124 177
124 175
124 170
124 166
124 163
124 161
124 157
124 156
124 154
124 149
124 148
124 147
124 145
124 144
124 143
124 140
124 134
124 131
124 130
124 128
125 197
125 196
125 192
125 191
125 190
125 187
125 186
125 183
125 181
125 178
125 176
125 172
125 171
125 168
125 167
125 166
125 164
125 162
125 161
125 158
125 156
125 155
125 154
125 153
125 151
125 149
125 146
125 145
125 143
125 141
125 140
125 136
125 133
125 129
125 127
126 193
126 191
126 190
126 188
126 187
126 186
126 185
126 183
126 181
126 175
126 174
126 173
126 170
126 167
126 163
126 160
126 158
126 152
126 151
126 145
126 144
126 143
126 139
126 138
126 135
126 134
126 133
126 132
126 131
126 129
126 127
127 198
127 196
127 194
127 192
127 190
127 189
127 187
127 182
127 181
127 173
127 172
127 169
127 165
127 163
127 162
127 161
127 159
127 158
127 156
127 154
127 153
127 152
127 151
127 148
127 147
127 143
127 141
127 140
127 139
127 137
127 136
127 132
127 130
127 129
128 197
128 195
128 193
128 192
128 190
128 184
128 183
128 180
128 179
128 177
128 176
128 175
128 169
128 168
128 166
128 163
128 158
128 156
128 155
128 154
128 153
128 150
128 148
128 146
128 145
128 143
128 142
128 138
128 133
128 130
128 129
129 199
129 198
129 197
129 196
129 194
129 192
129 191
129 190
129 185
129 184
129 182
129 180
129 178
129 177
129 175
129 172
129 170
129 167
129 165
129 162
129 161
129 159
129 158
129 156
129 155
129 153
129 152
129 151
129 147
129 146
129 143
129 142
129 137
129 134
129 133
129 132
129 131
130 199
130 198
130 196
130 192
130 191
130 189
130 188
130 187
130 185
130 181
130 179
130 177
130 175
130 174
130 173
130 171
130 170
130 164
130 163
130 162
130 161
130 160
130 155
130 154
130 151
130 150
130 148
130 143
130 140
130 139
130 132
130 131
131 199
131 197
131 196
131 195
131 193
131 192
131 191
131 190
131 189
131 187
131 185
131 184
131 183
131 181
131 179
131 178
131 174
131 172
131 171
131 169
131 167
131 164
131 163
131 162
131 160
131 156
131 153
131 152
131 150
131 149
131 147
131 143
131 140
131 139
131 138
131 137
131 135
131 133
132 199
132 197
132 195
132 192
132 191
132 190
132 189
132 185
132 177
132 176
132 175
132 174
132 173
132 167
132 166
132 165
132 163
132 162
132 161
132 160
132 157
132 155
132 154
132 153
132 151
132 149
132 147
132 146
132 143
132 140
132 137
132 136
133 199
133 198
133 196
133 191
133 187
133 186
133 185
133 183
133 182
133 180
133 179
133 178
133 177
133 174
133 173
133 172
133 169
133 166
133 162
133 160
133 159
133 158
133 155
133 153
133 150
133 147
133 146
133 145
133 142
133 137
133 135
134 198
134 197
134 195
134 191
134 189
134 188
134 186
134 185
134 183
134 182
134 181
134 180
134 176
134 175
134 172
134 170
134 169
134 168
134 167
134 165
134 162
134 158
134 155
134 154
134 153
134 151
134 149
134 148
134 146
134 145
134 144
134 143
134 142
134 141
134 137
134 136
134 135
135 199
135 197
135 195
135 194
135 193
135 191
135 188
135 187
135 183
135 179
135 178
135 175
135 174
135 168
135 166
135 164
135 156
135 154
135 152
135 151
135 149
135 147
135 146
135 142
135 141
135 140
135 138
135 137
136 198
136 195
136 194
136 192
136 187
136 183
136 182
136 178
136 173
136 169
136 165
136 164
136 163
136 158
136 155
136 151
136 149
136 145
136 144
136 142
136 137
137 198
137 195
137 194
137 193
137 190
137 187
137 184
137 182
137 181
137 180
137 179
137 178
137 176
137 175
137 173
137 166
137 164
137 161
137 158
137 156
137 154
137 153
137 149
137 147
137 146
137 145
137 140
137 139
137 138
138 199
138 192
138 188
138 185
138 181
138 179
138 178
138 177
138 170
138 168
138 166
138 165
138 164
138 162
138 160
138 158
138 155
138 153
138 150
138 148
138 147
138 146
138 145
138 140
139 195
139 190
139 188
139 184
139 180
139 178
139 177
139 175
139 173
139 172
139 170
139 164
139 163
139 161
139 160
139 156
139 155
139 154
139 150
139 145
139 142
139 140
140 197
140 195
140 192
140 189
140 186
140 183
140 181
140 180
140 179
140 178
140 177
140 176
140 175
140 174
140 170
140 166
140 165
140 163
140 162
140 160
140 158
140 156
140 154
140 149
140 148
140 147
140 145
140 143
141 197
141 195
141 191
141 190
141 188
141 186
141 182
141 181
141 180
141 178
141 174
141 172
141 169
141 166
141 163
141 159
141 155
141 152
141 148
141 145
141 143
141 142
142 193
142 192
142 190
142 188
142 182
142 177
142 175
142 173
142 172
142 171
142 168
142 164
142 161
142 160
142 158
142 155
142 153
142 151
142 150
142 149
142 146
142 145
142 144
143 195
143 193
143 192
143 189
143 188
143 186
143 184
143 183
143 182
143 180
143 176
143 175
143 174
143 173
143 172
143 171
143 168
143 166
143 160
143 159
143 158
143 157
143 151
143 150
143 149
143 147
143 146
144 199
144 195
144 193
144 192
144 190
144 187
144 184
144 182
144 176
144 174
144 172
144 171
144 169
144 167
144 166
144 164
144 163
144 161
144 159
144 156
144 149
144 148
144 146
144 145
145 196
145 195
145 194
145 190
145 189
145 187
145 186
145 181
145 179
145 178
145 176
145 173
145 171
145 170
145 168
145 167
145 165
145 163
145 161
145 160
145 156
145 149
146 199
146 198
146 196
146 194
146 193
146 189
146 188
146 187
146 186
146 183
146 181
146 179
146 177
146 176
146 172
146 170
146 168
146 166
146 162
146 160
146 157
146 154
146 151
147 199
147 198
147 197
147 196
147 193
147 192
147 186
147 184
147 183
147 180
147 179
147 178
147 176
147 173
147 172
147 169
147 167
147 166
147 165
147 163
147 162
147 161
147 160
147 159
147 156
147 155
147 154
148 194
148 193
148 192
148 190
148 189
148 187
148 184
148 183
148 182
148 180
148 177
148 176
148 175
148 174
148 170
148 168
148 166
148 162
148 161
148 160
148 159
148 154
148 153
148 152
148 150
148 149
149 194
149 188
149 185
149 184
149 182
149 181
149 178
149 176
149 175
149 171
149 169
149 160
149 159
149 157
149 155
149 154
149 153
149 152
150 199
150 198
150 196
150 194
150 192
150 191
150 189
150 188
150 186
150 185
150 182
150 180
150 179
150 175
150 174
150 171
150 170
150 169
150 166
150 165
150 162
150 161
150 158
150 157
150 155
151 199
151 195
151 194
151 193
151 192
151 191
151 188
151 184
151 183
151 182
151 179
151 178
151 177
151 176
151 175
151 172
151 171
151 170
151 167
151 165
151 163
151 162
151 161
151 158
151 157
151 156
151 155
151 153
151 152
152 195
152 194
152 192
152 190
152 189
152 188
152 186
152 185
152 182
152 181
152 180
152 177
152 175
152 173
152 172
152 171
152 169
152 168
152 167
152 164
152 163
152 159
152 158
152 156
152 155
152 154
152 153
153 199
153 197
153 191
153 190
153 184
153 182
153 181
153 178
153 173
153 168
153 166
153 165
153 164
153 163
154 198
154 196
154 191
154 189
154 188
154 186
154 183
154 181
154 178
154 174
154 173
154 171
154 170
154 166
154 163
154 162
154 161
154 160
154 159
154 158
155 199
155 198
155 196
155 195
155 194
155 193
155 189
155 188
155 186
155 180
155 179
155 178
155 176
155 172
155 169
155 168
155 167
155 166
155 165
155 164
155 159
155 158
156 198
156 196
156 194
156 193
156 192
156 191
156 190
156 188
156 187
156 186
156 184
156 180
156 178
156 176
156 175
156 171
156 167
156 166
156 161
156 160
157 199
157 196
157 190
157 189
157 188
157 184
157 183
157 182
157 181
157 180
157 176
157 173
157 170
157 166
157 164
157 163
157 162
157 160
157 158
158 198
158 192
158 191
158 190
158 187
158 186
158 181
158 179
158 178
158 177
158 176
158 173
158 170
158 169
158 162
158 161
159 199
159 196
159 195
159 193
159 191
159 188
159 186
159 181
159 180
159 179
159 178
159 177
159 176
159 175
159 172
159 171
159 168
159 165
159 164
159 162
160 199
160 196
160 195
160 191
160 190
160 189
160 187
160 185
160 179
160 178
160 175
160 173
160 172
160 169
160 167
160 165
160 164
161 196
161 193
161 191
161 190
161 188
161 185
161 183
161 182
161 181
161 180
161 179
161 178
161 177
161 176
161 173
161 164
161 163
161 162
162 199
162 198
162 195
162 189
162 188
162 187
162 186
162 185
162 182
162 181
162 180
162 177
162 175
162 173
162 172
162 171
162 167
162 165
163 197
163 196
163 195
163 193
163 192
163 191
163 190
163 189
163 187
163 180
163 179
163 174
163 173
163 172
163 170
163 168
163 167
163 166
164 198
164 196
164 194
164 188
164 186
164 185
164 184
164 182
164 179
164 176
164 175
164 174
164 173
164 172
164 171
164 170
164 169
164 168
164 166
165 199
165 197
165 195
165 194
165 187
165 184
165 182
165 181
165 176
165 175
165 172
165 171
165 170
166 198
166 191
166 190
166 185
166 184
166 181
166 180
166 179
166 178
166 177
166 173
166 170
166 169
166 168
167 199
167 198
167 197
167 196
167 195
167 194
167 192
167 191
167 188
167 186
167 183
167 182
167 179
167 178
167 176
167 175
167 174
167 173
167 170
167 168
168 199
168 198
168 197
168 195
168 194
168 189
168 187
168 186
168 185
168 184
168 176
168 174
168 170
168 169
169 199
169 198
169 194
169 192
169 187
169 186
169 185
169 184
169 183
169 179
169 178
169 176
169 175
169 171
170 198
170 195
170 193
170 191
170 189
170 188
170 187
170 186
170 185
170 184
170 182
170 181
170 179
170 177
170 176
170 173
170 171
171 197
171 192
171 190
171 189
171 187
171 186
171 182
171 181
171 180
171 178
171 174
172 198
172 197
172 196
172 194
172 193
172 192
172 190
172 189
172 188
172 187
172 186
172 183
172 176
172 175
173 199
173 197
173 196
173 190
173 189
173 188
173 187
173 182
173 181
173 179
173 175
174 196
174 193
174 191
174 188
174 187
174 186
174 185
174 184
174 182
174 181
174 180
174 178
174 177
174 176
174 175
175 198
175 196
175 195
175 194
175 190
175 189
175 187
175 183
175 179
175 178
175 177
175 176
176 193
176 191
176 189
176 188
176 187
176 185
176 181
176 180
176 179
176 178
176 177
177 199
177 197
177 195
177 191
177 190
177 188
177 184
177 183
177 182
177 178
178 199
178 198
178 196
178 193
178 192
178 191
178 188
178 187
178 186
178 184
178 182
179 191
179 189
179 186
179 184
179 182
180 199
180 198
180 197
180 196
180 195
180 194
180 193
180 190
180 188
180 187
180 185
180 184
180 183
181 199
181 198
181 197
181 196
181 192
181 191
181 187
181 184
181 183
181 182
182 199
182 195
182 194
182 193
182 192
182 191
182 187
183 199
183 196
183 195
183 194
183 193
183 191
183 190
183 188
183 185
183 184
184 195
184 192
184 191
184 190
184 189
184 187
185 199
185 196
185 193
185 192
185 191
185 190
185 187
185 186
186 198
186 197
186 196
186 193
186 192
186 190
186 189
186 187
187 198
187 194
187 192
187 190
187 189
188 195
188 190
189 199
189 197
189 195
189 191
190 199
190 196
191 199
191 198
191 197
191 194
191 192
192 199
192 198
192 197
192 195
193 194
194 197
195 199
195 198
195 197
196 197
197 199