Loading graph from files:
    
    clique_100.txt
  ...graph loaded. It has 100 nodes and 4950 edges, 0 of which are self-loops.

The original graph has log2_aut = 524.765
Running for 150 iterations per trial...
Trial 0 for (noise-, noise+) = (0.579157, -nan)


Adding: 

Removing: (0, 1), (0, 4), (0, 6), (0, 8), (0, 11), (0, 12), (0, 13), (0, 14), (0, 15), (0, 17), (0, 18), (0, 23), (0, 25), (0, 26), (0, 27), (0, 28), (0, 30), (0, 32), (0, 33), (0, 37), (0, 38), (0, 39), (0, 42), (0, 43), (0, 44), (0, 45), (0, 46), (0, 47), (0, 48), (0, 51), (0, 52), (0, 53), (0, 54), (0, 55), (0, 59), (0, 60), (0, 61), (0, 62), (0, 65), (0, 66), (0, 67), (0, 68), (0, 69), (0, 73), (0, 75), (0, 79), (0, 81), (0, 82), (0, 83), (0, 84), (0, 85), (0, 87), (0, 88), (0, 89), (0, 91), (0, 93), (0, 94), (0, 97), (1, 2), (1, 3), (1, 4), (1, 5), (1, 7), (1, 9), (1, 10), (1, 13), (1, 14), (1, 17), (1, 19), (1, 23), (1, 24), (1, 25), (1, 27), (1, 30), (1, 31), (1, 33), (1, 34), (1, 35), (1, 37), (1, 38), (1, 39), (1, 40), (1, 41), (1, 43), (1, 44), (1, 47), (1, 50), (1, 51), (1, 53), (1, 54), (1, 56), (1, 62), (1, 63), (1, 64), (1, 65), (1, 66), (1, 68), (1, 69), (1, 70), (1, 71), (1, 72), (1, 74), (1, 81), (1, 82), (1, 85), (1, 91), (1, 94), (1, 96), (1, 97), (2, 3), (2, 5), (2, 7), (2, 8), (2, 9), (2, 11), (2, 14), (2, 16), (2, 17), (2, 19), (2, 20), (2, 21), (2, 22), (2, 23), (2, 24), (2, 25), (2, 26), (2, 28), (2, 31), (2, 32), (2, 34), (2, 35), (2, 36), (2, 38), (2, 39), (2, 41), (2, 44), (2, 45), (2, 48), (2, 49), (2, 55), (2, 57), (2, 58), (2, 60), (2, 66), (2, 67), (2, 69), (2, 70), (2, 72), (2, 75), (2, 76), (2, 78), (2, 79), (2, 80), (2, 81), (2, 84), (2, 85), (2, 86), (2, 87), (2, 88), (2, 91), (2, 95), (2, 97), (3, 6), (3, 7), (3, 10), (3, 15), (3, 16), (3, 19), (3, 20), (3, 21), (3, 22), (3, 23), (3, 24), (3, 25), (3, 26), (3, 27), (3, 28), (3, 31), (3, 32), (3, 33), (3, 34), (3, 36), (3, 37), (3, 40), (3, 42), (3, 47), (3, 48), (3, 49), (3, 50), (3, 54), (3, 58), (3, 59), (3, 60), (3, 62), (3, 63), (3, 64), (3, 65), (3, 66), (3, 67), (3, 68), (3, 69), (3, 70), (3, 71), (3, 76), (3, 80), (3, 82), (3, 83), (3, 84), (3, 87), (3, 89), (3, 90), (3, 95), (3, 97), (3, 99), (4, 5), (4, 7), (4, 8), (4, 9), (4, 10), (4, 11), (4, 12), (4, 15), (4, 17), (4, 18), (4, 20), (4, 23), (4, 24), (4, 25), (4, 26), (4, 28), (4, 29), (4, 31), (4, 32), (4, 33), (4, 34), (4, 35), (4, 37), (4, 39), (4, 41), (4, 45), (4, 46), (4, 47), (4, 48), (4, 49), (4, 51), (4, 52), (4, 53), (4, 59), (4, 61), (4, 62), (4, 63), (4, 64), (4, 65), (4, 66), (4, 68), (4, 69), (4, 70), (4, 71), (4, 72), (4, 73), (4, 74), (4, 75), (4, 76), (4, 81), (4, 82), (4, 84), (4, 87), (4, 91), (4, 93), (4, 95), (4, 96), (4, 98), (5, 6), (5, 7), (5, 11), (5, 12), (5, 13), (5, 14), (5, 20), (5, 21), (5, 22), (5, 23), (5, 24), (5, 25), (5, 26), (5, 27), (5, 31), (5, 32), (5, 33), (5, 35), (5, 36), (5, 37), (5, 40), (5, 42), (5, 44), (5, 45), (5, 46), (5, 47), (5, 48), (5, 51), (5, 52), (5, 53), (5, 54), (5, 55), (5, 57), (5, 59), (5, 60), (5, 62), (5, 63), (5, 64), (5, 67), (5, 69), (5, 72), (5, 76), (5, 77), (5, 78), (5, 80), (5, 81), (5, 82), (5, 84), (5, 85), (5, 89), (5, 94), (5, 96), (5, 97), (5, 98), (5, 99), (6, 9), (6, 10), (6, 11), (6, 12), (6, 14), (6, 16), (6, 18), (6, 19), (6, 22), (6, 24), (6, 25), (6, 26), (6, 27), (6, 29), (6, 30), (6, 32), (6, 33), (6, 35), (6, 36), (6, 37), (6, 38), (6, 42), (6, 43), (6, 45), (6, 46), (6, 47), (6, 48), (6, 50), (6, 51), (6, 53), (6, 54), (6, 55), (6, 59), (6, 60), (6, 61), (6, 64), (6, 65), (6, 66), (6, 67), (6, 68), (6, 70), (6, 75), (6, 78), (6, 81), (6, 82), (6, 83), (6, 84), (6, 86), (6, 87), (6, 88), (6, 89), (6, 91), (6, 92), (6, 93), (6, 94), (6, 96), (6, 98), (6, 99), (7, 9), (7, 10), (7, 12), (7, 13), (7, 14), (7, 15), (7, 16), (7, 17), (7, 19), (7, 21), (7, 22), (7, 23), (7, 24), (7, 28), (7, 29), (7, 30), (7, 31), (7, 34), (7, 35), (7, 37), (7, 38), (7, 39), (7, 40), (7, 41), (7, 42), (7, 44), (7, 45), (7, 46), (7, 47), (7, 54), (7, 55), (7, 57), (7, 58), (7, 59), (7, 60), (7, 61), (7, 63), (7, 64), (7, 65), (7, 66), (7, 69), (7, 70), (7, 71), (7, 72), (7, 74), (7, 75), (7, 77), (7, 78), (7, 79), (7, 80), (7, 81), (7, 84), (7, 87), (7, 88), (7, 90), (7, 92), (7, 94), (7, 96), (7, 97), (7, 99), (8, 9), (8, 10), (8, 12), (8, 13), (8, 14), (8, 15), (8, 16), (8, 17), (8, 18), (8, 19), (8, 20), (8, 21), (8, 22), (8, 24), (8, 25), (8, 27), (8, 30), (8, 31), (8, 33), (8, 34), (8, 36), (8, 37), (8, 38), (8, 39), (8, 40), (8, 44), (8, 45), (8, 47), (8, 48), (8, 49), (8, 50), (8, 53), (8, 54), (8, 55), (8, 58), (8, 61), (8, 62), (8, 64), (8, 66), (8, 67), (8, 68), (8, 70), (8, 74), (8, 76), (8, 77), (8, 78), (8, 82), (8, 83), (8, 85), (8, 88), (8, 89), (8, 90), (8, 92), (8, 94), (8, 95), (8, 96), (8, 98), (9, 11), (9, 13), (9, 16), (9, 17), (9, 19), (9, 20), (9, 21), (9, 23), (9, 24), (9, 25), (9, 26), (9, 27), (9, 28), (9, 31), (9, 32), (9, 33), (9, 35), (9, 36), (9, 37), (9, 38), (9, 40), (9, 41), (9, 44), (9, 45), (9, 48), (9, 49), (9, 53), (9, 54), (9, 55), (9, 57), (9, 58), (9, 60), (9, 61), (9, 63), (9, 64), (9, 66), (9, 67), (9, 69), (9, 70), (9, 71), (9, 72), (9, 73), (9, 75), (9, 76), (9, 77), (9, 78), (9, 80), (9, 81), (9, 82), (9, 85), (9, 86), (9, 87), (9, 88), (9, 89), (9, 90), (9, 93), (9, 94), (9, 95), (9, 96), (9, 99), (10, 11), (10, 12), (10, 13), (10, 17), (10, 18), (10, 20), (10, 22), (10, 23), (10, 24), (10, 25), (10, 26), (10, 27), (10, 29), (10, 31), (10, 35), (10, 36), (10, 37), (10, 39), (10, 42), (10, 44), (10, 45), (10, 46), (10, 48), (10, 49), (10, 50), (10, 53), (10, 54), (10, 56), (10, 57), (10, 58), (10, 59), (10, 61), (10, 62), (10, 65), (10, 66), (10, 67), (10, 70), (10, 72), (10, 73), (10, 75), (10, 77), (10, 80), (10, 81), (10, 83), (10, 86), (10, 87), (10, 89), (10, 91), (10, 92), (10, 99), (11, 12), (11, 13), (11, 16), (11, 18), (11, 20), (11, 22), (11, 23), (11, 24), (11, 25), (11, 26), (11, 27), (11, 29), (11, 33), (11, 34), (11, 36), (11, 37), (11, 38), (11, 40), (11, 42), (11, 44), (11, 46), (11, 47), (11, 48), (11, 50), (11, 51), (11, 52), (11, 53), (11, 54), (11, 55), (11, 57), (11, 60), (11, 61), (11, 63), (11, 65), (11, 68), (11, 69), (11, 71), (11, 72), (11, 73), (11, 76), (11, 77), (11, 79), (11, 80), (11, 83), (11, 84), (11, 85), (11, 86), (11, 88), (11, 93), (11, 98), (11, 99), (12, 13), (12, 14), (12, 15), (12, 16), (12, 18), (12, 21), (12, 22), (12, 23), (12, 25), (12, 26), (12, 27), (12, 28), (12, 30), (12, 31), (12, 33), (12, 34), (12, 36), (12, 37), (12, 38), (12, 39), (12, 45), (12, 48), (12, 49), (12, 50), (12, 52), (12, 58), (12, 59), (12, 62), (12, 64), (12, 66), (12, 67), (12, 68), (12, 69), (12, 71), (12, 72), (12, 73), (12, 74), (12, 75), (12, 79), (12, 81), (12, 82), (12, 83), (12, 84), (12, 85), (12, 87), (12, 88), (12, 89), (12, 92), (12, 94), (12, 95), (12, 97), (12, 98), (12, 99), (13, 14), (13, 16), (13, 18), (13, 19), (13, 21), (13, 23), (13, 26), (13, 28), (13, 31), (13, 32), (13, 33), (13, 34), (13, 36), (13, 37), (13, 38), (13, 40), (13, 44), (13, 45), (13, 47), (13, 49), (13, 51), (13, 53), (13, 54), (13, 57), (13, 58), (13, 60), (13, 61), (13, 64), (13, 65), (13, 68), (13, 69), (13, 70), (13, 73), (13, 74), (13, 75), (13, 77), (13, 79), (13, 80), (13, 81), (13, 82), (13, 83), (13, 84), (13, 85), (13, 86), (13, 87), (13, 88), (13, 93), (13, 96), (13, 97), (14, 17), (14, 18), (14, 19), (14, 20), (14, 22), (14, 25), (14, 26), (14, 29), (14, 30), (14, 32), (14, 34), (14, 40), (14, 41), (14, 42), (14, 43), (14, 44), (14, 45), (14, 46), (14, 47), (14, 48), (14, 49), (14, 50), (14, 51), (14, 53), (14, 54), (14, 55), (14, 56), (14, 58), (14, 60), (14, 61), (14, 62), (14, 63), (14, 64), (14, 65), (14, 66), (14, 67), (14, 68), (14, 70), (14, 71), (14, 73), (14, 74), (14, 75), (14, 76), (14, 77), (14, 79), (14, 80), (14, 83), (14, 84), (14, 85), (14, 86), (14, 87), (14, 89), (14, 90), (14, 91), (14, 92), (14, 95), (14, 98), (15, 17), (15, 25), (15, 26), (15, 28), (15, 29), (15, 30), (15, 33), (15, 34), (15, 38), (15, 39), (15, 40), (15, 41), (15, 43), (15, 44), (15, 46), (15, 47), (15, 48), (15, 51), (15, 54), (15, 55), (15, 56), (15, 58), (15, 59), (15, 62), (15, 64), (15, 65), (15, 66), (15, 70), (15, 72), (15, 74), (15, 75), (15, 77), (15, 78), (15, 79), (15, 83), (15, 84), (15, 86), (15, 89), (15, 91), (15, 92), (15, 93), (15, 95), (15, 96), (15, 97), (15, 98), (15, 99), (16, 17), (16, 18), (16, 21), (16, 23), (16, 24), (16, 25), (16, 27), (16, 28), (16, 31), (16, 33), (16, 35), (16, 36), (16, 37), (16, 41), (16, 42), (16, 43), (16, 44), (16, 45), (16, 47), (16, 48), (16, 49), (16, 51), (16, 52), (16, 55), (16, 58), (16, 59), (16, 61), (16, 65), (16, 67), (16, 68), (16, 70), (16, 73), (16, 74), (16, 75), (16, 76), (16, 78), (16, 79), (16, 81), (16, 82), (16, 84), (16, 85), (16, 87), (16, 90), (16, 94), (16, 95), (16, 99), (17, 18), (17, 19), (17, 20), (17, 22), (17, 23), (17, 25), (17, 27), (17, 30), (17, 31), (17, 32), (17, 35), (17, 36), (17, 38), (17, 40), (17, 44), (17, 45), (17, 46), (17, 47), (17, 48), (17, 50), (17, 53), (17, 54), (17, 55), (17, 56), (17, 59), (17, 60), (17, 62), (17, 68), (17, 70), (17, 71), (17, 72), (17, 73), (17, 74), (17, 75), (17, 76), (17, 77), (17, 80), (17, 81), (17, 83), (17, 84), (17, 86), (17, 87), (17, 88), (17, 89), (17, 90), (17, 93), (17, 94), (17, 95), (17, 96), (17, 98), (17, 99), (18, 19), (18, 20), (18, 21), (18, 22), (18, 23), (18, 25), (18, 26), (18, 27), (18, 28), (18, 29), (18, 31), (18, 32), (18, 35), (18, 40), (18, 43), (18, 48), (18, 49), (18, 50), (18, 51), (18, 52), (18, 54), (18, 55), (18, 56), (18, 58), (18, 62), (18, 66), (18, 69), (18, 72), (18, 73), (18, 74), (18, 75), (18, 76), (18, 82), (18, 85), (18, 86), (18, 87), (18, 88), (18, 89), (18, 90), (18, 91), (18, 92), (18, 93), (18, 94), (18, 97), (18, 98), (18, 99), (19, 20), (19, 22), (19, 23), (19, 26), (19, 27), (19, 33), (19, 35), (19, 36), (19, 37), (19, 38), (19, 39), (19, 42), (19, 43), (19, 45), (19, 48), (19, 49), (19, 50), (19, 52), (19, 55), (19, 61), (19, 62), (19, 63), (19, 64), (19, 67), (19, 68), (19, 69), (19, 72), (19, 73), (19, 74), (19, 77), (19, 78), (19, 80), (19, 81), (19, 82), (19, 83), (19, 85), (19, 86), (19, 87), (19, 88), (19, 89), (19, 90), (19, 91), (19, 92), (19, 94), (19, 95), (19, 97), (19, 98), (20, 24), (20, 25), (20, 26), (20, 30), (20, 31), (20, 33), (20, 34), (20, 35), (20, 36), (20, 38), (20, 39), (20, 40), (20, 41), (20, 42), (20, 45), (20, 49), (20, 50), (20, 51), (20, 53), (20, 54), (20, 55), (20, 56), (20, 57), (20, 58), (20, 60), (20, 61), (20, 62), (20, 63), (20, 64), (20, 65), (20, 67), (20, 68), (20, 69), (20, 71), (20, 77), (20, 78), (20, 79), (20, 80), (20, 82), (20, 87), (20, 89), (20, 91), (20, 92), (20, 93), (20, 94), (20, 98), (20, 99), (21, 22), (21, 25), (21, 27), (21, 29), (21, 30), (21, 33), (21, 35), (21, 38), (21, 40), (21, 43), (21, 44), (21, 45), (21, 48), (21, 51), (21, 52), (21, 53), (21, 54), (21, 55), (21, 56), (21, 57), (21, 61), (21, 62), (21, 63), (21, 64), (21, 65), (21, 66), (21, 67), (21, 68), (21, 69), (21, 70), (21, 71), (21, 72), (21, 75), (21, 76), (21, 77), (21, 78), (21, 79), (21, 81), (21, 83), (21, 84), (21, 85), (21, 86), (21, 89), (21, 91), (21, 94), (21, 95), (21, 97), (21, 99), (22, 24), (22, 25), (22, 27), (22, 28), (22, 29), (22, 30), (22, 32), (22, 35), (22, 36), (22, 38), (22, 39), (22, 42), (22, 43), (22, 45), (22, 46), (22, 50), (22, 52), (22, 53), (22, 54), (22, 57), (22, 58), (22, 59), (22, 60), (22, 62), (22, 63), (22, 66), (22, 67), (22, 68), (22, 69), (22, 71), (22, 72), (22, 75), (22, 79), (22, 80), (22, 81), (22, 83), (22, 84), (22, 85), (22, 86), (22, 87), (22, 88), (22, 89), (22, 90), (22, 91), (22, 93), (22, 94), (22, 96), (22, 97), (22, 98), (23, 25), (23, 28), (23, 29), (23, 30), (23, 31), (23, 35), (23, 37), (23, 39), (23, 42), (23, 43), (23, 45), (23, 47), (23, 49), (23, 54), (23, 55), (23, 60), (23, 62), (23, 64), (23, 65), (23, 66), (23, 67), (23, 69), (23, 70), (23, 71), (23, 72), (23, 73), (23, 74), (23, 75), (23, 76), (23, 78), (23, 79), (23, 82), (23, 83), (23, 87), (23, 88), (23, 90), (23, 91), (23, 92), (23, 94), (23, 95), (23, 96), (23, 97), (23, 98), (24, 25), (24, 26), (24, 27), (24, 30), (24, 31), (24, 32), (24, 33), (24, 35), (24, 38), (24, 39), (24, 44), (24, 45), (24, 46), (24, 47), (24, 51), (24, 53), (24, 55), (24, 58), (24, 59), (24, 60), (24, 63), (24, 65), (24, 68), (24, 69), (24, 72), (24, 73), (24, 74), (24, 77), (24, 78), (24, 80), (24, 81), (24, 83), (24, 85), (24, 86), (24, 89), (24, 90), (24, 91), (24, 93), (24, 94), (24, 95), (24, 96), (24, 98), (25, 28), (25, 29), (25, 30), (25, 32), (25, 33), (25, 35), (25, 37), (25, 38), (25, 39), (25, 42), (25, 45), (25, 46), (25, 47), (25, 50), (25, 52), (25, 53), (25, 54), (25, 55), (25, 56), (25, 60), (25, 63), (25, 64), (25, 65), (25, 66), (25, 69), (25, 72), (25, 73), (25, 74), (25, 75), (25, 76), (25, 80), (25, 81), (25, 83), (25, 84), (25, 86), (25, 88), (25, 91), (25, 94), (25, 96), (25, 97), (26, 27), (26, 28), (26, 29), (26, 33), (26, 34), (26, 35), (26, 38), (26, 39), (26, 42), (26, 43), (26, 44), (26, 46), (26, 47), (26, 50), (26, 51), (26, 52), (26, 53), (26, 60), (26, 61), (26, 62), (26, 63), (26, 64), (26, 65), (26, 67), (26, 70), (26, 73), (26, 74), (26, 76), (26, 78), (26, 81), (26, 82), (26, 83), (26, 84), (26, 85), (26, 87), (26, 89), (26, 90), (26, 91), (26, 93), (26, 95), (26, 99), (27, 29), (27, 30), (27, 33), (27, 34), (27, 35), (27, 38), (27, 41), (27, 43), (27, 48), (27, 49), (27, 50), (27, 53), (27, 54), (27, 56), (27, 59), (27, 61), (27, 62), (27, 63), (27, 66), (27, 67), (27, 68), (27, 69), (27, 72), (27, 73), (27, 74), (27, 76), (27, 77), (27, 78), (27, 79), (27, 80), (27, 81), (27, 82), (27, 83), (27, 84), (27, 87), (27, 88), (27, 90), (27, 93), (27, 94), (27, 97), (27, 98), (28, 29), (28, 30), (28, 31), (28, 33), (28, 34), (28, 35), (28, 36), (28, 37), (28, 38), (28, 39), (28, 40), (28, 41), (28, 42), (28, 43), (28, 45), (28, 48), (28, 50), (28, 52), (28, 54), (28, 55), (28, 56), (28, 57), (28, 58), (28, 59), (28, 60), (28, 61), (28, 62), (28, 65), (28, 66), (28, 68), (28, 69), (28, 71), (28, 74), (28, 75), (28, 76), (28, 81), (28, 83), (28, 84), (28, 86), (28, 89), (28, 91), (28, 92), (28, 96), (28, 97), (28, 98), (28, 99), (29, 30), (29, 31), (29, 34), (29, 35), (29, 41), (29, 42), (29, 43), (29, 44), (29, 45), (29, 46), (29, 47), (29, 48), (29, 50), (29, 53), (29, 55), (29, 56), (29, 57), (29, 58), (29, 59), (29, 61), (29, 62), (29, 64), (29, 66), (29, 70), (29, 71), (29, 74), (29, 75), (29, 76), (29, 78), (29, 79), (29, 80), (29, 81), (29, 83), (29, 85), (29, 86), (29, 88), (29, 89), (29, 91), (29, 93), (29, 98), (29, 99), (30, 32), (30, 34), (30, 35), (30, 36), (30, 37), (30, 38), (30, 41), (30, 44), (30, 46), (30, 47), (30, 48), (30, 50), (30, 51), (30, 52), (30, 54), (30, 55), (30, 57), (30, 60), (30, 61), (30, 63), (30, 67), (30, 68), (30, 71), (30, 74), (30, 75), (30, 76), (30, 78), (30, 81), (30, 82), (30, 83), (30, 84), (30, 87), (30, 89), (30, 90), (30, 91), (30, 93), (30, 95), (30, 97), (30, 99), (31, 32), (31, 34), (31, 36), (31, 38), (31, 41), (31, 50), (31, 51), (31, 52), (31, 53), (31, 54), (31, 55), (31, 56), (31, 59), (31, 61), (31, 63), (31, 66), (31, 69), (31, 71), (31, 72), (31, 73), (31, 74), (31, 75), (31, 76), (31, 77), (31, 78), (31, 79), (31, 80), (31, 81), (31, 82), (31, 84), (31, 88), (31, 91), (31, 92), (31, 93), (31, 94), (31, 99), (32, 35), (32, 37), (32, 38), (32, 39), (32, 43), (32, 45), (32, 46), (32, 47), (32, 48), (32, 51), (32, 52), (32, 53), (32, 54), (32, 58), (32, 59), (32, 63), (32, 64), (32, 66), (32, 68), (32, 72), (32, 73), (32, 75), (32, 76), (32, 77), (32, 80), (32, 82), (32, 83), (32, 84), (32, 85), (32, 87), (32, 89), (32, 90), (32, 94), (32, 95), (32, 96), (32, 98), (32, 99), (33, 36), (33, 37), (33, 38), (33, 39), (33, 40), (33, 41), (33, 43), (33, 44), (33, 46), (33, 47), (33, 48), (33, 49), (33, 52), (33, 53), (33, 56), (33, 58), (33, 59), (33, 60), (33, 61), (33, 62), (33, 63), (33, 64), (33, 65), (33, 67), (33, 69), (33, 70), (33, 71), (33, 72), (33, 73), (33, 75), (33, 76), (33, 77), (33, 78), (33, 79), (33, 81), (33, 83), (33, 86), (33, 88), (33, 91), (33, 92), (33, 93), (33, 94), (33, 95), (33, 96), (33, 98), (33, 99), (34, 38), (34, 39), (34, 41), (34, 42), (34, 46), (34, 47), (34, 49), (34, 51), (34, 52), (34, 53), (34, 54), (34, 56), (34, 59), (34, 60), (34, 61), (34, 62), (34, 63), (34, 64), (34, 68), (34, 69), (34, 70), (34, 72), (34, 73), (34, 74), (34, 75), (34, 76), (34, 79), (34, 80), (34, 81), (34, 83), (34, 84), (34, 85), (34, 86), (34, 87), (34, 88), (34, 89), (34, 92), (34, 93), (34, 96), (34, 97), (34, 99), (35, 38), (35, 44), (35, 46), (35, 47), (35, 50), (35, 51), (35, 53), (35, 55), (35, 56), (35, 57), (35, 58), (35, 59), (35, 60), (35, 64), (35, 65), (35, 68), (35, 69), (35, 71), (35, 73), (35, 74), (35, 76), (35, 79), (35, 81), (35, 83), (35, 88), (35, 89), (35, 90), (35, 91), (35, 92), (35, 93), (35, 97), (36, 38), (36, 39), (36, 40), (36, 42), (36, 45), (36, 46), (36, 48), (36, 49), (36, 50), (36, 54), (36, 55), (36, 56), (36, 59), (36, 61), (36, 67), (36, 68), (36, 69), (36, 70), (36, 74), (36, 76), (36, 81), (36, 82), (36, 83), (36, 84), (36, 86), (36, 90), (36, 93), (36, 94), (36, 95), (36, 98), (37, 38), (37, 39), (37, 41), (37, 43), (37, 44), (37, 45), (37, 46), (37, 47), (37, 49), (37, 52), (37, 53), (37, 54), (37, 55), (37, 56), (37, 57), (37, 58), (37, 60), (37, 62), (37, 63), (37, 64), (37, 65), (37, 67), (37, 68), (37, 69), (37, 70), (37, 71), (37, 72), (37, 73), (37, 75), (37, 76), (37, 78), (37, 80), (37, 82), (37, 85), (37, 86), (37, 88), (37, 89), (37, 91), (37, 92), (37, 93), (37, 95), (37, 97), (37, 98), (38, 39), (38, 45), (38, 47), (38, 53), (38, 54), (38, 58), (38, 59), (38, 60), (38, 61), (38, 62), (38, 64), (38, 65), (38, 66), (38, 68), (38, 69), (38, 71), (38, 72), (38, 74), (38, 75), (38, 76), (38, 78), (38, 81), (38, 84), (38, 85), (38, 86), (38, 87), (38, 88), (38, 89), (38, 91), (38, 92), (38, 93), (38, 96), (38, 97), (39, 41), (39, 42), (39, 43), (39, 54), (39, 55), (39, 60), (39, 62), (39, 63), (39, 64), (39, 66), (39, 69), (39, 72), (39, 73), (39, 74), (39, 75), (39, 76), (39, 77), (39, 79), (39, 80), (39, 82), (39, 84), (39, 85), (39, 86), (39, 88), (39, 91), (39, 92), (39, 94), (39, 96), (39, 98), (40, 41), (40, 44), (40, 48), (40, 50), (40, 51), (40, 52), (40, 53), (40, 55), (40, 57), (40, 58), (40, 59), (40, 63), (40, 64), (40, 66), (40, 68), (40, 69), (40, 70), (40, 72), (40, 73), (40, 75), (40, 77), (40, 78), (40, 79), (40, 82), (40, 83), (40, 87), (40, 88), (40, 89), (40, 90), (40, 91), (40, 92), (40, 93), (40, 94), (40, 95), (40, 97), (40, 98), (40, 99), (41, 42), (41, 47), (41, 49), (41, 51), (41, 52), (41, 53), (41, 54), (41, 56), (41, 60), (41, 63), (41, 64), (41, 66), (41, 67), (41, 70), (41, 72), (41, 73), (41, 76), (41, 77), (41, 80), (41, 82), (41, 83), (41, 85), (41, 86), (41, 88), (41, 90), (41, 93), (41, 95), (41, 96), (41, 98), (42, 45), (42, 46), (42, 48), (42, 49), (42, 52), (42, 53), (42, 56), (42, 57), (42, 59), (42, 61), (42, 64), (42, 65), (42, 67), (42, 68), (42, 69), (42, 71), (42, 73), (42, 74), (42, 79), (42, 81), (42, 82), (42, 84), (42, 85), (42, 86), (42, 87), (42, 89), (42, 92), (42, 94), (42, 95), (42, 96), (42, 99), (43, 44), (43, 47), (43, 48), (43, 52), (43, 53), (43, 54), (43, 55), (43, 59), (43, 62), (43, 64), (43, 67), (43, 68), (43, 69), (43, 70), (43, 73), (43, 74), (43, 76), (43, 77), (43, 79), (43, 80), (43, 81), (43, 82), (43, 83), (43, 84), (43, 86), (43, 87), (43, 88), (43, 89), (43, 92), (43, 93), (43, 94), (43, 95), (43, 99), (44, 48), (44, 49), (44, 50), (44, 51), (44, 53), (44, 54), (44, 55), (44, 56), (44, 58), (44, 59), (44, 60), (44, 61), (44, 64), (44, 65), (44, 67), (44, 68), (44, 70), (44, 71), (44, 73), (44, 74), (44, 76), (44, 77), (44, 80), (44, 81), (44, 82), (44, 84), (44, 87), (44, 91), (44, 93), (44, 95), (44, 96), (44, 98), (45, 46), (45, 47), (45, 49), (45, 50), (45, 51), (45, 52), (45, 54), (45, 58), (45, 63), (45, 64), (45, 65), (45, 66), (45, 67), (45, 71), (45, 76), (45, 78), (45, 80), (45, 81), (45, 82), (45, 83), (45, 85), (45, 86), (45, 87), (45, 91), (45, 92), (45, 94), (45, 97), (45, 98), (45, 99), (46, 48), (46, 51), (46, 52), (46, 54), (46, 58), (46, 59), (46, 60), (46, 63), (46, 65), (46, 66), (46, 71), (46, 73), (46, 74), (46, 75), (46, 76), (46, 79), (46, 82), (46, 84), (46, 85), (46, 86), (46, 87), (46, 88), (46, 89), (46, 91), (46, 92), (46, 93), (46, 95), (46, 97), (46, 98), (47, 48), (47, 50), (47, 52), (47, 54), (47, 55), (47, 57), (47, 61), (47, 62), (47, 63), (47, 65), (47, 66), (47, 67), (47, 68), (47, 69), (47, 70), (47, 71), (47, 72), (47, 74), (47, 75), (47, 77), (47, 78), (47, 79), (47, 81), (47, 85), (47, 86), (47, 89), (47, 90), (47, 93), (47, 94), (47, 95), (47, 96), (47, 97), (47, 99), (48, 51), (48, 52), (48, 53), (48, 54), (48, 55), (48, 56), (48, 58), (48, 61), (48, 63), (48, 65), (48, 66), (48, 67), (48, 68), (48, 71), (48, 73), (48, 74), (48, 76), (48, 77), (48, 79), (48, 81), (48, 83), (48, 84), (48, 85), (48, 86), (48, 87), (48, 88), (48, 90), (48, 91), (48, 92), (48, 95), (48, 97), (49, 52), (49, 53), (49, 55), (49, 56), (49, 57), (49, 58), (49, 61), (49, 62), (49, 63), (49, 68), (49, 71), (49, 73), (49, 74), (49, 76), (49, 77), (49, 80), (49, 81), (49, 82), (49, 84), (49, 87), (49, 89), (49, 90), (49, 91), (49, 92), (49, 96), (49, 97), (49, 98), (49, 99), (50, 51), (50, 52), (50, 54), (50, 56), (50, 57), (50, 58), (50, 59), (50, 60), (50, 64), (50, 67), (50, 69), (50, 70), (50, 71), (50, 74), (50, 77), (50, 78), (50, 80), (50, 82), (50, 83), (50, 84), (50, 85), (50, 90), (50, 95), (50, 97), (50, 98), (51, 52), (51, 54), (51, 56), (51, 57), (51, 58), (51, 59), (51, 60), (51, 61), (51, 64), (51, 68), (51, 70), (51, 73), (51, 75), (51, 76), (51, 77), (51, 78), (51, 79), (51, 80), (51, 81), (51, 82), (51, 83), (51, 84), (51, 85), (51, 86), (51, 87), (51, 89), (51, 91), (51, 92), (51, 95), (51, 96), (52, 54), (52, 56), (52, 61), (52, 62), (52, 64), (52, 66), (52, 67), (52, 68), (52, 69), (52, 72), (52, 73), (52, 74), (52, 76), (52, 77), (52, 78), (52, 81), (52, 83), (52, 87), (52, 91), (52, 93), (52, 94), (53, 54), (53, 55), (53, 56), (53, 57), (53, 60), (53, 61), (53, 62), (53, 64), (53, 68), (53, 70), (53, 71), (53, 72), (53, 74), (53, 75), (53, 76), (53, 77), (53, 79), (53, 80), (53, 81), (53, 83), (53, 85), (53, 91), (53, 92), (53, 94), (53, 95), (53, 96), (53, 97), (53, 99), (54, 60), (54, 62), (54, 63), (54, 67), (54, 69), (54, 70), (54, 71), (54, 73), (54, 74), (54, 76), (54, 77), (54, 78), (54, 80), (54, 85), (54, 86), (54, 87), (54, 88), (54, 90), (54, 92), (54, 94), (54, 95), (54, 97), (54, 98), (54, 99), (55, 56), (55, 58), (55, 60), (55, 61), (55, 62), (55, 63), (55, 64), (55, 65), (55, 66), (55, 70), (55, 74), (55, 76), (55, 77), (55, 80), (55, 83), (55, 84), (55, 88), (55, 89), (55, 90), (55, 91), (55, 93), (55, 95), (55, 97), (55, 99), (56, 58), (56, 60), (56, 61), (56, 63), (56, 64), (56, 65), (56, 66), (56, 67), (56, 68), (56, 70), (56, 71), (56, 72), (56, 74), (56, 75), (56, 77), (56, 78), (56, 79), (56, 82), (56, 83), (56, 87), (56, 88), (56, 89), (56, 90), (56, 94), (56, 96), (56, 97), (56, 98), (56, 99), (57, 62), (57, 63), (57, 65), (57, 69), (57, 70), (57, 71), (57, 72), (57, 76), (57, 77), (57, 79), (57, 81), (57, 82), (57, 83), (57, 88), (57, 89), (57, 92), (57, 93), (57, 95), (57, 96), (57, 97), (57, 98), (58, 59), (58, 61), (58, 64), (58, 67), (58, 68), (58, 70), (58, 71), (58, 72), (58, 75), (58, 76), (58, 77), (58, 78), (58, 81), (58, 83), (58, 85), (58, 89), (58, 90), (58, 92), (58, 93), (58, 95), (58, 96), (58, 97), (58, 98), (58, 99), (59, 60), (59, 61), (59, 62), (59, 63), (59, 66), (59, 67), (59, 68), (59, 69), (59, 71), (59, 72), (59, 74), (59, 75), (59, 77), (59, 79), (59, 80), (59, 82), (59, 84), (59, 86), (59, 87), (59, 88), (59, 90), (59, 91), (59, 92), (59, 94), (59, 95), (59, 96), (59, 97), (59, 98), (59, 99), (60, 62), (60, 63), (60, 64), (60, 65), (60, 67), (60, 69), (60, 70), (60, 71), (60, 72), (60, 73), (60, 76), (60, 77), (60, 78), (60, 79), (60, 80), (60, 81), (60, 82), (60, 84), (60, 88), (60, 90), (60, 93), (60, 97), (60, 98), (60, 99), (61, 62), (61, 63), (61, 64), (61, 65), (61, 66), (61, 73), (61, 76), (61, 77), (61, 79), (61, 81), (61, 82), (61, 87), (61, 88), (61, 89), (61, 91), (61, 94), (61, 95), (61, 97), (61, 98), (61, 99), (62, 63), (62, 68), (62, 73), (62, 74), (62, 75), (62, 76), (62, 77), (62, 78), (62, 79), (62, 83), (62, 86), (62, 87), (62, 88), (62, 90), (62, 92), (62, 94), (62, 96), (62, 97), (63, 64), (63, 67), (63, 68), (63, 69), (63, 71), (63, 72), (63, 73), (63, 74), (63, 76), (63, 78), (63, 79), (63, 80), (63, 82), (63, 83), (63, 84), (63, 87), (63, 89), (63, 90), (63, 91), (63, 92), (63, 96), (63, 97), (64, 65), (64, 66), (64, 67), (64, 69), (64, 70), (64, 71), (64, 72), (64, 74), (64, 75), (64, 76), (64, 81), (64, 85), (64, 86), (64, 87), (64, 88), (64, 89), (64, 90), (64, 91), (64, 92), (64, 93), (64, 95), (64, 97), (64, 98), (64, 99), (65, 67), (65, 68), (65, 70), (65, 73), (65, 74), (65, 75), (65, 76), (65, 77), (65, 78), (65, 79), (65, 80), (65, 81), (65, 84), (65, 87), (65, 89), (65, 90), (65, 91), (65, 93), (65, 94), (65, 95), (65, 96), (66, 69), (66, 71), (66, 72), (66, 74), (66, 76), (66, 78), (66, 79), (66, 80), (66, 81), (66, 85), (66, 87), (66, 88), (66, 92), (66, 99), (67, 68), (67, 71), (67, 72), (67, 75), (67, 76), (67, 78), (67, 80), (67, 81), (67, 83), (67, 85), (67, 90), (67, 91), (67, 94), (67, 96), (67, 99), (68, 69), (68, 70), (68, 71), (68, 72), (68, 81), (68, 82), (68, 84), (68, 85), (68, 86), (68, 88), (68, 90), (68, 91), (68, 92), (68, 93), (68, 96), (68, 98), (69, 73), (69, 74), (69, 75), (69, 76), (69, 77), (69, 78), (69, 79), (69, 81), (69, 82), (69, 84), (69, 90), (69, 91), (69, 95), (69, 97), (69, 98), (70, 71), (70, 72), (70, 74), (70, 76), (70, 78), (70, 81), (70, 83), (70, 85), (70, 86), (70, 89), (70, 90), (70, 91), (70, 94), (70, 95), (70, 99), (71, 72), (71, 74), (71, 78), (71, 80), (71, 81), (71, 82), (71, 83), (71, 87), (71, 90), (71, 91), (71, 92), (71, 96), (71, 99), (72, 73), (72, 77), (72, 78), (72, 81), (72, 83), (72, 86), (72, 87), (72, 88), (72, 89), (72, 90), (72, 91), (72, 93), (72, 94), (72, 95), (72, 96), (72, 97), (72, 99), (73, 74), (73, 75), (73, 76), (73, 78), (73, 80), (73, 84), (73, 86), (73, 87), (73, 88), (73, 92), (73, 93), (73, 95), (73, 96), (73, 98), (73, 99), (74, 75), (74, 78), (74, 81), (74, 82), (74, 83), (74, 84), (74, 85), (74, 86), (74, 88), (74, 91), (74, 93), (74, 96), (74, 99), (75, 77), (75, 78), (75, 79), (75, 80), (75, 81), (75, 82), (75, 83), (75, 84), (75, 85), (75, 86), (75, 87), (75, 89), (75, 91), (75, 92), (75, 93), (75, 95), (75, 96), (75, 97), (75, 99), (76, 77), (76, 78), (76, 79), (76, 80), (76, 84), (76, 85), (76, 86), (76, 87), (76, 88), (76, 90), (76, 92), (76, 94), (76, 97), (76, 98), (76, 99), (77, 78), (77, 81), (77, 83), (77, 87), (77, 88), (77, 91), (77, 92), (77, 95), (77, 96), (77, 98), (77, 99), (78, 81), (78, 83), (78, 85), (78, 86), (78, 87), (78, 91), (78, 92), (78, 94), (78, 95), (78, 96), (78, 97), (78, 98), (79, 81), (79, 85), (79, 86), (79, 87), (79, 88), (79, 89), (79, 90), (79, 92), (79, 93), (79, 96), (80, 81), (80, 82), (80, 84), (80, 85), (80, 86), (80, 87), (80, 88), (80, 90), (80, 91), (80, 93), (80, 95), (80, 97), (80, 98), (81, 83), (81, 85), (81, 89), (81, 90), (81, 91), (81, 92), (81, 95), (81, 96), (81, 98), (81, 99), (82, 84), (82, 86), (82, 87), (82, 89), (82, 93), (82, 94), (82, 96), (82, 98), (83, 84), (83, 85), (83, 86), (83, 88), (83, 90), (83, 91), (83, 92), (83, 93), (83, 94), (83, 95), (84, 85), (84, 87), (84, 88), (84, 90), (84, 94), (84, 95), (84, 96), (84, 99), (85, 87), (85, 89), (85, 90), (85, 91), (85, 92), (85, 93), (85, 96), (85, 98), (85, 99), (86, 89), (86, 91), (86, 93), (86, 94), (86, 97), (87, 88), (87, 89), (87, 90), (87, 95), (87, 96), (87, 97), (87, 99), (88, 90), (88, 92), (88, 95), (88, 99), (89, 91), (89, 92), (89, 94), (89, 95), (89, 97), (89, 99), (90, 91), (90, 92), (90, 93), (90, 96), (91, 93), (91, 94), (91, 95), (91, 96), (91, 98), (91, 99), (92, 93), (92, 94), (92, 95), (92, 99), (93, 94), (93, 97), (93, 98), (94, 96), (94, 98), (94, 99), (95, 96), (95, 97), (95, 99), (96, 97), (97, 98), (98, 99), 
log2_p_plus:          -1.24865
log2_1_minus_p_plus:  -0.787974
log2_p_minus:         -1.24865
log2_1_minus_p_minus: -0.787974
p_plus:  0.420843
p_minus: 0.420843

  Beginning edge heuristic pre-computation...
  ...Finished edge heuristic pre-computation.
The special edge set gets a score of -3812.82

Beginning Iteration 1...
	Mutating
	Mating
	Scoring
...Finished iteration with a best score of -3900.47

Beginning Iteration 2...
	Mutating
	Mating
	Scoring
...Finished iteration with a best score of -3900.47

Beginning Iteration 3...
	Mutating
	Mating
	Scoring
...Finished iteration with a best score of -3900.47

Beginning Iteration 4...
	Mutating
	Mating
	Scoring
...Finished iteration with a best score of -3900.47

Beginning Iteration 5...
	Mutating
	Mating
	Scoring
...Finished iteration with a best score of -3900.47

Beginning Iteration 6...
	Mutating
	Mating
	Scoring
...Finished iteration with a best score of -3900.47

Beginning Iteration 7...
	Mutating
	Mating
	Scoring
...Finished iteration with a best score of -3900.47

Beginning Iteration 8...
	Mutating
	Mating
	Scoring
...Finished iteration with a best score of -3900.47

Beginning Iteration 9...
	Mutating
	Mating
	Scoring
...Finished iteration with a best score of -3900.47

Beginning Iteration 10...
	Mutating
	Mating
	Scoring
...Finished iteration with a best score of -3900.47

Beginning Iteration 11...
	Mutating
	Mating
	Scoring
...Finished iteration with a best score of -3900.47

Beginning Iteration 12...
	Mutating
	Mating
	Scoring
...Finished iteration with a best score of -3900.47

Beginning Iteration 13...
	Mutating
	Mating
	Scoring
...Finished iteration with a best score of -3900.47

Beginning Iteration 14...
	Mutating
	Mating
	Scoring
...Finished iteration with a best score of -3900.47

Beginning Iteration 15...
	Mutating
	Mating
	Scoring
...Finished iteration with a best score of -3900.47

Beginning Iteration 16...
	Mutating
	Mating
	Scoring
...Finished iteration with a best score of -3900.47

Beginning Iteration 17...
	Mutating
	Mating
	Scoring
...Finished iteration with a best score of -3900.47

Beginning Iteration 18...
	Mutating
	Mating
	Scoring
...Finished iteration with a best score of -3900.47

Beginning Iteration 19...
	Mutating
	Mating
	Scoring
...Finished iteration with a best score of -3900.47

Beginning Iteration 20...
	Mutating
	Mating
	Scoring
...Finished iteration with a best score of -3900.47

Beginning Iteration 21...
	Mutating
	Mating
	Scoring
...Finished iteration with a best score of -3900.47

Beginning Iteration 22...
	Mutating
	Mating
	Scoring
...Finished iteration with a best score of -3900.47

Beginning Iteration 23...
	Mutating
	Mating
	Scoring
...Finished iteration with a best score of -3900.47

Beginning Iteration 24...
	Mutating
	Mating
	Scoring
...Finished iteration with a best score of -3900.47

Beginning Iteration 25...
	Mutating
	Mating
	Scoring
...Finished iteration with a best score of -3900.47

Beginning Iteration 26...
	Mutating
	Mating
	Scoring
...Finished iteration with a best score of -3900.47

Beginning Iteration 27...
	Mutating
	Mating
	Scoring
...Finished iteration with a best score of -3900.47

Beginning Iteration 28...
	Mutating
	Mating
	Scoring
...Finished iteration with a best score of -3900.47

Beginning Iteration 29...
	Mutating
	Mating
	Scoring
...Finished iteration with a best score of -3900.47

Beginning Iteration 30...
	Mutating
	Mating
	Scoring
...Finished iteration with a best score of -3900.47

Beginning Iteration 31...
	Mutating
	Mating
	Scoring
...Finished iteration with a best score of -3900.47

Beginning Iteration 32...
	Mutating
	Mating
	Scoring
...Finished iteration with a best score of -3900.47

Beginning Iteration 33...
	Mutating
	Mating
	Scoring
...Finished iteration with a best score of -3900.47

Beginning Iteration 34...
	Mutating
	Mating
	Scoring
...Finished iteration with a best score of -3900.47

Beginning Iteration 35...
	Mutating
	Mating
	Scoring
...Finished iteration with a best score of -3900.47

Beginning Iteration 36...
	Mutating
	Mating
	Scoring
...Finished iteration with a best score of -3900.47

Beginning Iteration 37...
	Mutating
	Mating
	Scoring
...Finished iteration with a best score of -3900.47

Beginning Iteration 38...
	Mutating
	Mating
	Scoring
...Finished iteration with a best score of -3900.47

Beginning Iteration 39...
	Mutating
	Mating
	Scoring
...Finished iteration with a best score of -3900.47

Beginning Iteration 40...
	Mutating
	Mating
	Scoring
...Finished iteration with a best score of -3900.47

Beginning Iteration 41...
	Mutating
	Mating
	Scoring
...Finished iteration with a best score of -3900.47

Beginning Iteration 42...
	Mutating
	Mating
	Scoring
...Finished iteration with a best score of -3900.47

Beginning Iteration 43...
	Mutating
	Mating
	Scoring
...Finished iteration with a best score of -3900.47

Beginning Iteration 44...
	Mutating
	Mating
	Scoring
...Finished iteration with a best score of -3900.47

Beginning Iteration 45...
	Mutating
	Mating
	Scoring
...Finished iteration with a best score of -3900.47

Beginning Iteration 46...
	Mutating
	Mating
	Scoring
...Finished iteration with a best score of -3900.47

Beginning Iteration 47...
	Mutating
	Mating
	Scoring
...Finished iteration with a best score of -3900.47

Beginning Iteration 48...
	Mutating
	Mating
	Scoring
...Finished iteration with a best score of -3900.47

Beginning Iteration 49...
	Mutating
	Mating
	Scoring
...Finished iteration with a best score of -3900.47

Beginning Iteration 50...
	Mutating
	Mating
	Scoring
...Finished iteration with a best score of -3900.47

Beginning Iteration 51...
	Mutating
	Mating
	Scoring
...Finished iteration with a best score of -3900.47

Beginning Iteration 52...
	Mutating
	Mating
	Scoring
...Finished iteration with a best score of -3900.47

Beginning Iteration 53...
	Mutating
	Mating
	Scoring
...Finished iteration with a best score of -3900.47

Beginning Iteration 54...
	Mutating
	Mating
	Scoring
...Finished iteration with a best score of -3900.47

Beginning Iteration 55...
	Mutating
	Mating
	Scoring
...Finished iteration with a best score of -3900.47

Beginning Iteration 56...
	Mutating
	Mating
	Scoring
...Finished iteration with a best score of -3900.47

Beginning Iteration 57...
	Mutating
	Mating
	Scoring
...Finished iteration with a best score of -3900.47

Beginning Iteration 58...
	Mutating
	Mating
	Scoring
...Finished iteration with a best score of -3900.47

Beginning Iteration 59...
	Mutating
	Mating
	Scoring
...Finished iteration with a best score of -3900.47

Beginning Iteration 60...
	Mutating
	Mating
	Scoring
...Finished iteration with a best score of -3900.47

Beginning Iteration 61...
	Mutating
	Mating
	Scoring
...Finished iteration with a best score of -3900.47

Beginning Iteration 62...
	Mutating
	Mating
	Scoring
...Finished iteration with a best score of -3900.47

Beginning Iteration 63...
	Mutating
	Mating
	Scoring
...Finished iteration with a best score of -3900.47

Beginning Iteration 64...
	Mutating
	Mating
	Scoring
...Finished iteration with a best score of -3900.47

Beginning Iteration 65...
	Mutating
	Mating
	Scoring
...Finished iteration with a best score of -3900.47

Beginning Iteration 66...
	Mutating
	Mating
	Scoring
...Finished iteration with a best score of -3900.47

Beginning Iteration 67...
	Mutating
	Mating
	Scoring
...Finished iteration with a best score of -3900.47

Beginning Iteration 68...
	Mutating
	Mating
	Scoring
...Finished iteration with a best score of -3900.47

Beginning Iteration 69...
	Mutating
	Mating
	Scoring
...Finished iteration with a best score of -3900.47

Beginning Iteration 70...
	Mutating
	Mating
	Scoring
...Finished iteration with a best score of -3900.47

Beginning Iteration 71...
	Mutating
	Mating
	Scoring
...Finished iteration with a best score of -3900.47

Beginning Iteration 72...
	Mutating
	Mating
	Scoring
...Finished iteration with a best score of -3900.47

Beginning Iteration 73...
	Mutating
	Mating
	Scoring
...Finished iteration with a best score of -3900.47

Beginning Iteration 74...
	Mutating
	Mating
	Scoring
...Finished iteration with a best score of -3900.47

Beginning Iteration 75...
	Mutating
	Mating
	Scoring
...Finished iteration with a best score of -3900.47

Beginning Iteration 76...
	Mutating
	Mating
	Scoring
...Finished iteration with a best score of -3900.47

Beginning Iteration 77...
	Mutating
	Mating
	Scoring
...Finished iteration with a best score of -3900.47

Beginning Iteration 78...
	Mutating
	Mating
	Scoring
...Finished iteration with a best score of -3900.47

Beginning Iteration 79...
	Mutating
	Mating
	Scoring
...Finished iteration with a best score of -3900.47

Beginning Iteration 80...
	Mutating
	Mating
	Scoring
...Finished iteration with a best score of -3900.47

Beginning Iteration 81...
	Mutating
	Mating
	Scoring
...Finished iteration with a best score of -3900.47

Beginning Iteration 82...
	Mutating
	Mating
	Scoring
...Finished iteration with a best score of -3900.47

Beginning Iteration 83...
	Mutating
	Mating
	Scoring
...Finished iteration with a best score of -3900.47

Beginning Iteration 84...
	Mutating
	Mating
	Scoring
...Finished iteration with a best score of -3900.47

Beginning Iteration 85...
	Mutating
	Mating
	Scoring
...Finished iteration with a best score of -3900.47

Beginning Iteration 86...
	Mutating
	Mating
	Scoring
...Finished iteration with a best score of -3900.47

Beginning Iteration 87...
	Mutating
	Mating
	Scoring
...Finished iteration with a best score of -3900.47

Beginning Iteration 88...
	Mutating
	Mating
	Scoring
...Finished iteration with a best score of -3900.47

Beginning Iteration 89...
	Mutating
	Mating
	Scoring
...Finished iteration with a best score of -3900.47

Beginning Iteration 90...
	Mutating
	Mating
	Scoring
...Finished iteration with a best score of -3900.47

Beginning Iteration 91...
	Mutating
	Mating
	Scoring
...Finished iteration with a best score of -3900.47

Beginning Iteration 92...
	Mutating
	Mating
	Scoring
...Finished iteration with a best score of -3900.47

Beginning Iteration 93...
	Mutating
	Mating
	Scoring
...Finished iteration with a best score of -3900.47

Beginning Iteration 94...
	Mutating
	Mating
	Scoring
...Finished iteration with a best score of -3900.47

Beginning Iteration 95...
	Mutating
	Mating
	Scoring
...Finished iteration with a best score of -3900.47

Beginning Iteration 96...
	Mutating
	Mating
	Scoring
...Finished iteration with a best score of -3900.47

Beginning Iteration 97...
	Mutating
	Mating
	Scoring
...Finished iteration with a best score of -3900.47

Beginning Iteration 98...
	Mutating
	Mating
	Scoring
...Finished iteration with a best score of -3900.47

Beginning Iteration 99...
	Mutating
	Mating
	Scoring
...Finished iteration with a best score of -3900.47

Beginning Iteration 100...
	Mutating
	Mating
	Scoring
...Finished iteration with a best score of -3900.47

Beginning Iteration 101...
	Mutating
	Mating
	Scoring
...Finished iteration with a best score of -3900.47

Beginning Iteration 102...
	Mutating
	Mating
	Scoring
...Finished iteration with a best score of -3900.47

Beginning Iteration 103...
	Mutating
	Mating
	Scoring
...Finished iteration with a best score of -3900.47

Beginning Iteration 104...
	Mutating
	Mating
	Scoring
...Finished iteration with a best score of -3900.47

Beginning Iteration 105...
	Mutating
	Mating
	Scoring
...Finished iteration with a best score of -3900.47

Beginning Iteration 106...
	Mutating
	Mating
	Scoring
...Finished iteration with a best score of -3900.47

Beginning Iteration 107...
	Mutating
	Mating
	Scoring
...Finished iteration with a best score of -3900.47

Beginning Iteration 108...
	Mutating
	Mating
	Scoring
...Finished iteration with a best score of -3900.47

Beginning Iteration 109...
	Mutating
	Mating
	Scoring
...Finished iteration with a best score of -3900.47

Beginning Iteration 110...
	Mutating
	Mating
	Scoring
...Finished iteration with a best score of -3900.47

Beginning Iteration 111...
	Mutating
	Mating
	Scoring
...Finished iteration with a best score of -3900.47

Beginning Iteration 112...
	Mutating
	Mating
	Scoring
...Finished iteration with a best score of -3900.47

Beginning Iteration 113...
	Mutating
	Mating
	Scoring
...Finished iteration with a best score of -3900.47

Beginning Iteration 114...
	Mutating
	Mating
	Scoring
...Finished iteration with a best score of -3900.47

Beginning Iteration 115...
	Mutating
	Mating
	Scoring
...Finished iteration with a best score of -3900.47

Beginning Iteration 116...
	Mutating
	Mating
	Scoring
...Finished iteration with a best score of -3900.47

Beginning Iteration 117...
	Mutating
	Mating
	Scoring
...Finished iteration with a best score of -3900.47

Beginning Iteration 118...
	Mutating
	Mating
	Scoring
...Finished iteration with a best score of -3900.47

Beginning Iteration 119...
	Mutating
	Mating
	Scoring
...Finished iteration with a best score of -3900.47

Beginning Iteration 120...
	Mutating
	Mating
	Scoring
...Finished iteration with a best score of -3900.47

Beginning Iteration 121...
	Mutating
	Mating
	Scoring
...Finished iteration with a best score of -3900.47

Beginning Iteration 122...
	Mutating
	Mating
	Scoring
...Finished iteration with a best score of -3900.47

Beginning Iteration 123...
	Mutating
	Mating
	Scoring
...Finished iteration with a best score of -3900.47

Beginning Iteration 124...
	Mutating
	Mating
	Scoring
...Finished iteration with a best score of -3900.47

Beginning Iteration 125...
	Mutating
	Mating
	Scoring
...Finished iteration with a best score of -3900.47

Beginning Iteration 126...
	Mutating
	Mating
	Scoring
...Finished iteration with a best score of -3900.47

Beginning Iteration 127...
	Mutating
	Mating
	Scoring
...Finished iteration with a best score of -3900.47

Beginning Iteration 128...
	Mutating
	Mating
	Scoring
...Finished iteration with a best score of -3900.47

Beginning Iteration 129...
	Mutating
	Mating
	Scoring
...Finished iteration with a best score of -3900.47

Beginning Iteration 130...
	Mutating
	Mating
	Scoring
...Finished iteration with a best score of -3900.47

Beginning Iteration 131...
	Mutating
	Mating
	Scoring
...Finished iteration with a best score of -3900.47

Beginning Iteration 132...
	Mutating
	Mating
Hash collision at depth 0 with hash value 14709314
	Scoring
...Finished iteration with a best score of -3900.47

Beginning Iteration 133...
	Mutating
	Mating
	Scoring
...Finished iteration with a best score of -3900.47

Beginning Iteration 134...
	Mutating
	Mating
	Scoring
...Finished iteration with a best score of -3900.47

Beginning Iteration 135...
	Mutating
	Mating
	Scoring
...Finished iteration with a best score of -3900.47

Beginning Iteration 136...
	Mutating
	Mating
	Scoring
...Finished iteration with a best score of -3900.47

Beginning Iteration 137...
	Mutating
	Mating
	Scoring
...Finished iteration with a best score of -3900.47

Beginning Iteration 138...
	Mutating
	Mating
	Scoring
...Finished iteration with a best score of -3900.47

Beginning Iteration 139...
	Mutating
	Mating
	Scoring
...Finished iteration with a best score of -3900.47

Beginning Iteration 140...
	Mutating
	Mating
	Scoring
...Finished iteration with a best score of -3900.47

Beginning Iteration 141...
	Mutating
	Mating
	Scoring
...Finished iteration with a best score of -3900.47

Beginning Iteration 142...
	Mutating
	Mating
	Scoring
...Finished iteration with a best score of -3900.47

Beginning Iteration 143...
	Mutating
	Mating
	Scoring
...Finished iteration with a best score of -3900.47

Beginning Iteration 144...
	Mutating
	Mating
	Scoring
...Finished iteration with a best score of -3900.47

Beginning Iteration 145...
	Mutating
	Mating
	Scoring
...Finished iteration with a best score of -3900.47

Beginning Iteration 146...
	Mutating
	Mating
	Scoring
...Finished iteration with a best score of -3900.47

Beginning Iteration 147...
	Mutating
	Mating
	Scoring
...Finished iteration with a best score of -3900.47

Beginning Iteration 148...
	Mutating
	Mating
	Scoring
...Finished iteration with a best score of -3900.47

Beginning Iteration 149...
	Mutating
	Mating
	Scoring
...Finished iteration with a best score of -3900.47

Beginning Iteration 150...
	Mutating
	Mating
	Scoring
...Finished iteration with a best score of -3900.47

With a score of -3900.47 we have log2(|Aut(G_H)|) of 0
With edges: 


With a score of -3900.93 we have log2(|Aut(G_H)|) of 0
With edges: 
(79, 89), 

With a score of -3900.93 we have log2(|Aut(G_H)|) of 0
With edges: 
(4, 47), 

With a score of -3900.93 we have log2(|Aut(G_H)|) of 0
With edges: 
(18, 35), 

With a score of -3900.93 we have log2(|Aut(G_H)|) of 0
With edges: 
(9, 67), 

With a score of -3900.93 we have log2(|Aut(G_H)|) of 0
With edges: 
(52, 56), 

With a score of -3900.93 we have log2(|Aut(G_H)|) of 0
With edges: 
(9, 80), 

With a score of -3900.93 we have log2(|Aut(G_H)|) of 0
With edges: 
(4, 45), 

With a score of -3900.93 we have log2(|Aut(G_H)|) of 0
With edges: 
(19, 77), 

With a score of -3900.93 we have log2(|Aut(G_H)|) of 0
With edges: 
(51, 84), 

