1 1 3
1 1 5
1 1 5
1 1 4
1 1 4
1 1 4
1 1 4
1 1 4
1 1 5
1 2 0
1 2 4
1 2 4
1 3 1
1 3 0
1 3 3
1 3 2
1 3 5
1 3 4
1 3 4
1 3 5
1 3 5
1 3 4
1 4 0
1 4 1
1 4 1
1 4 0
1 4 4
1 4 4
1 4 5
1 4 4
1 5 1
1 5 0
1 5 0
1 5 4
1 5 5
1 5 4
1 5 4
1 5 4
1 5 4
1 5 5
1 6 0
1 6 2
1 6 4
1 6 4
1 6 4
1 7 1
1 7 2
1 7 2
1 7 4
1 7 5
1 7 4
1 7 4
1 7 4
1 7 4
1 7 4
1 7 4
1 7 4
1 7 5
1 7 4
1 7 4
1 7 4
1 8 1
1 8 2
1 8 4
1 9 0
1 9 5
1 10 1
1 10 2
1 10 4
1 10 4
1 10 5
1 10 5
1 10 4
1 10 4
1 11 1
1 12 0
1 12 0
1 12 1
1 12 2
1 12 4
1 12 4
1 12 4
1 12 5
1 12 4
1 13 4
1 13 4
1 13 4
1 13 4
1 14 0
1 14 1
1 14 2
1 14 2
1 14 2
1 14 2
1 14 4
1 14 4
1 15 3
1 15 2
1 15 4
1 15 4
1 15 4
1 16 0
1 16 0
1 16 3
1 16 2
1 16 2
1 16 5
1 16 5
1 17 2
1 18 2
1 19 5
1 20 0
1 20 2
1 20 5
1 20 4
1 20 4
1 21 5
1 21 4
1 22 2
1 23 0
1 23 2
1 23 5
1 23 4
1 24 0
1 24 2
1 24 4
1 24 5
1 25 2
1 25 4
1 25 5
1 25 4
1 26 1
1 26 2
1 26 5
1 26 4
1 26 4
1 27 4
1 27 4
1 27 4
1 28 0
1 28 0
1 28 4
1 28 4
1 28 5
1 28 5
1 28 5
1 30 2
1 31 0
1 31 1
1 32 0
1 32 3
1 32 4
1 33 0
1 33 0
1 33 3
1 33 4
1 33 4
1 34 1
1 34 2
1 34 3
1 34 4
1 34 4
1 35 4
1 35 4
1 36 1
1 36 3
1 37 4
1 38 5
1 39 4
1 40 1
1 40 3
1 40 2
1 40 2
1 40 4
1 40 5
1 40 4
1 42 0
1 42 2
1 42 3
1 42 2
1 43 1
1 43 2
1 43 4
1 44 4
1 45 0
1 45 5
1 46 0
1 46 5
1 47 0
1 47 1
1 47 5
1 47 4
1 47 4
1 47 4
1 47 4
1 48 1
1 48 4
1 48 4
1 49 1
1 49 4
1 49 4
1 50 2
1 50 3
1 51 1
1 52 2
1 52 5
1 52 4
1 52 4
1 53 2
1 53 2
1 53 4
1 53 4
1 53 4
1 54 3
1 54 2
1 55 4
1 55 5
1 56 0
1 57 3
1 57 4
1 58 4
1 59 4
1 60 0
1 60 4
1 62 2
1 63 0
1 63 2
1 63 2
1 63 4
1 63 5
1 64 3
1 64 4
1 64 5
1 65 1
1 65 3
1 65 4
1 68 1
1 68 2
1 68 4
1 69 4
1 72 2
1 72 4
1 73 2
1 73 4
1 74 0
1 74 3
1 75 3
1 75 5
1 75 4
1 76 5
1 77 0
1 77 0
1 77 2
1 77 2
1 77 2
1 77 2
1 77 2
1 78 0
1 78 2
1 80 3
1 81 0
1 81 4
1 81 5
1 82 0
1 83 4
1 83 4
1 83 4
1 85 1
1 87 1
1 87 2
1 87 4
1 87 4
1 89 4
1 89 5
1 90 1
1 90 2
1 91 4
1 92 1
1 92 5
1 93 4
1 94 2
1 94 2
1 94 5
1 94 4
1 94 4
1 94 4
1 94 4
1 94 4
1 94 5
1 96 5
1 100 0
1 101 4
1 102 0
1 102 0
1 102 1
1 102 2
1 102 3
1 104 3
1 104 5
1 106 3
1 108 5
1 110 4
1 110 4
1 111 2
1 111 4
1 112 3
1 114 1
1 119 2
1 120 3
1 121 3
1 121 4
1 122 0
1 122 1
1 126 1
1 130 1
1 131 2
1 135 2
1 135 3
1 136 3
1 136 4
1 137 4
1 142 5
1 143 3
1 144 4
2 1 1
2 1 5
2 1 5
2 1 4
2 2 1
2 2 4
2 2 4
2 2 4
2 2 4
2 2 4
2 2 5
2 2 4
2 3 4
2 4 1
2 4 0
2 4 1
2 4 1
2 4 4
2 4 4
2 4 5
2 4 4
2 4 5
2 4 4
2 4 4
2 4 4
2 5 0
2 6 1
2 6 2
2 6 3
2 6 3
2 6 4
2 6 4
2 6 5
2 7 4
2 7 5
2 7 4
2 7 4
2 7 5
2 7 4
2 7 5
2 7 4
2 8 5
2 9 4
2 10 2
2 10 4
2 10 5
2 10 5
2 10 5
2 11 4
2 11 5
2 11 5
2 11 4
2 11 4
2 12 1
2 12 4
2 12 4
2 12 4
2 12 4
2 13 0
2 13 3
2 13 4
2 13 5
2 13 4
2 13 4
2 14 0
2 14 0
2 14 2
2 14 4
2 14 4
2 14 4
2 14 4
2 14 4
2 14 4
2 15 2
2 15 2
2 15 4
2 15 4
2 15 4
2 15 4
2 16 0
2 16 4
2 17 1
2 17 4
2 18 4
2 19 3
2 19 2
2 19 4
2 19 5
2 19 4
2 19 5
2 19 4
2 20 3
2 20 2
2 20 4
2 21 2
2 21 2
2 21 2
2 21 3
2 21 2
2 21 5
2 21 4
2 21 4
2 22 3
2 22 3
2 22 5
2 22 5
2 22 5
2 23 3
2 23 2
2 23 5
2 23 4
2 23 4
2 24 0
2 24 1
2 24 2
2 24 4
2 24 4
2 24 5
2 25 2
2 25 2
2 25 2
2 25 4
2 25 4
2 25 5
2 25 5
2 25 4
2 25 4
2 25 4
2 26 3
2 26 5
2 27 4
2 27 5
2 29 1
2 29 3
2 29 2
2 29 3
2 29 2
2 29 2
2 29 4
2 29 4
2 29 4
2 29 5
2 30 2
2 30 4
2 31 4
2 31 4
2 31 4
2 32 1
2 32 3
2 32 3
2 32 4
2 32 4
2 32 5
2 33 0
2 33 3
2 33 5
2 33 4
2 33 4
2 33 4
2 34 4
2 35 3
2 35 5
2 36 0
2 36 1
2 37 3
2 38 2
2 38 5
2 38 4
2 40 2
2 40 2
2 41 1
2 41 3
2 42 1
2 42 2
2 42 3
2 42 5
2 45 5
2 48 1
2 48 4
2 50 4
2 50 5
2 51 5
2 52 4
2 52 4
2 52 5
2 53 2
2 53 3
2 53 4
2 53 4
2 54 1
2 54 3
2 54 4
2 54 5
2 54 4
2 54 5
2 54 4
2 54 4
2 55 1
2 55 2
2 55 2
2 56 2
2 57 0
2 57 2
2 57 3
2 57 4
2 57 4
2 57 4
2 58 3
2 58 3
2 58 5
2 60 2
2 60 5
2 62 2
2 62 4
2 64 4
2 65 3
2 65 4
2 66 5
2 67 3
2 67 5
2 69 1
2 70 1
2 70 2
2 71 3
2 71 4
2 71 4
2 72 4
2 73 2
2 73 2
2 73 4
2 75 3
2 75 2
2 75 2
2 75 5
2 75 4
2 75 4
2 75 5
2 76 2
2 76 4
2 77 4
2 77 5
2 79 1
2 80 3
2 81 3
2 81 3
2 81 5
2 81 4
2 83 1
2 83 5
2 84 1
2 84 2
2 84 4
2 84 4
2 85 0
2 85 1
2 85 3
2 85 4
2 88 0
2 89 2
2 92 2
2 92 3
2 94 3
2 94 3
2 94 3
2 94 5
2 94 5
2 96 2
2 97 0
2 97 4
2 101 4
2 104 1
2 104 4
2 105 0
2 105 1
2 105 4
2 106 0
2 106 4
2 110 4
2 112 1
2 112 2
2 114 1
2 115 2
2 118 2
2 119 0
2 120 2
2 120 4
2 121 3
2 121 4
2 122 1
2 122 1
2 122 1
2 126 2
2 126 2
2 126 3
2 126 4
2 127 2
2 129 2
2 130 2
2 131 4
2 141 1
2 141 2
2 142 2
2 142 2
2 142 3
2 142 5
2 142 5
2 143 4
3 1 2
3 1 5
3 1 4
3 2 1
3 2 0
3 2 0
3 2 4
3 3 2
3 3 3
3 3 2
3 3 4
3 3 4
3 3 4
3 3 4
3 3 5
3 4 1
3 4 5
3 4 4
3 5 1
3 5 1
3 5 2
3 5 3
3 5 3
3 5 4
3 5 4
3 5 5
3 6 1
3 7 4
3 7 4
3 7 4
3 8 0
3 8 4
3 9 4
3 10 2
3 10 4
3 11 0
3 11 2
3 11 4
3 11 4
3 11 4
3 11 5
3 12 1
3 12 3
3 12 2
3 12 2
3 12 2
3 12 4
3 13 0
3 13 2
3 13 4
3 13 4
3 13 4
3 13 4
3 14 0
3 14 0
3 14 3
3 14 5
3 15 3
3 16 2
3 16 3
3 16 5
3 16 4
3 17 3
3 17 3
3 17 2
3 17 4
3 17 5
3 17 5
3 17 4
3 19 1
3 19 0
3 19 2
3 19 5
3 20 2
3 20 4
3 20 4
3 21 5
3 22 3
3 22 4
3 22 5
3 23 1
3 23 2
3 23 4
3 24 1
3 24 2
3 25 2
3 25 2
3 25 2
3 25 4
3 26 2
3 26 2
3 26 5
3 26 5
3 27 4
3 27 5
3 27 4
3 27 4
3 27 4
3 27 4
3 27 5
3 28 5
3 28 4
3 29 2
3 29 4
3 30 3
3 30 5
3 30 4
3 30 4
3 31 2
3 31 4
3 32 2
3 32 2
3 32 4
3 33 0
3 33 2
3 33 2
3 33 2
3 33 4
3 33 5
3 33 4
3 35 3
3 37 3
3 37 2
3 37 2
3 37 2
3 37 4
3 37 4
3 38 3
3 38 5
3 38 4
3 38 4
3 40 3
3 40 5
3 41 3
3 42 4
3 44 2
3 44 3
3 44 3
3 44 3
3 49 4
3 50 1
3 50 4
3 51 3
3 51 3
3 51 4
3 52 3
3 52 2
3 52 2
3 52 4
3 52 4
3 52 5
3 52 5
3 53 0
3 53 4
3 54 3
3 54 4
3 55 0
3 55 2
3 55 3
3 56 3
3 56 2
3 57 2
3 57 3
3 57 4
3 57 4
3 59 2
3 59 4
3 60 3
3 60 5
3 61 1
3 61 2
3 61 3
3 63 1
3 63 1
3 63 2
3 64 2
3 65 3
3 67 2
3 67 4
3 68 0
3 68 5
3 69 3
3 69 2
3 69 3
3 69 2
3 69 3
3 72 2
3 78 1
3 78 3
3 80 4
3 81 0
3 81 1
3 81 0
3 81 2
3 81 2
3 81 3
3 81 4
3 82 2
3 83 4
3 84 2
3 84 4
3 85 4
3 85 4
3 87 2
3 89 4
3 90 4
3 91 3
3 92 0
3 92 3
3 92 3
3 92 4
3 93 4
3 94 4
3 94 4
3 96 5
3 97 1
3 97 0
3 97 4
3 99 2
3 101 4
3 102 2
3 102 4
3 102 5
3 106 2
3 106 3
3 110 3
3 112 2
3 112 4
3 112 4
3 116 5
3 116 4
3 118 2
3 119 5
3 119 4
3 119 4
3 123 4
3 126 0
3 126 5
3 128 4
3 132 1
3 133 4
3 136 0
3 137 2
3 141 2
3 142 0
3 142 2
4 1 5
4 1 4
4 2 2
4 2 4
4 3 3
4 3 3
4 3 4
4 3 4
4 3 4
4 3 4
4 3 4
4 4 0
4 4 0
4 4 4
4 4 5
4 4 4
4 4 5
4 5 2
4 5 2
4 6 3
4 6 4
4 6 4
4 6 4
4 7 0
4 7 3
4 7 2
4 7 3
4 7 2
4 9 4
4 10 5
4 10 4
4 11 3
4 11 3
4 11 4
4 12 0
4 12 3
4 12 2
4 12 2
4 12 4
4 12 4
4 12 5
4 12 4
4 13 2
4 13 4
4 13 4
4 13 4
4 13 4
4 13 4
4 13 4
4 14 1
4 14 5
4 15 3
4 15 4
4 17 3
4 17 2
4 18 2
4 18 4
4 18 4
4 18 4
4 19 5
4 19 5
4 21 1
4 21 0
4 22 3
4 22 4
4 23 0
4 23 2
4 23 3
4 23 4
4 23 4
4 24 2
4 24 2
4 24 3
4 25 4
4 25 4
4 25 5
4 26 3
4 26 4
4 26 4
4 27 2
4 29 2
4 31 4
4 31 4
4 31 4
4 33 4
4 34 4
4 35 4
4 36 4
4 37 3
4 38 2
4 38 3
4 38 4
4 38 4
4 39 4
4 40 2
4 43 1
4 43 0
4 43 3
4 44 3
4 44 4
4 47 1
4 48 0
4 48 5
4 48 4
4 49 1
4 49 4
4 49 5
4 50 4
4 52 3
4 52 2
4 52 4
4 53 0
4 53 0
4 53 3
4 53 2
4 53 2
4 54 0
4 54 4
4 55 3
4 55 2
4 57 3
4 57 4
4 57 5
4 58 1
4 60 1
4 60 4
4 61 0
4 62 2
4 63 2
4 65 3
4 67 3
4 68 2
4 68 2
4 68 3
4 68 3
4 69 2
4 72 2
4 73 2
4 75 3
4 76 4
4 77 0
4 77 4
4 78 3
4 80 1
4 81 2
4 81 3
4 82 2
4 82 2
4 85 4
4 87 3
4 88 1
4 89 2
4 89 5
4 90 4
4 91 2
4 94 3
4 94 2
4 96 4
4 97 2
4 100 2
4 101 4
4 102 1
4 102 1
4 104 1
4 104 0
4 105 2
4 114 1
4 117 0
4 117 4
4 119 1
4 119 3
4 119 2
4 121 4
4 122 0
4 122 4
4 126 2
4 127 0
4 127 2
4 129 3
4 129 5
4 136 0
4 136 4
4 142 3
4 142 3
5 1 4
5 2 3
5 2 5
5 2 5
5 2 4
5 3 2
5 3 5
5 3 4
5 4 0
5 4 0
5 5 4
5 5 4
5 5 4
5 6 1
5 6 1
5 6 2
5 6 4
5 7 1
5 7 0
5 7 2
5 7 5
5 7 4
5 7 4
5 8 5
5 9 3
5 9 2
5 9 4
5 9 4
5 10 3
5 11 2
5 12 1
5 12 1
5 12 2
5 12 5
5 12 4
5 12 4
5 12 5
5 13 2
5 13 2
5 13 5
5 13 5
5 13 4
5 13 4
5 15 3
5 16 3
5 17 0
5 17 0
5 17 1
5 17 4
5 17 4
5 18 4
5 18 4
5 19 3
5 19 4
5 20 4
5 20 5
5 21 5
5 22 2
5 22 2
5 23 2
5 23 5
5 24 0
5 24 2
5 24 4
5 26 4
5 26 4
5 26 5
5 26 4
5 27 0
5 27 3
5 27 2
5 27 4
5 27 4
5 29 2
5 29 3
5 29 3
5 29 2
5 29 5
5 30 3
5 30 5
5 30 4
5 30 5
5 30 4
5 30 5
5 30 4
5 32 0
5 32 1
5 32 4
5 33 0
5 33 2
5 33 4
5 33 5
5 33 4
5 34 3
5 34 3
5 36 2
5 36 4
5 37 4
5 37 5
5 38 4
5 39 3
5 40 2
5 40 3
5 40 5
5 40 4
5 40 4
5 40 4
5 42 2
5 43 2
5 43 3
5 43 4
5 44 3
5 44 2
5 44 4
5 45 4
5 47 4
5 48 0
5 48 2
5 48 2
5 48 3
5 48 4
5 49 1
5 50 3
5 51 1
5 51 3
5 51 5
5 51 5
5 52 4
5 53 1
5 53 5
5 54 1
5 54 1
5 54 4
5 55 2
5 55 3
5 56 1
5 57 3
5 57 4
5 58 4
5 61 3
5 62 4
5 64 3
5 67 4
5 68 3
5 70 0
5 70 3
5 75 0
5 77 3
5 78 2
5 81 2
5 83 4
5 84 4
5 84 5
5 84 4
5 88 1
5 89 4
5 91 1
5 92 5
5 96 3
5 96 4
5 97 3
5 98 2
5 100 0
5 102 4
5 106 4
5 107 4
5 117 4
5 121 0
5 121 4
5 124 3
5 133 3
5 142 2
6 1 4
6 2 4
6 3 5
6 4 0
6 4 4
6 5 0
6 5 0
6 5 4
6 6 0
6 6 0
6 6 3
6 6 4
6 6 4
6 6 4
6 6 4
6 7 0
6 7 2
6 7 4
6 7 5
6 7 4
6 7 4
6 7 4
6 8 4
6 10 4
6 10 4
6 11 0
6 12 2
6 12 3
6 12 2
6 12 5
6 12 4
6 12 5
6 13 3
6 13 2
6 13 2
6 13 5
6 14 0
6 14 1
6 14 4
6 15 2
6 15 4
6 16 1
6 16 4
6 16 4
6 16 4
6 17 4
6 18 2
6 18 3
6 19 3
6 19 2
6 19 2
6 19 4
6 20 0
6 20 2
6 20 2
6 20 3
6 20 4
6 21 4
6 21 4
6 21 4
6 22 3
6 22 5
6 22 5
6 23 3
6 23 2
6 23 4
6 23 4
6 24 4
6 24 5
6 24 5
6 25 0
6 25 4
6 25 5
6 26 0
6 26 3
6 26 3
6 29 0
6 29 3
6 29 5
6 30 2
6 30 4
6 31 0
6 31 0
6 31 1
6 31 4
6 32 2
6 32 4
6 32 4
6 33 3
6 33 4
6 33 5
6 34 1
6 34 1
6 34 4
6 35 1
6 35 2
6 35 3
6 35 4
6 35 4
6 36 0
6 36 0
6 36 3
6 36 2
6 37 4
6 37 5
6 39 0
6 39 2
6 39 3
6 39 4
6 39 4
6 41 3
6 41 3
6 41 4
6 42 2
6 42 2
6 42 4
6 42 5
6 43 1
6 43 4
6 44 5
6 46 1
6 46 3
6 48 0
6 48 0
6 48 3
6 48 4
6 51 3
6 51 2
6 51 4
6 52 2
6 52 4
6 52 4
6 53 2
6 53 5
6 55 5
6 56 1
6 56 2
6 59 2
6 60 3
6 60 2
6 60 3
6 60 2
6 60 5
6 60 4
6 62 0
6 62 5
6 62 4
6 63 0
6 63 0
6 63 2
6 64 1
6 64 2
6 64 4
6 64 5
6 65 2
6 65 5
6 65 4
6 65 4
6 65 4
6 65 4
6 65 4
6 66 5
6 67 0
6 67 4
6 67 4
6 67 5
6 68 2
6 68 4
6 69 2
6 71 4
6 73 1
6 73 2
6 74 5
6 75 2
6 75 2
6 77 1
6 77 5
6 78 1
6 78 3
6 79 1
6 81 0
6 81 3
6 84 0
6 84 0
6 84 3
6 85 3
6 85 4
6 87 0
6 87 0
6 87 3
6 89 3
6 89 3
6 89 2
6 90 4
6 92 2
6 94 3
6 94 4
6 96 3
6 97 2
6 97 4
6 106 0
6 106 4
6 106 5
6 108 4
6 108 4
6 109 4
6 109 4
6 109 4
6 110 4
6 111 4
6 114 0
6 114 3
6 114 2
6 115 4
6 118 3
6 121 4
6 121 5
6 122 1
6 123 0
6 125 0
6 125 0
6 126 1
6 126 4
6 127 0
6 128 2
6 129 5
6 130 1
6 131 1
6 131 4
6 132 2
6 133 2
6 134 4
6 139 0
6 139 1
6 140 1
6 140 1
6 142 2
6 142 3
6 143 4
6 144 3
7 1 2
7 1 4
7 1 4
7 1 5
7 2 4
7 2 5
7 2 4
7 2 4
7 3 0
7 3 0
7 3 3
7 3 4
7 3 5
7 4 0
7 4 4
7 5 2
7 5 2
7 5 5
7 6 2
7 6 3
7 6 4
7 6 4
7 6 5
7 7 1
7 7 3
7 7 3
7 7 2
7 7 5
7 7 4
7 7 5
7 7 4
7 7 5
7 7 5
7 7 5
7 7 4
7 7 4
7 7 4
7 8 4
7 9 3
7 9 4
7 9 4
7 9 4
7 10 1
7 10 1
7 10 2
7 11 0
7 11 3
7 11 4
7 11 4
7 11 4
7 11 5
7 12 1
7 12 2
7 12 3
7 12 3
7 12 5
7 12 5
7 12 4
7 12 4
7 12 5
7 13 0
7 13 2
7 13 4
7 13 5
7 14 3
7 15 3
7 15 5
7 16 3
7 16 3
7 16 5
7 19 2
7 19 4
7 19 5
7 20 1
7 20 3
7 20 3
7 20 4
7 21 0
7 21 2
7 21 4
7 21 5
7 22 5
7 23 0
7 23 1
7 23 3
7 23 2
7 23 3
7 23 2
7 23 2
7 23 3
7 23 5
7 23 4
7 23 5
7 23 5
7 24 4
7 24 4
7 24 5
7 25 3
7 25 4
7 26 0
7 26 2
7 26 2
7 26 5
7 27 5
7 28 2
7 28 4
7 29 3
7 29 2
7 31 2
7 32 5
7 32 4
7 34 3
7 34 3
7 35 3
7 36 4
7 38 2
7 39 2
7 39 4
7 40 2
7 40 2
7 41 2
7 41 3
7 41 4
7 42 5
7 42 4
7 43 2
7 43 4
7 44 1
7 45 4
7 47 0
7 47 1
7 47 5
7 50 3
7 52 1
7 52 5
7 53 2
7 54 1
7 54 0
7 54 3
7 54 3
7 54 4
7 54 5
7 55 0
7 55 2
7 55 4
7 56 5
7 57 1
7 57 4
7 57 4
7 58 0
7 58 2
7 59 1
7 60 3
7 60 3
7 61 5
7 62 2
7 62 3
7 62 3
7 62 3
7 63 1
7 63 2
7 63 3
7 63 4
7 64 0
7 64 2
7 64 4
7 65 1
7 65 2
7 67 3
7 68 1
7 68 5
7 69 1
7 69 4
7 70 4
7 71 2
7 72 2
7 74 3
7 75 2
7 75 5
7 77 2
7 83 3
7 83 2
7 83 2
7 83 5
7 84 0
7 88 0
7 88 0
7 88 0
7 88 4
7 89 3
7 89 4
7 92 3
7 93 3
7 93 4
7 93 4
7 94 2
7 94 3
7 94 4
7 94 5
7 94 4
7 94 4
7 94 4
7 94 5
7 94 4
7 94 4
7 94 4
7 94 4
7 95 1
7 95 3
7 96 2
7 96 5
7 96 4
7 97 0
7 97 2
7 102 2
7 104 1
7 104 4
7 106 4
7 109 0
7 110 0
7 110 1
7 110 0
7 110 1
7 110 2
7 110 3
7 110 4
7 110 4
7 110 4
7 110 4
7 111 0
7 111 3
7 115 2
7 116 1
7 118 1
7 118 3
7 120 4
7 121 4
7 122 1
7 123 2
7 126 2
7 126 4
7 126 4
7 130 4
7 132 2
7 132 2
7 135 1
7 135 2
7 136 0
7 136 4
7 140 4
7 142 5
7 142 5
7 142 4
8 1 5
8 4 4
8 7 4
8 7 5
8 11 3
8 12 4
8 14 4
8 17 4
8 19 5
8 29 4
8 30 4
8 31 5
8 31 4
8 33 4
8 34 5
8 38 3
8 39 4
8 40 3
8 41 2
8 42 2
8 42 4
8 44 4
8 44 4
8 48 2
8 50 3
8 52 0
8 58 4
8 62 4
8 63 4
8 69 1
8 69 2
8 70 2
8 70 4
8 71 4
8 78 4
8 81 5
8 92 1
8 92 5
8 94 4
8 110 0
8 110 4
8 110 4
8 130 0
9 1 5
9 2 4
9 4 4
9 6 2
9 7 5
9 8 4
9 9 1
9 9 4
9 9 4
9 12 2
9 12 5
9 12 4
9 12 4
9 13 2
9 13 4
9 14 2
9 17 3
9 19 0
9 19 5
9 19 4
9 20 3
9 21 2
9 21 3
9 21 4
9 23 3
9 25 2
9 25 4
9 27 2
9 27 4
9 29 2
9 29 2
9 29 2
9 29 5
9 29 4
9 30 0
9 30 4
9 31 3
9 34 3
9 34 4
9 34 4
9 35 0
9 36 0
9 36 3
9 38 5
9 40 4
9 42 4
9 44 5
9 46 1
9 49 0
9 49 2
9 49 4
9 51 1
9 51 0
9 53 3
9 54 4
9 56 3
9 56 4
9 57 4
9 58 2
9 60 4
9 67 4
9 68 3
9 68 3
9 69 2
9 70 2
9 75 2
9 77 0
9 77 3
9 79 4
9 82 1
9 82 1
9 83 4
9 85 4
9 88 2
9 90 4
9 91 5
9 92 4
9 92 4
9 92 4
9 94 2
9 94 5
9 94 4
9 96 0
9 96 4
9 102 4
9 103 2
9 106 5
9 109 4
9 111 4
9 115 3
9 115 4
9 117 3
9 119 1
9 119 4
9 120 4
9 122 2
9 122 4
9 122 4
9 126 5
9 127 1
9 129 2
9 132 4
9 135 4
9 137 0
9 137 2
9 142 3
9 142 4
9 142 5
10 1 5
10 2 2
10 2 5
10 3 2
10 4 0
10 4 4
10 4 5
10 4 4
10 4 4
10 7 1
10 7 4
10 10 2
10 10 4
10 10 4
10 12 0
10 12 3
10 12 4
10 12 5
10 12 4
10 14 0
10 14 3
10 15 2
10 17 2
10 19 3
10 19 4
10 22 0
10 22 4
10 23 0
10 23 5
10 23 5
10 24 4
10 25 4
10 26 3
10 27 3
10 27 3
10 29 3
10 29 2
10 29 5
10 30 1
10 30 1
10 30 5
10 31 3
10 31 2
10 31 2
10 32 3
10 32 4
10 32 5
10 34 1
10 38 5
10 39 3
10 40 4
10 41 0
10 41 2
10 42 2
10 45 3
10 45 4
10 46 4
10 48 2
10 51 4
10 51 5
10 53 1
10 53 0
10 54 2
10 54 2
10 55 3
10 57 0
10 57 2
10 57 3
10 57 4
10 57 4
10 57 4
10 58 4
10 59 3
10 60 4
10 62 3
10 62 4
10 64 2
10 64 3
10 64 5
10 65 2
10 65 2
10 68 1
10 70 3
10 71 3
10 71 5
10 74 4
10 75 1
10 75 2
10 75 4
10 76 2
10 79 3
10 80 4
10 83 1
10 83 4
10 83 4
10 85 3
10 88 0
10 88 3
10 88 3
10 89 3
10 91 3
10 94 2
10 94 3
10 94 4
10 96 2
10 97 0
10 97 0
10 98 1
10 101 2
10 106 4
10 107 2
10 109 3
10 119 0
10 121 0
10 121 2
10 122 0
10 124 2
10 124 4
10 126 4
10 131 5
10 136 3
10 139 2
10 141 1
10 142 3
10 142 2
10 142 2
10 143 3
10 144 1
11 2 0
11 2 4
11 2 4
11 3 4
11 4 3
11 4 4
11 5 2
11 6 4
11 7 4
11 9 4
11 9 4
11 10 2
11 10 5
11 10 4
11 11 4
11 11 4
11 12 5
11 12 4
11 13 4
11 14 4
11 14 5
11 16 2
11 19 2
11 20 4
11 21 3
11 21 5
11 22 1
11 22 2
11 22 2
11 22 3
11 22 2
11 22 4
11 23 2
11 23 4
11 23 4
11 24 4
11 24 4
11 24 4
11 25 1
11 25 2
11 25 4
11 26 2
11 27 1
11 27 5
11 29 3
11 29 4
11 29 4
11 32 4
11 33 4
11 33 5
11 34 3
11 36 2
11 36 5
11 37 5
11 38 4
11 39 0
11 39 3
11 39 4
11 40 3
11 41 4
11 42 2
11 42 3
11 42 4
11 42 4
11 44 2
11 44 3
11 44 3
11 44 3
11 44 4
11 44 4
11 45 2
11 46 2
11 46 4
11 46 4
11 46 4
11 46 4
11 46 4
11 48 2
11 48 4
11 50 0
11 50 2
11 50 2
11 51 2
11 53 5
11 54 1
11 57 2
11 57 2
11 58 2
11 59 2
11 59 3
11 59 4
11 59 4
11 59 4
11 59 4
11 59 5
11 59 5
11 60 4
11 61 2
11 61 2
11 67 5
11 69 3
11 70 4
11 71 4
11 73 4
11 75 1
11 75 4
11 77 2
11 77 3
11 77 4
11 78 0
11 78 1
11 78 4
11 79 2
11 79 3
11 80 4
11 81 0
11 81 2
11 81 4
11 83 5
11 83 4
11 84 3
11 87 3
11 89 5
11 89 4
11 90 4
11 91 2
11 91 4
11 91 4
11 93 0
11 93 1
11 93 1
11 94 4
11 94 4
11 94 5
11 96 0
11 96 4
11 97 1
11 97 3
11 98 1
11 98 2
11 98 2
11 98 4
11 101 4
11 102 4
11 103 4
11 104 2
11 108 2
11 109 2
11 109 4
11 112 4
11 113 0
11 113 5
11 115 5
11 117 3
11 117 2
11 117 4
11 118 2
11 118 4
11 118 5
11 119 1
11 119 2
11 122 2
11 122 4
11 122 4
11 126 5
11 127 0
11 127 4
11 128 1
11 129 4
11 130 2
11 130 5
11 131 2
11 133 4
11 135 3
11 135 2
11 135 4
11 136 3
11 139 0
11 141 0
11 142 0
12 1 4
12 2 4
12 4 1
12 5 4
12 5 4
12 5 5
12 6 3
12 7 3
12 9 0
12 9 2
12 10 1
12 10 3
12 10 5
12 11 4
12 11 4
12 11 5
12 12 4
12 12 5
12 12 4
12 13 2
12 14 3
12 14 3
12 14 4
12 15 2
12 16 3
12 16 4
12 16 4
12 17 0
12 17 3
12 17 5
12 19 0
12 19 5
12 20 0
12 20 3
12 20 3
12 20 4
12 21 3
12 21 3
12 21 4
12 21 5
12 22 2
12 22 4
12 22 5
12 22 5
12 23 1
12 23 3
12 23 5
12 23 4
12 24 3
12 24 4
12 24 4
12 25 0
12 27 5
12 28 5
12 29 0
12 29 2
12 29 3
12 30 2
12 30 2
12 30 4
12 31 1
12 31 4
12 31 4
12 31 4
12 32 3
12 33 2
12 33 3
12 33 4
12 33 5
12 33 4
12 35 0
12 35 2
12 36 0
12 36 5
12 36 4
12 36 5
12 36 4
12 38 2
12 38 4
12 38 5
12 39 1
12 39 5
12 41 1
12 41 4
12 42 2
12 42 4
12 43 5
12 45 2
12 45 2
12 46 3
12 46 3
12 46 5
12 47 4
12 47 4
12 48 1
12 48 4
12 49 3
12 49 3
12 50 4
12 50 5
12 51 4
12 53 2
12 53 4
12 54 2
12 57 1
12 57 3
12 57 3
12 57 4
12 57 4
12 58 1
12 59 1
12 59 2
12 60 0
12 60 4
12 61 2
12 61 4
12 62 3
12 64 1
12 64 3
12 64 5
12 64 4
12 64 5
12 65 4
12 68 3
12 68 4
12 68 4
12 72 2
12 73 4
12 78 1
12 78 0
12 79 3
12 81 3
12 81 2
12 81 4
12 83 4
12 84 0
12 84 4
12 85 3
12 85 5
12 89 1
12 89 1
12 89 3
12 90 2
12 93 1
12 93 5
12 94 2
12 95 4
12 96 4
12 99 2
12 102 0
12 104 2
12 104 4
12 112 1
12 118 3
12 118 2
12 119 0
12 119 1
12 120 2
12 120 4
12 121 0
12 121 1
12 123 4
12 126 3
12 127 2
12 127 4
12 128 1
12 128 4
12 130 4
12 132 1
12 132 4
12 136 2
12 142 1
12 144 5
13 3 4
13 3 4
13 5 2
13 5 4
13 5 4
13 5 4
13 5 4
13 7 3
13 10 2
13 12 4
13 13 3
13 13 4
13 13 4
13 13 4
13 13 4
13 13 5
13 13 4
13 13 5
13 14 2
13 14 5
13 15 2
13 17 2
13 17 3
13 17 4
13 17 4
13 19 4
13 20 0
13 20 1
13 21 3
13 21 2
13 22 2
13 22 3
13 22 5
13 22 5
13 22 4
13 23 2
13 23 4
13 23 5
13 25 2
13 25 2
13 29 3
13 29 4
13 31 2
13 32 3
13 33 2
13 33 2
13 35 3
13 35 3
13 35 3
13 35 3
13 35 5
13 36 5
13 37 1
13 37 2
13 37 3
13 37 5
13 38 0
13 38 3
13 38 5
13 38 5
13 38 4
13 38 4
13 39 0
13 39 1
13 39 2
13 39 3
13 39 5
13 41 1
13 41 5
13 41 4
13 42 3
13 44 5
13 44 4
13 48 4
13 51 2
13 51 4
13 52 3
13 52 2
13 52 4
13 52 4
13 53 4
13 54 0
13 54 4
13 56 2
13 56 3
13 56 2
13 57 2
13 58 3
13 58 2
13 59 3
13 59 2
13 60 5
13 61 1
13 62 4
13 62 4
13 66 2
13 67 2
13 68 0
13 69 2
13 71 0
13 71 2
13 71 4
13 72 2
13 73 2
13 73 3
13 75 1
13 75 4
13 79 1
13 81 1
13 83 0
13 83 2
13 83 4
13 83 4
13 84 4
13 85 0
13 85 2
13 88 2
13 88 2
13 91 3
13 91 2
13 92 3
13 93 2
13 94 5
13 94 5
13 94 4
13 95 0
13 96 3
13 96 3
13 96 4
13 99 2
13 101 4
13 102 1
13 102 4
13 103 1
13 104 3
13 106 3
13 106 3
13 106 2
13 107 3
13 107 4
13 113 4
13 114 3
13 114 2
13 117 0
13 120 2
13 121 4
13 125 2
13 125 2
13 126 4
13 130 0
13 131 0
13 131 4
13 132 2
13 135 2
13 139 4
13 139 4
13 140 2
13 142 0
13 142 2
13 144 1
13 144 1
13 144 5
14 4 0
14 7 0
14 7 1
14 7 2
14 8 4
14 11 1
14 11 2
14 12 1
14 12 2
14 13 5
14 14 2
14 15 5
14 16 3
14 19 2
14 19 3
14 19 2
14 20 2
14 23 5
14 24 4
14 26 5
14 27 4
14 33 0
14 33 4
14 34 5
14 38 2
14 38 5
14 39 1
14 40 2
14 42 3
14 45 4
14 48 4
14 49 1
14 50 1
14 52 3
14 54 4
14 58 2
14 61 5
14 62 0
14 63 2
14 63 3
14 63 2
14 65 3
14 65 4
14 67 3
14 67 4
14 68 2
14 75 1
14 82 4
14 88 4
14 91 4
14 101 5
14 105 3
14 115 2
14 118 4
14 118 4
14 119 4
14 121 3
14 121 2
14 122 2
14 135 4
14 139 1
14 142 1
15 2 1
15 2 5
15 3 4
15 4 4
15 11 5
15 13 4
15 13 5
15 13 4
15 15 0
15 15 3
15 17 3
15 23 1
15 23 3
15 23 4
15 23 5
15 24 4
15 24 4
15 25 4
15 27 2
15 27 2
15 27 4
15 29 2
15 29 3
15 29 4
15 31 1
15 31 3
15 33 3
15 35 0
15 35 2
15 36 3
15 37 2
15 37 3
15 38 2
15 40 3
15 41 0
15 43 4
15 44 4
15 44 5
15 48 5
15 49 0
15 49 4
15 54 2
15 54 2
15 54 4
15 55 4
15 58 4
15 61 1
15 66 4
15 69 4
15 72 3
15 72 3
15 72 2
15 75 5
15 76 3
15 87 3
15 89 0
15 90 0
15 91 2
15 92 3
15 95 4
15 98 0
15 106 2
15 108 0
15 110 2
15 111 1
15 122 3
15 123 1
15 125 2
15 126 1
15 130 2
15 135 4
15 137 2
15 139 3
15 140 4
16 1 4
16 2 4
16 2 4
16 6 2
16 6 5
16 10 5
16 11 5
16 12 4
16 13 2
16 17 2
16 20 2
16 20 4
16 21 3
16 29 4
16 31 2
16 33 1
16 33 4
16 36 2
16 40 1
16 42 5
16 43 2
16 44 3
16 44 2
16 46 3
16 48 0
16 48 2
16 52 2
16 55 0
16 55 2
16 63 0
16 63 2
16 68 1
16 73 4
16 75 4
16 75 4
16 85 3
16 85 3
16 86 0
16 87 3
16 90 1
16 94 4
16 94 5
16 94 4
16 99 0
16 104 0
16 104 4
16 104 5
16 106 4
16 112 5
16 117 4
16 118 4
16 118 4
16 124 2
16 126 2
16 133 3
16 133 4
16 135 4
16 136 2
17 12 3
17 15 5
17 16 2
17 19 4
17 20 3
17 24 3
17 25 4
17 26 5
17 33 4
17 49 5
17 49 4
17 49 4
17 62 4
17 77 2
17 78 5
17 82 1
17 108 0
17 108 3
17 109 5
17 115 2
17 119 1
17 122 2
17 122 4
17 126 5
17 144 0
18 1 5
18 7 4
18 7 4
18 9 5
18 9 4
18 13 4
18 19 4
18 19 4
18 23 5
18 33 4
18 40 2
18 42 3
18 57 4
18 64 4
18 67 4
18 82 4
18 96 5
18 106 3
18 106 4
18 112 5
19 1 5
19 7 1
19 7 1
19 12 1
19 12 3
19 15 0
19 15 0
19 19 2
19 20 2
19 22 2
19 22 5
19 22 4
19 23 4
19 24 4
19 25 3
19 28 1
19 29 2
19 30 1
19 30 4
19 31 3
19 32 1
19 33 2
19 34 1
19 35 1
19 35 3
19 36 3
19 37 5
19 37 4
19 38 4
19 42 2
19 42 2
19 49 2
19 53 0
19 54 0
19 55 3
19 55 3
19 56 1
19 58 2
19 60 1
19 63 3
19 63 5
19 63 4
19 64 0
19 69 0
19 69 1
19 72 1
19 75 5
19 81 0
19 88 2
19 93 2
19 94 2
19 94 5
19 106 2
19 110 0
19 110 5
19 117 2
19 126 5
19 126 4
19 127 1
19 135 2
19 139 0
19 142 3
20 11 0
20 18 0
20 18 1
20 19 0
20 24 0
20 24 5
20 25 4
20 26 2
20 27 3
20 27 2
20 29 4
20 36 2
20 38 1
20 38 3
20 51 2
20 53 2
20 54 4
20 56 1
20 56 2
20 57 3
20 60 3
20 65 5
20 81 3
20 83 4
20 87 0
20 91 3
20 99 0
20 106 1
20 123 5
20 124 4
20 130 0
20 130 3
20 139 0
20 140 3
20 142 2
21 1 4
21 1 5
21 7 3
21 10 3
21 12 0
21 12 2
21 15 2
21 19 3
21 19 5
21 21 2
21 21 4
21 22 3
21 24 4
21 27 3
21 30 0
21 30 3
21 40 4
21 44 3
21 44 2
21 44 4
21 46 4
21 49 2
21 53 4
21 55 0
21 56 3
21 57 2
21 58 4
21 60 4
21 78 3
21 80 3
21 80 5
21 82 3
21 85 4
21 87 1
21 88 2
21 94 4
21 104 4
21 108 4
21 109 4
21 109 4
21 113 0
21 114 1
21 114 0
21 114 2
21 119 4
21 122 4
21 123 0
21 123 2
21 140 1
22 4 3
22 11 0
22 11 3
22 11 5
22 12 2
22 12 4
22 12 5
22 12 5
22 18 4
22 20 5
22 22 0
22 22 3
22 23 0
22 27 4
22 29 1
22 29 2
22 31 3
22 31 3
22 36 1
22 36 3
22 37 3
22 39 2
22 39 3
22 44 3
22 45 2
22 45 5
22 45 4
22 50 5
22 55 5
22 56 2
22 57 3
22 61 3
22 68 2
22 71 4
22 72 2
22 72 2
22 72 3
22 72 5
22 72 4
22 73 3
22 81 2
22 84 4
22 86 0
22 86 4
22 89 4
22 104 4
22 104 4
22 113 3
22 120 0
22 136 4
22 142 3
22 143 0
23 7 5
23 7 4
23 9 2
23 12 3
23 14 4
23 22 3
23 22 5
23 23 5
23 24 3
23 25 2
23 27 4
23 29 3
23 31 3
23 32 3
23 33 3
23 36 1
23 38 3
23 39 3
23 41 2
23 41 5
23 45 2
23 50 2
23 51 0
23 55 2
23 57 3
23 57 3
23 59 1
23 61 5
23 63 2
23 64 3
23 64 2
23 72 1
23 73 0
23 73 2
23 73 2
23 83 3
23 84 0
23 87 2
23 88 3
23 88 3
23 90 3
23 91 0
23 91 2
23 94 4
23 97 1
23 99 3
23 100 3
23 105 4
23 108 5
23 110 2
23 112 4
23 120 1
23 121 3
23 124 4
23 125 1
23 127 3
23 128 1
23 139 0
23 140 0
23 141 2
23 142 4
24 2 1
24 2 5
24 11 0
24 11 2
24 14 3
24 19 4
24 21 5
24 21 4
24 23 3
24 24 3
24 24 4
24 24 4
24 29 4
24 31 1
24 37 3
24 40 2
24 42 0
24 42 2
24 42 5
24 44 2
24 44 4
24 57 0
24 58 2
24 58 2
24 58 4
24 59 3
24 59 3
24 60 1
24 60 0
24 60 5
24 65 4
24 67 4
24 67 4
24 71 1
24 77 5
24 77 4
24 78 4
24 79 3
24 80 1
24 83 4
24 85 4
24 88 0
24 88 2
24 88 4
24 97 2
24 98 1
24 98 4
24 98 5
24 102 1
24 102 4
24 104 5
24 120 2
24 120 4
24 121 5
24 121 4
24 122 2
24 122 4
24 123 0
24 123 4
24 139 1
24 141 1
24 142 0
24 142 2
24 142 3
24 142 5
24 144 1
25 1 4
25 2 5
25 2 4
25 5 1
25 12 2
25 12 2
25 18 4
25 21 4
25 21 4
25 25 2
25 27 3
25 27 4
25 28 2
25 28 3
25 31 4
25 34 4
25 35 4
25 44 4
25 45 3
25 47 2
25 49 4
25 52 0
25 57 3
25 58 4
25 61 3
25 67 4
25 77 0
25 79 4
25 80 1
25 80 4
25 82 0
25 82 2
25 82 2
25 85 2
25 85 3
25 89 0
25 91 4
25 93 2
25 93 4
25 95 5
25 95 4
25 96 4
25 96 4
25 103 0
25 104 4
25 105 2
25 106 5
25 109 4
25 114 0
25 118 2
25 118 3
25 119 3
25 119 5
25 120 0
25 120 4
25 120 4
25 122 4
25 123 3
25 123 5
25 125 4
25 127 3
25 127 4
25 128 2
25 129 4
25 141 2
25 142 5
25 143 2
25 143 5
25 144 4
26 23 2
26 37 1
26 60 2
26 69 4
26 73 0
26 75 2
26 80 3
26 85 2
26 98 4
26 131 1
27 2 4
27 5 4
27 12 2
27 13 3
27 13 4
27 16 4
27 25 3
27 27 2
27 27 3
27 29 3
27 34 2
27 35 2
27 36 0
27 38 4
27 40 4
27 54 4
27 64 0
27 77 3
27 82 2
27 84 2
27 94 2
27 99 2
27 103 3
27 114 2
27 119 2
28 2 4
28 11 4
28 23 1
28 25 4
28 41 4
28 52 4
28 58 2
28 70 0
28 114 0
28 115 0
29 2 4
29 3 5
29 7 2
29 7 4
29 9 5
29 12 0
29 14 4
29 15 5
29 16 5
29 20 2
29 25 4
29 29 2
29 29 4
29 29 4
29 29 4
29 36 1
29 37 1
29 37 4
29 40 4
29 49 5
29 50 2
29 51 3
29 57 2
29 58 3
29 60 1
29 68 2
29 71 2
29 75 0
29 79 4
29 82 2
29 88 3
29 90 0
29 90 2
29 90 4
29 94 2
29 96 4
29 96 5
29 97 2
29 98 4
29 102 0
29 102 2
29 102 4
29 103 0
29 104 1
29 113 1
29 117 0
29 119 2
29 120 2
29 120 4
29 122 4
29 123 4
29 124 3
29 124 2
29 126 0
29 127 1
29 131 1
29 137 1
29 139 0
29 139 2
29 139 2
29 140 3
30 23 3
30 37 0
30 69 2
30 77 0
30 80 4
30 85 0
30 88 1
30 88 3
30 90 0
30 105 4
30 106 3
30 108 0
30 108 3
30 111 0
30 113 3
30 114 5
30 114 4
30 115 0
30 118 1
30 119 2
30 119 5
30 123 1
30 125 2
30 126 1
30 126 4
30 132 3
30 134 4
30 140 2
30 141 4
30 142 4
31 12 1
31 14 4
31 16 3
31 22 4
31 24 4
31 27 4
31 29 4
31 36 0
31 36 1
31 41 5
31 48 2
31 50 4
31 55 4
31 56 3
31 56 4
31 57 4
31 61 2
31 68 2
31 68 5
31 68 4
31 71 1
31 72 1
31 72 3
31 73 4
31 78 2
31 82 4
31 83 4
31 89 3
31 89 5
31 90 5
31 94 5
31 94 5
31 96 1
31 96 3
31 98 0
31 104 2
31 104 4
31 106 2
31 106 3
31 108 5
31 111 2
31 113 4
31 114 0
31 115 4
31 120 4
31 121 2
31 122 2
31 122 4
31 129 4
31 135 2
31 137 2
31 138 2
31 143 5
31 144 5
31 144 5
32 10 2
32 12 5
32 37 4
32 38 3
32 57 2
32 57 2
32 57 3
32 83 5
32 93 3
32 94 5
32 102 3
32 105 2
32 118 2
32 136 1
33 5 2
33 7 2
33 9 0
33 13 2
33 15 1
33 21 0
33 25 5
33 31 5
33 33 3
33 33 4
33 41 2
33 57 3
33 59 2
33 61 0
33 61 2
33 61 4
33 61 5
33 66 3
33 77 0
33 84 4
33 88 2
33 88 5
33 89 2
33 94 5
33 98 4
33 105 2
33 109 4
33 109 5
33 114 4
33 119 3
33 121 5
33 125 5
33 132 1
33 132 3
33 136 4
33 137 4
33 138 3
33 139 0
33 139 1
33 142 2
33 143 2
33 144 0
33 144 4
34 10 5
34 33 3
34 35 4
34 53 4
34 68 3
34 79 1
34 90 1
34 103 2
34 127 0
34 127 4
34 140 1
35 11 5
35 23 5
35 33 0
35 50 2
35 66 2
35 83 2
35 89 3
35 102 2
35 103 2
35 109 3
35 118 1
35 131 3
35 138 0
35 142 1
35 144 1
36 10 2
36 13 3
36 31 2
36 34 0
36 36 4
36 42 1
36 46 2
36 48 4
36 52 4
36 55 2
36 65 2
36 65 4
36 79 0
36 79 3
36 82 0
36 93 4
36 97 4
36 102 4
36 106 0
36 109 3
36 118 4
36 125 0
36 132 3
36 133 2
36 134 4
36 142 2
37 11 3
37 15 0
37 38 1
37 51 5
37 58 0
37 69 0
37 69 2
37 75 0
37 75 1
37 90 5
37 98 0
37 101 2
37 101 4
37 103 1
37 124 1
38 4 5
38 9 5
38 12 5
38 20 0
38 31 4
38 38 1
38 38 5
38 57 1
38 57 3
38 57 4
38 63 5
38 63 4
38 67 1
38 69 5
38 79 1
38 80 0
38 80 3
38 84 1
38 90 3
38 93 2
38 96 5
38 100 2
38 103 2
38 114 2
38 117 3
38 118 2
38 120 3
38 121 1
38 122 4
39 10 5
39 40 4
39 52 2
39 65 4
39 97 3
39 104 3
39 118 3
39 122 4
39 142 5
40 3 4
40 14 0
40 16 4
40 31 4
40 40 2
40 49 4
40 54 3
40 59 1
40 78 0
40 79 1
40 81 4
40 87 0
40 109 0
40 113 4
40 118 2
40 118 3
40 142 0
40 144 2
41 36 3
41 38 4
41 41 3
41 50 0
41 56 5
41 78 3
41 80 2
41 80 2
41 89 2
41 90 2
41 104 1
41 109 1
41 113 0
41 120 2
41 120 2
41 121 3
41 126 0
41 129 3
41 130 1
41 143 4
42 32 0
42 54 0
42 58 1
42 63 4
42 82 1
42 82 2
42 107 5
42 107 5
42 122 3
42 122 2
42 124 3
42 125 1
42 128 2
42 128 2
42 132 0
42 135 3
42 135 2
42 142 4
43 40 3
43 136 0
44 39 2
44 53 4
44 67 4
44 70 3
44 73 2
44 73 4
44 79 3
44 85 0
44 105 3
44 122 2
44 137 2
44 139 2
44 139 4
45 31 3
45 44 2
45 104 1
45 111 3
45 126 2
46 33 4
46 45 5
46 46 4
46 59 4
46 77 3
46 78 1
46 79 2
46 80 2
46 91 4
46 94 4
46 100 4
46 121 2
46 128 0
46 128 2
46 135 4
46 137 0
46 137 0
47 25 3
47 25 4
47 52 4
47 54 4
47 77 3
47 109 5
47 120 0
47 133 4
48 6 0
48 12 2
48 41 2
48 48 2
48 48 4
48 56 3
48 65 4
48 71 2
48 76 2
48 84 3
48 85 4
48 90 4
48 92 2
48 98 3
48 98 4
48 112 4
48 119 1
48 119 3
48 127 3
48 127 2
48 135 4
49 44 0
49 61 4
49 63 3
49 71 4
49 80 0
49 104 2
49 113 4
49 114 2
49 120 5
49 122 4
49 140 0
50 46 2
50 47 5
50 68 4
50 109 3
50 122 2
51 11 1
51 12 4
51 33 2
51 64 0
52 36 4
52 47 2
52 52 3
52 52 5
52 57 2
52 64 2
52 84 2
52 89 4
52 110 5
52 117 4
52 118 1
52 118 2
52 118 3
53 36 0
53 48 4
53 57 4
53 104 4
53 128 2
53 128 4
53 134 4
53 144 2
53 144 5
53 144 4
54 21 0
54 40 2
54 54 0
54 54 5
54 65 5
54 89 3
54 132 2
54 133 5
54 142 1
54 142 4
55 31 4
55 55 1
55 57 4
55 92 3
55 96 4
55 98 0
55 101 4
55 105 3
55 108 4
55 130 4
55 138 4
55 143 4
56 24 4
56 56 2
56 56 5
56 56 5
56 79 5
56 80 2
56 103 0
56 108 2
56 111 3
56 114 1
56 118 2
56 138 1
56 143 4
57 2 4
57 14 1
57 25 4
57 29 4
57 49 1
57 57 3
57 57 3
57 57 2
57 57 2
57 57 3
57 57 2
57 69 2
57 72 2
57 85 2
57 87 5
57 91 1
57 93 0
57 96 4
57 98 0
57 99 1
57 99 3
57 100 1
57 102 2
57 104 2
57 105 0
57 105 2
57 105 5
57 106 4
57 109 4
57 114 4
57 122 4
57 123 2
57 123 3
57 129 2
57 133 4
57 137 2
57 140 2
57 141 2
57 144 5
57 144 5
57 144 5
58 58 3
58 58 4
58 77 4
58 78 4
58 88 4
58 102 0
58 123 0
58 128 0
58 129 5
58 137 4
58 139 0
58 141 2
58 141 3
59 24 4
59 59 2
59 69 0
59 80 1
59 82 5
59 83 2
59 84 4
59 90 3
59 96 4
59 99 1
59 102 5
59 103 2
59 104 2
59 105 4
59 112 1
59 115 4
59 118 1
59 127 1
60 12 4
60 48 3
60 70 5
60 81 4
60 95 0
60 97 5
60 120 3
60 125 5
60 142 0
61 23 4
61 57 3
61 59 0
61 97 3
61 99 4
61 107 4
61 137 2
62 29 0
62 36 2
62 118 1
62 126 1
63 2 2
63 13 4
63 46 4
63 63 4
63 65 4
63 87 1
63 96 2
63 111 1
63 116 2
63 122 4
63 122 5
63 144 0
64 19 5
64 23 5
64 70 0
64 82 5
64 102 4
64 121 4
64 124 5
64 127 4
64 128 4
64 132 0
64 132 4
64 137 1
65 47 4
65 52 4
65 61 0
65 91 5
65 110 4
65 117 4
65 125 4
65 144 2
66 89 4
66 116 5
67 61 2
67 96 4
67 113 2
67 118 4
67 122 4
67 127 4
67 140 4
68 8 2
68 13 4
68 81 2
68 83 2
68 86 1
68 90 0
68 105 3
68 106 4
68 115 0
68 123 3
68 132 2
68 139 0
68 141 2
69 69 2
69 69 2
69 69 4
69 75 2
69 75 4
69 113 2
69 121 4
70 12 2
70 70 2
70 78 2
70 83 3
70 87 0
70 93 0
70 111 1
70 130 4
71 29 3
71 71 3
71 94 5
71 113 2
71 113 4
71 120 4
71 128 3
71 131 3
71 144 2
72 85 4
72 123 4
73 73 3
73 73 3
73 73 5
73 112 2
73 114 5
73 120 2
74 74 2
75 28 4
75 68 0
75 75 4
75 90 4
75 106 0
75 106 1
75 115 1
75 131 3
75 132 3
75 139 1
75 142 2
75 144 5
76 76 5
76 116 4
76 134 4
77 18 2
77 65 0
77 70 3
77 128 2
77 135 5
77 141 3
77 144 4
78 60 1
78 62 5
78 121 3
78 124 3
78 137 4
78 141 4
79 60 0
79 144 0
80 75 5
80 114 3
80 144 4
81 99 3
81 105 4
81 123 4
81 139 3
82 94 2
82 106 4
82 123 4
83 67 3
83 83 1
83 83 2
83 83 5
83 114 0
83 114 3
83 117 2
83 119 5
84 103 4
84 130 4
84 131 2
84 134 4
84 136 1
85 75 5
85 85 2
85 89 4
85 98 3
85 136 5
86 99 0
86 99 3
86 99 4
86 103 4
86 106 4
86 140 2
87 96 2
87 100 3
87 132 3
87 142 0
88 114 0
88 144 0
89 77 2
89 106 2
89 109 3
89 125 1
89 138 2
90 86 4
90 90 4
90 99 4
90 118 5
90 120 2
90 122 4
90 136 2
90 139 2
90 139 3
90 144 4
91 91 2
91 91 2
91 91 2
91 114 0
91 133 3
91 139 4
92 1 5
92 139 3
93 55 5
93 94 4
94 7 1
94 11 4
94 23 4
94 64 5
94 94 4
94 111 0
94 132 1
94 133 2
95 143 4
96 90 2
96 106 4
96 122 0
96 122 2
96 122 4
96 123 4
96 137 4
96 139 2
97 93 4
97 125 4
97 126 4
97 133 3
98 63 0
98 98 4
99 2 4
99 14 5
99 30 2
99 42 3
99 96 2
99 99 2
99 99 2
99 99 2
99 107 3
99 136 4
100 129 2
100 129 2
100 144 2
101 101 1
101 101 4
102 123 2
102 140 4
103 86 5
103 138 5
104 138 3
104 141 4
105 105 2
105 118 4
105 128 3
106 59 3
106 68 2
106 89 4
106 106 4
106 130 4
106 143 2
107 107 2
107 107 2
107 122 2
107 137 2
109 41 4
109 124 4
109 125 4
109 131 4
109 142 4
109 143 4
110 2 4
110 110 1
110 110 1
110 110 2
110 110 2
110 110 3
110 110 3
110 110 4
110 110 5
110 110 4
110 110 4
110 110 4
110 110 4
111 63 4
112 112 0
113 22 4
113 62 4
113 71 3
113 109 2
113 127 2
113 143 4
114 53 0
114 113 4
115 85 2
116 116 2
116 116 4
116 116 4
117 117 4
118 21 3
118 119 3
118 140 4
119 119 4
119 119 4
119 125 2
120 134 4
121 121 3
121 121 4
122 113 4
122 122 0
122 122 2
123 115 1
124 124 0
124 143 4
125 97 0
125 135 4
125 136 2
126 126 3
127 144 2
127 144 3
128 128 3
128 141 3
132 132 0
132 132 2
133 15 4
134 134 0
134 134 0
134 134 0
134 134 0
134 134 2
134 134 2
134 134 2
134 134 2
134 134 2
134 134 4
134 134 4
136 142 1
136 144 0
140 140 3
143 35 4
145 1 4
145 1 4
145 1 4
145 1 5
145 1 4
145 1 4
145 1 4
145 1 4
145 1 4
145 1 4
145 2 1
145 2 2
145 2 4
145 2 4
145 2 4
145 2 4
145 2 4
145 2 4
145 2 4
145 2 4
145 2 4
145 2 4
145 2 4
145 2 4
145 3 2
145 3 2
145 3 5
145 3 5
145 3 4
145 4 1
145 4 1
145 4 0
145 4 1
145 4 4
145 4 4
145 4 4
145 4 5
145 4 4
145 4 4
145 4 4
145 5 4
145 5 4
145 5 4
145 5 4
145 5 4
145 5 4
145 5 4
145 6 4
145 6 4
145 6 4
145 6 4
145 6 4
145 6 4
145 6 5
145 7 0
145 7 0
145 7 1
145 7 2
145 7 3
145 7 4
145 7 4
145 7 4
145 7 4
145 7 4
145 7 5
145 7 4
145 7 4
145 7 4
145 7 4
145 8 3
145 8 4
145 9 0
145 9 4
145 9 4
145 9 4
145 10 4
145 10 4
145 11 1
145 11 5
145 11 4
145 11 4
145 11 4
145 11 4
145 12 3
145 12 4
145 12 4
145 12 4
145 12 4
145 12 4
145 13 2
145 13 4
145 13 4
145 13 4
145 13 4
145 13 4
145 13 4
145 13 4
145 13 4
145 14 3
145 14 3
145 14 4
145 14 5
145 15 2
145 15 2
145 15 4
145 15 4
145 16 2
145 16 4
145 16 4
145 17 5
145 18 2
145 18 5
145 18 4
145 19 1
145 19 3
145 19 2
145 19 5
145 19 5
145 19 4
145 19 5
145 19 4
145 19 4
145 20 3
145 20 4
145 20 5
145 21 4
145 21 4
145 22 3
145 22 2
145 22 2
145 22 4
145 22 4
145 23 3
145 23 5
145 23 4
145 23 4
145 24 1
145 24 0
145 24 4
145 24 5
145 24 4
145 24 5
145 24 4
145 25 2
145 25 4
145 25 4
145 26 5
145 26 4
145 26 4
145 27 1
145 28 2
145 29 1
145 29 2
145 29 3
145 29 5
145 29 5
145 29 4
145 29 5
145 29 4
145 30 1
145 30 3
145 30 4
145 31 0
145 31 1
145 31 3
145 31 3
145 31 4
145 31 4
145 32 4
145 33 3
145 33 4
145 33 4
145 34 4
145 35 4
145 35 5
145 36 2
145 36 4
145 37 2
145 37 2
145 37 4
145 38 0
145 38 1
145 38 3
145 38 4
145 38 4
145 39 3
145 39 2
145 39 4
145 39 4
145 39 4
145 40 1
145 40 1
145 40 2
145 40 5
145 40 4
145 42 0
145 42 2
145 42 3
145 42 2
145 42 2
145 42 2
145 42 4
145 42 4
145 42 4
145 43 2
145 43 4
145 43 4
145 44 2
145 44 2
145 44 4
145 44 5
145 45 3
145 45 4
145 46 1
145 46 0
145 46 2
145 46 4
145 47 5
145 47 4
145 47 4
145 48 1
145 48 0
145 48 3
145 48 4
145 48 4
145 49 4
145 50 0
145 50 4
145 50 5
145 52 2
145 52 4
145 52 4
145 53 4
145 53 4
145 53 4
145 53 4
145 54 0
145 55 0
145 55 3
145 55 3
145 55 2
145 55 4
145 55 4
145 55 4
145 56 5
145 57 2
145 57 4
145 57 4
145 57 4
145 57 4
145 58 3
145 59 1
145 59 4
145 60 4
145 60 5
145 61 0
145 61 3
145 61 3
145 62 2
145 63 0
145 63 1
145 63 2
145 64 3
145 64 5
145 65 3
145 65 3
145 65 4
145 67 0
145 67 2
145 68 4
145 68 4
145 69 4
145 71 0
145 71 3
145 71 5
145 73 2
145 73 3
145 73 3
145 73 4
145 74 5
145 75 1
145 75 2
145 75 3
145 75 2
145 75 4
145 75 4
145 75 4
145 75 4
145 78 1
145 78 4
145 79 2
145 80 4
145 81 4
145 83 0
145 83 2
145 84 3
145 85 1
145 85 3
145 85 5
145 86 4
145 87 1
145 88 0
145 88 0
145 88 0
145 88 2
145 88 2
145 89 2
145 89 3
145 89 3
145 89 4
145 89 5
145 90 4
145 91 0
145 91 2
145 91 5
145 91 4
145 92 2
145 92 4
145 93 2
145 94 2
145 94 2
145 94 2
145 94 4
145 94 4
145 94 4
145 95 4
145 95 5
145 95 4
145 95 4
145 97 2
145 97 2
145 97 2
145 98 2
145 99 2
145 100 4
145 101 2
145 101 3
145 102 1
145 102 2
145 102 4
145 103 1
145 103 5
145 104 4
145 104 5
145 106 2
145 106 4
145 107 3
145 107 5
145 107 4
145 107 4
145 108 0
145 109 0
145 109 3
145 110 0
145 110 4
145 111 2
145 111 5
145 115 2
145 115 4
145 116 4
145 118 3
145 119 3
145 119 4
145 119 5
145 120 1
145 120 3
145 121 1
145 121 2
145 121 4
145 122 2
145 122 2
145 123 5
145 123 4
145 125 2
145 125 3
145 126 0
145 126 2
145 126 3
145 126 4
145 126 5
145 127 1
145 128 2
145 128 4
145 129 4
145 133 2
145 134 2
145 134 2
145 134 2
145 134 4
145 134 4
145 134 4
145 134 4
145 134 4
145 134 4
145 134 4
145 134 4
145 134 4
145 134 4
145 134 4
145 134 4
145 134 4
145 134 4
145 134 4
145 135 0
145 135 4
145 135 5
145 135 4
145 135 4
145 136 0
145 136 2
145 136 4
145 137 2
145 137 4
145 137 4
145 137 4
145 139 1
145 139 2
145 140 2
145 140 3
145 141 3
145 141 4
145 142 0
145 142 4
145 142 4
145 142 4
145 143 2