0 1
0 2
0 3
1 17
1 21
2 23
2 240
3 18
3 536
4 5
4 6
4 7
5 9
5 93
6 95
6 243
7 10
7 532
8 9
8 10
8 11
9 53
10 246
11 54
11 526
12 13
12 14
12 15
13 25
13 33
14 27
14 249
15 34
15 520
16 17
16 18
16 19
17 77
18 252
19 78
19 516
20 21
20 22
20 23
21 81
22 83
22 255
23 538
24 25
24 26
24 27
25 109
26 111
26 258
27 534
28 29
28 30
28 31
29 85
29 97
30 99
30 261
31 86
31 518
32 33
32 34
32 35
33 173
34 264
35 174
35 472
36 37
36 38
36 39
37 121
37 185
38 187
38 267
39 122
39 508
40 41
40 42
40 43
41 117
41 125
42 119
42 270
43 126
43 530
44 45
44 46
44 47
45 121
45 161
46 123
46 273
47 162
47 476
48 49
48 50
48 51
49 129
49 197
50 131
50 276
51 198
51 462
52 53
52 54
52 55
53 65
54 279
55 66
55 502
56 57
56 58
56 59
57 89
57 169
58 91
58 282
59 170
59 492
60 61
60 62
60 63
61 113
61 153
62 155
62 285
63 114
63 500
64 65
64 66
64 67
65 93
66 288
67 94
67 494
68 69
68 70
68 71
69 113
69 177
70 115
70 291
71 178
71 480
72 73
72 74
72 75
73 89
73 221
74 223
74 294
75 90
75 478
76 77
76 78
76 79
77 81
78 297
79 82
79 514
80 81
80 82
80 83
82 300
83 528
84 85
84 86
84 87
85 157
86 303
87 158
87 444
88 89
88 90
88 91
90 306
91 488
92 93
92 94
92 95
94 309
95 522
96 97
96 98
96 99
97 141
98 143
98 312
99 524
100 101
100 102
100 103
101 129
101 209
102 211
102 315
103 130
103 490
104 105
104 106
104 107
105 181
105 201
106 183
106 318
107 202
107 436
108 109
108 110
108 111
109 173
110 175
110 321
111 486
112 113
112 114
112 115
114 324
115 442
116 117
116 118
116 119
117 137
118 139
118 327
119 456
120 121
120 122
120 123
122 330
123 454
124 125
124 126
124 127
125 145
126 333
127 146
127 504
128 129
128 130
128 131
130 336
131 498
132 133
132 134
132 135
133 181
133 229
134 231
134 339
135 182
135 474
136 137
136 138
136 139
137 145
138 147
138 342
139 464
140 141
140 142
140 143
141 157
142 159
142 345
143 470
144 145
144 146
144 147
146 348
147 448
148 149
148 150
148 151
149 165
149 205
150 207
150 351
151 166
151 452
152 153
152 154
152 155
153 177
154 179
154 354
155 512
156 157
156 158
156 159
158 357
159 484
160 161
160 162
160 163
161 185
162 360
163 186
163 450
164 165
164 166
164 167
165 213
166 363
167 214
167 446
168 169
168 170
168 171
169 221
170 366
171 222
171 482
172 173
172 174
172 175
174 369
175 510
176 177
176 178
176 179
178 372
179 438
180 181
180 182
180 183
182 375
183 506
184 185
184 186
184 187
186 378
187 496
188 189
188 190
188 191
189 193
189 217
190 219
190 381
191 194
191 458
192 193
192 194
192 195
193 233
194 384
195 234
195 428
196 197
196 198
196 199
197 209
198 387
199 210
199 434
200 201
200 202
200 203
201 229
202 390
203 230
203 426
204 205
204 206
204 207
205 225
206 227
206 393
207 466
208 209
208 210
208 211
210 396
211 468
212 213
212 214
212 215
213 225
214 399
215 226
215 424
216 217
216 218
216 219
217 237
218 239
218 402
219 460
220 221
220 222
220 223
222 405
223 440
224 225
224 226
224 227
226 408
227 422
228 229
228 230
228 231
230 411
231 432
232 233
232 234
232 235
233 237
234 414
235 238
235 420
236 237
236 238
236 239
238 417
239 430
240 241
240 242
241 539
241 540
242 536
242 3060
243 244
243 245
244 523
244 543
245 532
245 3061
246 247
246 248
247 533
247 546
248 526
248 3062
249 250
249 251
250 535
250 549
251 520
251 3063
252 253
252 254
253 537
253 552
254 516
254 3064
255 256
255 257
256 529
256 555
257 538
257 3065
258 259
258 260
259 487
259 558
260 534
260 3066
261 262
261 263
262 525
262 561
263 518
263 3067
264 265
264 266
265 521
265 564
266 472
266 3068
267 268
267 269
268 497
268 567
269 508
269 3069
270 271
270 272
271 457
271 570
272 530
272 3070
273 274
273 275
274 455
274 573
275 476
275 3071
276 277
276 278
277 499
277 576
278 462
278 3072
279 280
279 281
280 527
280 579
281 502
281 3073
282 283
282 284
283 489
283 582
284 492
284 3074
285 286
285 287
286 513
286 585
287 500
287 3075
288 289
288 290
289 503
289 588
290 494
290 3076
291 292
291 293
292 443
292 591
293 480
293 3077
294 295
294 296
295 441
295 594
296 478
296 3078
297 298
297 299
298 517
298 597
299 514
299 3079
300 301
300 302
301 515
301 600
302 528
302 3080
303 304
303 305
304 519
304 603
305 444
305 3081
306 307
306 308
307 479
307 606
308 488
308 3082
309 310
309 311
310 495
310 609
311 522
311 3083
312 313
312 314
313 471
313 612
314 524
314 3084
315 316
315 317
316 469
316 615
317 490
317 3085
318 319
318 320
319 507
319 618
320 436
320 3086
321 322
321 323
322 511
322 621
323 486
323 3087
324 325
324 326
325 501
325 624
326 442
326 3088
327 328
327 329
328 465
328 627
329 456
329 3089
330 331
330 332
331 509
331 630
332 454
332 3090
333 334
333 335
334 531
334 633
335 504
335 3091
336 337
336 338
337 491
337 636
338 498
338 3092
339 340
339 341
340 433
340 639
341 474
341 3093
342 343
342 344
343 449
343 642
344 464
344 3094
345 346
345 347
346 485
346 645
347 470
347 3095
348 349
348 350
349 505
349 648
350 448
350 3096
351 352
351 353
352 467
352 651
353 452
353 3097
354 355
354 356
355 439
355 654
356 512
356 3098
357 358
357 359
358 445
358 657
359 484
359 3099
360 361
360 362
361 477
361 660
362 450
362 3100
363 364
363 365
364 453
364 663
365 446
365 3101
366 367
366 368
367 493
367 666
368 482
368 3102
369 370
369 371
370 473
370 669
371 510
371 3103
372 373
372 374
373 481
373 672
374 438
374 3104
375 376
375 377
376 475
376 675
377 506
377 3105
378 379
378 380
379 451
379 678
380 496
380 3106
381 382
381 383
382 461
382 681
383 458
383 3107
384 385
384 386
385 459
385 684
386 428
386 3108
387 388
387 389
388 463
388 687
389 434
389 3109
390 391
390 392
391 437
391 690
392 426
392 3110
393 394
393 395
394 423
394 693
395 466
395 3111
396 397
396 398
397 435
397 696
398 468
398 3112
399 400
399 401
400 447
400 699
401 424
401 3113
402 403
402 404
403 431
403 702
404 460
404 3114
405 406
405 407
406 483
406 705
407 440
407 3115
408 409
408 410
409 425
409 708
410 422
410 3116
411 412
411 413
412 427
412 711
413 432
413 3117
414 415
414 416
415 429
415 714
416 420
416 3118
417 418
417 419
418 421
418 717
419 430
419 3119
420 421
421 720
422 423
423 723
424 425
425 726
426 427
427 729
428 429
429 732
430 431
431 735
432 433
433 738
434 435
435 741
436 437
437 744
438 439
439 747
440 441
441 750
442 443
443 753
444 445
445 756
446 447
447 759
448 449
449 762
450 451
451 765
452 453
453 768
454 455
455 771
456 457
457 774
458 459
459 777
460 461
461 780
462 463
463 783
464 465
465 786
466 467
467 789
468 469
469 792
470 471
471 795
472 473
473 798
474 475
475 801
476 477
477 804
478 479
479 807
480 481
481 810
482 483
483 813
484 485
485 816
486 487
487 819
488 489
489 822
490 491
491 825
492 493
493 828
494 495
495 831
496 497
497 834
498 499
499 837
500 501
501 840
502 503
503 843
504 505
505 846
506 507
507 849
508 509
509 852
510 511
511 855
512 513
513 858
514 515
515 861
516 517
517 864
518 519
519 867
520 521
521 870
522 523
523 873
524 525
525 876
526 527
527 879
528 529
529 882
530 531
531 885
532 533
533 888
534 535
535 891
536 537
537 894
538 539
539 897
540 541
540 542
541 898
541 900
542 3060
542 3120
543 544
543 545
544 874
544 903
545 3061
545 3122
546 547
546 548
547 889
547 906
548 3062
548 3124
549 550
549 551
550 892
550 909
551 3063
551 3126
552 553
552 554
553 895
553 912
554 3064
554 3128
555 556
555 557
556 883
556 915
557 3065
557 3130
558 559
558 560
559 820
559 918
560 3066
560 3132
561 562
561 563
562 877
562 921
563 3067
563 3134
564 565
564 566
565 871
565 924
566 3068
566 3136
567 568
567 569
568 835
568 927
569 3069
569 3138
570 571
570 572
571 775
571 930
572 3070
572 3140
573 574
573 575
574 772
574 933
575 3071
575 3142
576 577
576 578
577 838
577 936
578 3072
578 3144
579 580
579 581
580 880
580 939
581 3073
581 3146
582 583
582 584
583 823
583 942
584 3074
584 3148
585 586
585 587
586 859
586 945
587 3075
587 3150
588 589
588 590
589 844
589 948
590 3076
590 3152
591 592
591 593
592 754
592 951
593 3077
593 3154
594 595
594 596
595 751
595 954
596 3078
596 3156
597 598
597 599
598 865
598 957
599 3079
599 3158
600 601
600 602
601 862
601 960
602 3080
602 3160
603 604
603 605
604 868
604 963
605 3081
605 3162
606 607
606 608
607 808
607 966
608 3082
608 3164
609 610
609 611
610 832
610 969
611 3083
611 3166
612 613
612 614
613 796
613 972
614 3084
614 3168
615 616
615 617
616 793
616 975
617 3085
617 3170
618 619
618 620
619 850
619 978
620 3086
620 3172
621 622
621 623
622 856
622 981
623 3087
623 3174
624 625
624 626
625 841
625 984
626 3088
626 3176
627 628
627 629
628 787
628 987
629 3089
629 3178
630 631
630 632
631 853
631 990
632 3090
632 3180
633 634
633 635
634 886
634 993
635 3091
635 3182
636 637
636 638
637 826
637 996
638 3092
638 3184
639 640
639 641
640 739
640 999
641 3093
641 3186
642 643
642 644
643 763
643 1002
644 3094
644 3188
645 646
645 647
646 817
646 1005
647 3095
647 3190
648 649
648 650
649 847
649 1008
650 3096
650 3192
651 652
651 653
652 790
652 1011
653 3097
653 3194
654 655
654 656
655 748
655 1014
656 3098
656 3196
657 658
657 659
658 757
658 1017
659 3099
659 3198
660 661
660 662
661 805
661 1020
662 3100
662 3200
663 664
663 665
664 769
664 1023
665 3101
665 3202
666 667
666 668
667 829
667 1026
668 3102
668 3204
669 670
669 671
670 799
670 1029
671 3103
671 3206
672 673
672 674
673 811
673 1032
674 3104
674 3208
675 676
675 677
676 802
676 1035
677 3105
677 3210
678 679
678 680
679 766
679 1038
680 3106
680 3212
681 682
681 683
682 781
682 1041
683 3107
683 3214
684 685
684 686
685 778
685 1044
686 3108
686 3216
687 688
687 689
688 784
688 1047
689 3109
689 3218
690 691
690 692
691 745
691 1050
692 3110
692 3220
693 694
693 695
694 724
694 1053
695 3111
695 3222
696 697
696 698
697 742
697 1056
698 3112
698 3224
699 700
699 701
700 760
700 1059
701 3113
701 3226
702 703
702 704
703 736
703 1062
704 3114
704 3228
705 706
705 707
706 814
706 1065
707 3115
707 3230
708 709
708 710
709 727
709 1068
710 3116
710 3232
711 712
711 713
712 730
712 1071
713 3117
713 3234
714 715
714 716
715 733
715 1074
716 3118
716 3236
717 718
717 719
718 721
718 1077
719 3119
719 3238
720 721
720 722
721 1080
722 3118
722 3240
723 724
723 725
724 1083
725 3116
725 3241
726 727
726 728
727 1086
728 3113
728 3242
729 730
729 731
730 1089
731 3110
731 3243
732 733
732 734
733 1092
734 3108
734 3244
735 736
735 737
736 1095
737 3119
737 3245
738 739
738 740
739 1098
740 3117
740 3246
741 742
741 743
742 1101
743 3109
743 3247
744 745
744 746
745 1104
746 3086
746 3248
747 748
747 749
748 1107
749 3104
749 3249
750 751
750 752
751 1110
752 3115
752 3250
753 754
753 755
754 1113
755 3088
755 3251
756 757
756 758
757 1116
758 3081
758 3252
759 760
759 761
760 1119
761 3101
761 3253
762 763
762 764
763 1122
764 3096
764 3254
765 766
765 767
766 1125
767 3100
767 3255
768 769
768 770
769 1128
770 3097
770 3256
771 772
771 773
772 1131
773 3090
773 3257
774 775
774 776
775 1134
776 3089
776 3258
777 778
777 779
778 1137
779 3107
779 3259
780 781
780 782
781 1140
782 3114
782 3260
783 784
783 785
784 1143
785 3072
785 3261
786 787
786 788
787 1146
788 3094
788 3262
789 790
789 791
790 1149
791 3111
791 3263
792 793
792 794
793 1152
794 3112
794 3264
795 796
795 797
796 1155
797 3095
797 3265
798 799
798 800
799 1158
800 3068
800 3266
801 802
801 803
802 1161
803 3093
803 3267
804 805
804 806
805 1164
806 3071
806 3268
807 808
807 809
808 1167
809 3078
809 3269
810 811
810 812
811 1170
812 3077
812 3270
813 814
813 815
814 1173
815 3102
815 3271
816 817
816 818
817 1176
818 3099
818 3272
819 820
819 821
820 1179
821 3087
821 3273
822 823
822 824
823 1182
824 3082
824 3274
825 826
825 827
826 1185
827 3085
827 3275
828 829
828 830
829 1188
830 3074
830 3276
831 832
831 833
832 1191
833 3076
833 3277
834 835
834 836
835 1194
836 3106
836 3278
837 838
837 839
838 1197
839 3092
839 3279
840 841
840 842
841 1200
842 3075
842 3280
843 844
843 845
844 1203
845 3073
845 3281
846 847
846 848
847 1206
848 3091
848 3282
849 850
849 851
850 1209
851 3105
851 3283
852 853
852 854
853 1212
854 3069
854 3284
855 856
855 857
856 1215
857 3103
857 3285
858 859
858 860
859 1218
860 3098
860 3286
861 862
861 863
862 1221
863 3079
863 3287
864 865
864 866
865 1224
866 3064
866 3288
867 868
867 869
868 1227
869 3067
869 3289
870 871
870 872
871 1230
872 3063
872 3290
873 874
873 875
874 1233
875 3083
875 3291
876 877
876 878
877 1236
878 3084
878 3292
879 880
879 881
880 1239
881 3062
881 3293
882 883
882 884
883 1242
884 3080
884 3294
885 886
885 887
886 1245
887 3070
887 3295
888 889
888 890
889 1248
890 3061
890 3296
891 892
891 893
892 1251
893 3066
893 3297
894 895
894 896
895 1254
896 3060
896 3298
897 898
897 899
898 1257
899 3065
899 3299
900 901
900 902
901 1258
901 1260
902 3120
902 3300
903 904
903 905
904 1234
904 1263
905 3122
905 3302
906 907
906 908
907 1249
907 1266
908 3124
908 3304
909 910
909 911
910 1252
910 1269
911 3126
911 3306
912 913
912 914
913 1255
913 1272
914 3128
914 3308
915 916
915 917
916 1243
916 1275
917 3130
917 3310
918 919
918 920
919 1180
919 1278
920 3132
920 3312
921 922
921 923
922 1237
922 1281
923 3134
923 3314
924 925
924 926
925 1231
925 1284
926 3136
926 3316
927 928
927 929
928 1195
928 1287
929 3138
929 3318
930 931
930 932
931 1135
931 1290
932 3140
932 3320
933 934
933 935
934 1132
934 1293
935 3142
935 3322
936 937
936 938
937 1198
937 1296
938 3144
938 3324
939 940
939 941
940 1240
940 1299
941 3146
941 3326
942 943
942 944
943 1183
943 1302
944 3148
944 3328
945 946
945 947
946 1219
946 1305
947 3150
947 3330
948 949
948 950
949 1204
949 1308
950 3152
950 3332
951 952
951 953
952 1114
952 1311
953 3154
953 3334
954 955
954 956
955 1111
955 1314
956 3156
956 3336
957 958
957 959
958 1225
958 1317
959 3158
959 3338
960 961
960 962
961 1222
961 1320
962 3160
962 3340
963 964
963 965
964 1228
964 1323
965 3162
965 3342
966 967
966 968
967 1168
967 1326
968 3164
968 3344
969 970
969 971
970 1192
970 1329
971 3166
971 3346
972 973
972 974
973 1156
973 1332
974 3168
974 3348
975 976
975 977
976 1153
976 1335
977 3170
977 3350
978 979
978 980
979 1210
979 1338
980 3172
980 3352
981 982
981 983
982 1216
982 1341
983 3174
983 3354
984 985
984 986
985 1201
985 1344
986 3176
986 3356
987 988
987 989
988 1147
988 1347
989 3178
989 3358
990 991
990 992
991 1213
991 1350
992 3180
992 3360
993 994
993 995
994 1246
994 1353
995 3182
995 3362
996 997
996 998
997 1186
997 1356
998 3184
998 3364
999 1000
999 1001
1000 1099
1000 1359
1001 3186
1001 3366
1002 1003
1002 1004
1003 1123
1003 1362
1004 3188
1004 3368
1005 1006
1005 1007
1006 1177
1006 1365
1007 3190
1007 3370
1008 1009
1008 1010
1009 1207
1009 1368
1010 3192
1010 3372
1011 1012
1011 1013
1012 1150
1012 1371
1013 3194
1013 3374
1014 1015
1014 1016
1015 1108
1015 1374
1016 3196
1016 3376
1017 1018
1017 1019
1018 1117
1018 1377
1019 3198
1019 3378
1020 1021
1020 1022
1021 1165
1021 1380
1022 3200
1022 3380
1023 1024
1023 1025
1024 1129
1024 1383
1025 3202
1025 3382
1026 1027
1026 1028
1027 1189
1027 1386
1028 3204
1028 3384
1029 1030
1029 1031
1030 1159
1030 1389
1031 3206
1031 3386
1032 1033
1032 1034
1033 1171
1033 1392
1034 3208
1034 3388
1035 1036
1035 1037
1036 1162
1036 1395
1037 3210
1037 3390
1038 1039
1038 1040
1039 1126
1039 1398
1040 3212
1040 3392
1041 1042
1041 1043
1042 1141
1042 1401
1043 3214
1043 3394
1044 1045
1044 1046
1045 1138
1045 1404
1046 3216
1046 3396
1047 1048
1047 1049
1048 1144
1048 1407
1049 3218
1049 3398
1050 1051
1050 1052
1051 1105
1051 1410
1052 3220
1052 3400
1053 1054
1053 1055
1054 1084
1054 1413
1055 3222
1055 3402
1056 1057
1056 1058
1057 1102
1057 1416
1058 3224
1058 3404
1059 1060
1059 1061
1060 1120
1060 1419
1061 3226
1061 3406
1062 1063
1062 1064
1063 1096
1063 1422
1064 3228
1064 3408
1065 1066
1065 1067
1066 1174
1066 1425
1067 3230
1067 3410
1068 1069
1068 1070
1069 1087
1069 1428
1070 3232
1070 3412
1071 1072
1071 1073
1072 1090
1072 1431
1073 3234
1073 3414
1074 1075
1074 1076
1075 1093
1075 1434
1076 3236
1076 3416
1077 1078
1077 1079
1078 1081
1078 1437
1079 3238
1079 3418
1080 1081
1080 1082
1081 1440
1082 3240
1082 3420
1083 1084
1083 1085
1084 1443
1085 3241
1085 3422
1086 1087
1086 1088
1087 1446
1088 3242
1088 3424
1089 1090
1089 1091
1090 1449
1091 3243
1091 3426
1092 1093
1092 1094
1093 1452
1094 3244
1094 3428
1095 1096
1095 1097
1096 1455
1097 3245
1097 3430
1098 1099
1098 1100
1099 1458
1100 3246
1100 3432
1101 1102
1101 1103
1102 1461
1103 3247
1103 3434
1104 1105
1104 1106
1105 1464
1106 3248
1106 3436
1107 1108
1107 1109
1108 1467
1109 3249
1109 3438
1110 1111
1110 1112
1111 1470
1112 3250
1112 3440
1113 1114
1113 1115
1114 1473
1115 3251
1115 3442
1116 1117
1116 1118
1117 1476
1118 3252
1118 3444
1119 1120
1119 1121
1120 1479
1121 3253
1121 3446
1122 1123
1122 1124
1123 1482
1124 3254
1124 3448
1125 1126
1125 1127
1126 1485
1127 3255
1127 3450
1128 1129
1128 1130
1129 1488
1130 3256
1130 3452
1131 1132
1131 1133
1132 1491
1133 3257
1133 3454
1134 1135
1134 1136
1135 1494
1136 3258
1136 3456
1137 1138
1137 1139
1138 1497
1139 3259
1139 3458
1140 1141
1140 1142
1141 1500
1142 3260
1142 3460
1143 1144
1143 1145
1144 1503
1145 3261
1145 3462
1146 1147
1146 1148
1147 1506
1148 3262
1148 3464
1149 1150
1149 1151
1150 1509
1151 3263
1151 3466
1152 1153
1152 1154
1153 1512
1154 3264
1154 3468
1155 1156
1155 1157
1156 1515
1157 3265
1157 3470
1158 1159
1158 1160
1159 1518
1160 3266
1160 3472
1161 1162
1161 1163
1162 1521
1163 3267
1163 3474
1164 1165
1164 1166
1165 1524
1166 3268
1166 3476
1167 1168
1167 1169
1168 1527
1169 3269
1169 3478
1170 1171
1170 1172
1171 1530
1172 3270
1172 3480
1173 1174
1173 1175
1174 1533
1175 3271
1175 3482
1176 1177
1176 1178
1177 1536
1178 3272
1178 3484
1179 1180
1179 1181
1180 1539
1181 3273
1181 3486
1182 1183
1182 1184
1183 1542
1184 3274
1184 3488
1185 1186
1185 1187
1186 1545
1187 3275
1187 3490
1188 1189
1188 1190
1189 1548
1190 3276
1190 3492
1191 1192
1191 1193
1192 1551
1193 3277
1193 3494
1194 1195
1194 1196
1195 1554
1196 3278
1196 3496
1197 1198
1197 1199
1198 1557
1199 3279
1199 3498
1200 1201
1200 1202
1201 1560
1202 3280
1202 3500
1203 1204
1203 1205
1204 1563
1205 3281
1205 3502
1206 1207
1206 1208
1207 1566
1208 3282
1208 3504
1209 1210
1209 1211
1210 1569
1211 3283
1211 3506
1212 1213
1212 1214
1213 1572
1214 3284
1214 3508
1215 1216
1215 1217
1216 1575
1217 3285
1217 3510
1218 1219
1218 1220
1219 1578
1220 3286
1220 3512
1221 1222
1221 1223
1222 1581
1223 3287
1223 3514
1224 1225
1224 1226
1225 1584
1226 3288
1226 3516
1227 1228
1227 1229
1228 1587
1229 3289
1229 3518
1230 1231
1230 1232
1231 1590
1232 3290
1232 3520
1233 1234
1233 1235
1234 1593
1235 3291
1235 3522
1236 1237
1236 1238
1237 1596
1238 3292
1238 3524
1239 1240
1239 1241
1240 1599
1241 3293
1241 3526
1242 1243
1242 1244
1243 1602
1244 3294
1244 3528
1245 1246
1245 1247
1246 1605
1247 3295
1247 3530
1248 1249
1248 1250
1249 1608
1250 3296
1250 3532
1251 1252
1251 1253
1252 1611
1253 3297
1253 3534
1254 1255
1254 1256
1255 1614
1256 3298
1256 3536
1257 1258
1257 1259
1258 1617
1259 3299
1259 3538
1260 1261
1260 1262
1261 1618
1261 1620
1262 3300
1262 3540
1263 1264
1263 1265
1264 1594
1264 1623
1265 3302
1265 3542
1266 1267
1266 1268
1267 1609
1267 1626
1268 3304
1268 3544
1269 1270
1269 1271
1270 1612
1270 1629
1271 3306
1271 3546
1272 1273
1272 1274
1273 1615
1273 1632
1274 3308
1274 3548
1275 1276
1275 1277
1276 1603
1276 1635
1277 3310
1277 3550
1278 1279
1278 1280
1279 1540
1279 1638
1280 3312
1280 3552
1281 1282
1281 1283
1282 1597
1282 1641
1283 3314
1283 3554
1284 1285
1284 1286
1285 1591
1285 1644
1286 3316
1286 3556
1287 1288
1287 1289
1288 1555
1288 1647
1289 3318
1289 3558
1290 1291
1290 1292
1291 1495
1291 1650
1292 3320
1292 3560
1293 1294
1293 1295
1294 1492
1294 1653
1295 3322
1295 3562
1296 1297
1296 1298
1297 1558
1297 1656
1298 3324
1298 3564
1299 1300
1299 1301
1300 1600
1300 1659
1301 3326
1301 3566
1302 1303
1302 1304
1303 1543
1303 1662
1304 3328
1304 3568
1305 1306
1305 1307
1306 1579
1306 1665
1307 3330
1307 3570
1308 1309
1308 1310
1309 1564
1309 1668
1310 3332
1310 3572
1311 1312
1311 1313
1312 1474
1312 1671
1313 3334
1313 3574
1314 1315
1314 1316
1315 1471
1315 1674
1316 3336
1316 3576
1317 1318
1317 1319
1318 1585
1318 1677
1319 3338
1319 3578
1320 1321
1320 1322
1321 1582
1321 1680
1322 3340
1322 3580
1323 1324
1323 1325
1324 1588
1324 1683
1325 3342
1325 3582
1326 1327
1326 1328
1327 1528
1327 1686
1328 3344
1328 3584
1329 1330
1329 1331
1330 1552
1330 1689
1331 3346
1331 3586
1332 1333
1332 1334
1333 1516
1333 1692
1334 3348
1334 3588
1335 1336
1335 1337
1336 1513
1336 1695
1337 3350
1337 3590
1338 1339
1338 1340
1339 1570
1339 1698
1340 3352
1340 3592
1341 1342
1341 1343
1342 1576
1342 1701
1343 3354
1343 3594
1344 1345
1344 1346
1345 1561
1345 1704
1346 3356
1346 3596
1347 1348
1347 1349
1348 1507
1348 1707
1349 3358
1349 3598
1350 1351
1350 1352
1351 1573
1351 1710
1352 3360
1352 3600
1353 1354
1353 1355
1354 1606
1354 1713
1355 3362
1355 3602
1356 1357
1356 1358
1357 1546
1357 1716
1358 3364
1358 3604
1359 1360
1359 1361
1360 1459
1360 1719
1361 3366
1361 3606
1362 1363
1362 1364
1363 1483
1363 1722
1364 3368
1364 3608
1365 1366
1365 1367
1366 1537
1366 1725
1367 3370
1367 3610
1368 1369
1368 1370
1369 1567
1369 1728
1370 3372
1370 3612
1371 1372
1371 1373
1372 1510
1372 1731
1373 3374
1373 3614
1374 1375
1374 1376
1375 1468
1375 1734
1376 3376
1376 3616
1377 1378
1377 1379
1378 1477
1378 1737
1379 3378
1379 3618
1380 1381
1380 1382
1381 1525
1381 1740
1382 3380
1382 3620
1383 1384
1383 1385
1384 1489
1384 1743
1385 3382
1385 3622
1386 1387
1386 1388
1387 1549
1387 1746
1388 3384
1388 3624
1389 1390
1389 1391
1390 1519
1390 1749
1391 3386
1391 3626
1392 1393
1392 1394
1393 1531
1393 1752
1394 3388
1394 3628
1395 1396
1395 1397
1396 1522
1396 1755
1397 3390
1397 3630
1398 1399
1398 1400
1399 1486
1399 1758
1400 3392
1400 3632
1401 1402
1401 1403
1402 1501
1402 1761
1403 3394
1403 3634
1404 1405
1404 1406
1405 1498
1405 1764
1406 3396
1406 3636
1407 1408
1407 1409
1408 1504
1408 1767
1409 3398
1409 3638
1410 1411
1410 1412
1411 1465
1411 1770
1412 3400
1412 3640
1413 1414
1413 1415
1414 1444
1414 1773
1415 3402
1415 3642
1416 1417
1416 1418
1417 1462
1417 1776
1418 3404
1418 3644
1419 1420
1419 1421
1420 1480
1420 1779
1421 3406
1421 3646
1422 1423
1422 1424
1423 1456
1423 1782
1424 3408
1424 3648
1425 1426
1425 1427
1426 1534
1426 1785
1427 3410
1427 3650
1428 1429
1428 1430
1429 1447
1429 1788
1430 3412
1430 3652
1431 1432
1431 1433
1432 1450
1432 1791
1433 3414
1433 3654
1434 1435
1434 1436
1435 1453
1435 1794
1436 3416
1436 3656
1437 1438
1437 1439
1438 1441
1438 1797
1439 3418
1439 3658
1440 1441
1440 1442
1441 1800
1442 3420
1442 3660
1443 1444
1443 1445
1444 1803
1445 3422
1445 3662
1446 1447
1446 1448
1447 1806
1448 3424
1448 3664
1449 1450
1449 1451
1450 1809
1451 3426
1451 3666
1452 1453
1452 1454
1453 1812
1454 3428
1454 3668
1455 1456
1455 1457
1456 1815
1457 3430
1457 3670
1458 1459
1458 1460
1459 1818
1460 3432
1460 3672
1461 1462
1461 1463
1462 1821
1463 3434
1463 3674
1464 1465
1464 1466
1465 1824
1466 3436
1466 3676
1467 1468
1467 1469
1468 1827
1469 3438
1469 3678
1470 1471
1470 1472
1471 1830
1472 3440
1472 3680
1473 1474
1473 1475
1474 1833
1475 3442
1475 3682
1476 1477
1476 1478
1477 1836
1478 3444
1478 3684
1479 1480
1479 1481
1480 1839
1481 3446
1481 3686
1482 1483
1482 1484
1483 1842
1484 3448
1484 3688
1485 1486
1485 1487
1486 1845
1487 3450
1487 3690
1488 1489
1488 1490
1489 1848
1490 3452
1490 3692
1491 1492
1491 1493
1492 1851
1493 3454
1493 3694
1494 1495
1494 1496
1495 1854
1496 3456
1496 3696
1497 1498
1497 1499
1498 1857
1499 3458
1499 3698
1500 1501
1500 1502
1501 1860
1502 3460
1502 3700
1503 1504
1503 1505
1504 1863
1505 3462
1505 3702
1506 1507
1506 1508
1507 1866
1508 3464
1508 3704
1509 1510
1509 1511
1510 1869
1511 3466
1511 3706
1512 1513
1512 1514
1513 1872
1514 3468
1514 3708
1515 1516
1515 1517
1516 1875
1517 3470
1517 3710
1518 1519
1518 1520
1519 1878
1520 3472
1520 3712
1521 1522
1521 1523
1522 1881
1523 3474
1523 3714
1524 1525
1524 1526
1525 1884
1526 3476
1526 3716
1527 1528
1527 1529
1528 1887
1529 3478
1529 3718
1530 1531
1530 1532
1531 1890
1532 3480
1532 3720
1533 1534
1533 1535
1534 1893
1535 3482
1535 3722
1536 1537
1536 1538
1537 1896
1538 3484
1538 3724
1539 1540
1539 1541
1540 1899
1541 3486
1541 3726
1542 1543
1542 1544
1543 1902
1544 3488
1544 3728
1545 1546
1545 1547
1546 1905
1547 3490
1547 3730
1548 1549
1548 1550
1549 1908
1550 3492
1550 3732
1551 1552
1551 1553
1552 1911
1553 3494
1553 3734
1554 1555
1554 1556
1555 1914
1556 3496
1556 3736
1557 1558
1557 1559
1558 1917
1559 3498
1559 3738
1560 1561
1560 1562
1561 1920
1562 3500
1562 3740
1563 1564
1563 1565
1564 1923
1565 3502
1565 3742
1566 1567
1566 1568
1567 1926
1568 3504
1568 3744
1569 1570
1569 1571
1570 1929
1571 3506
1571 3746
1572 1573
1572 1574
1573 1932
1574 3508
1574 3748
1575 1576
1575 1577
1576 1935
1577 3510
1577 3750
1578 1579
1578 1580
1579 1938
1580 3512
1580 3752
1581 1582
1581 1583
1582 1941
1583 3514
1583 3754
1584 1585
1584 1586
1585 1944
1586 3516
1586 3756
1587 1588
1587 1589
1588 1947
1589 3518
1589 3758
1590 1591
1590 1592
1591 1950
1592 3520
1592 3760
1593 1594
1593 1595
1594 1953
1595 3522
1595 3762
1596 1597
1596 1598
1597 1956
1598 3524
1598 3764
1599 1600
1599 1601
1600 1959
1601 3526
1601 3766
1602 1603
1602 1604
1603 1962
1604 3528
1604 3768
1605 1606
1605 1607
1606 1965
1607 3530
1607 3770
1608 1609
1608 1610
1609 1968
1610 3532
1610 3772
1611 1612
1611 1613
1612 1971
1613 3534
1613 3774
1614 1615
1614 1616
1615 1974
1616 3536
1616 3776
1617 1618
1617 1619
1618 1977
1619 3538
1619 3778
1620 1621
1620 1622
1621 1978
1621 1980
1622 3540
1622 3780
1623 1624
1623 1625
1624 1954
1624 1983
1625 3542
1625 3782
1626 1627
1626 1628
1627 1969
1627 1986
1628 3544
1628 3784
1629 1630
1629 1631
1630 1972
1630 1989
1631 3546
1631 3786
1632 1633
1632 1634
1633 1975
1633 1992
1634 3548
1634 3788
1635 1636
1635 1637
1636 1963
1636 1995
1637 3550
1637 3790
1638 1639
1638 1640
1639 1900
1639 1998
1640 3552
1640 3792
1641 1642
1641 1643
1642 1957
1642 2001
1643 3554
1643 3794
1644 1645
1644 1646
1645 1951
1645 2004
1646 3556
1646 3796
1647 1648
1647 1649
1648 1915
1648 2007
1649 3558
1649 3798
1650 1651
1650 1652
1651 1855
1651 2010
1652 3560
1652 3800
1653 1654
1653 1655
1654 1852
1654 2013
1655 3562
1655 3802
1656 1657
1656 1658
1657 1918
1657 2016
1658 3564
1658 3804
1659 1660
1659 1661
1660 1960
1660 2019
1661 3566
1661 3806
1662 1663
1662 1664
1663 1903
1663 2022
1664 3568
1664 3808
1665 1666
1665 1667
1666 1939
1666 2025
1667 3570
1667 3810
1668 1669
1668 1670
1669 1924
1669 2028
1670 3572
1670 3812
1671 1672
1671 1673
1672 1834
1672 2031
1673 3574
1673 3814
1674 1675
1674 1676
1675 1831
1675 2034
1676 3576
1676 3816
1677 1678
1677 1679
1678 1945
1678 2037
1679 3578
1679 3818
1680 1681
1680 1682
1681 1942
1681 2040
1682 3580
1682 3820
1683 1684
1683 1685
1684 1948
1684 2043
1685 3582
1685 3822
1686 1687
1686 1688
1687 1888
1687 2046
1688 3584
1688 3824
1689 1690
1689 1691
1690 1912
1690 2049
1691 3586
1691 3826
1692 1693
1692 1694
1693 1876
1693 2052
1694 3588
1694 3828
1695 1696
1695 1697
1696 1873
1696 2055
1697 3590
1697 3830
1698 1699
1698 1700
1699 1930
1699 2058
1700 3592
1700 3832
1701 1702
1701 1703
1702 1936
1702 2061
1703 3594
1703 3834
1704 1705
1704 1706
1705 1921
1705 2064
1706 3596
1706 3836
1707 1708
1707 1709
1708 1867
1708 2067
1709 3598
1709 3838
1710 1711
1710 1712
1711 1933
1711 2070
1712 3600
1712 3840
1713 1714
1713 1715
1714 1966
1714 2073
1715 3602
1715 3842
1716 1717
1716 1718
1717 1906
1717 2076
1718 3604
1718 3844
1719 1720
1719 1721
1720 1819
1720 2079
1721 3606
1721 3846
1722 1723
1722 1724
1723 1843
1723 2082
1724 3608
1724 3848
1725 1726
1725 1727
1726 1897
1726 2085
1727 3610
1727 3850
1728 1729
1728 1730
1729 1927
1729 2088
1730 3612
1730 3852
1731 1732
1731 1733
1732 1870
1732 2091
1733 3614
1733 3854
1734 1735
1734 1736
1735 1828
1735 2094
1736 3616
1736 3856
1737 1738
1737 1739
1738 1837
1738 2097
1739 3618
1739 3858
1740 1741
1740 1742
1741 1885
1741 2100
1742 3620
1742 3860
1743 1744
1743 1745
1744 1849
1744 2103
1745 3622
1745 3862
1746 1747
1746 1748
1747 1909
1747 2106
1748 3624
1748 3864
1749 1750
1749 1751
1750 1879
1750 2109
1751 3626
1751 3866
1752 1753
1752 1754
1753 1891
1753 2112
1754 3628
1754 3868
1755 1756
1755 1757
1756 1882
1756 2115
1757 3630
1757 3870
1758 1759
1758 1760
1759 1846
1759 2118
1760 3632
1760 3872
1761 1762
1761 1763
1762 1861
1762 2121
1763 3634
1763 3874
1764 1765
1764 1766
1765 1858
1765 2124
1766 3636
1766 3876
1767 1768
1767 1769
1768 1864
1768 2127
1769 3638
1769 3878
1770 1771
1770 1772
1771 1825
1771 2130
1772 3640
1772 3880
1773 1774
1773 1775
1774 1804
1774 2133
1775 3642
1775 3882
1776 1777
1776 1778
1777 1822
1777 2136
1778 3644
1778 3884
1779 1780
1779 1781
1780 1840
1780 2139
1781 3646
1781 3886
1782 1783
1782 1784
1783 1816
1783 2142
1784 3648
1784 3888
1785 1786
1785 1787
1786 1894
1786 2145
1787 3650
1787 3890
1788 1789
1788 1790
1789 1807
1789 2148
1790 3652
1790 3892
1791 1792
1791 1793
1792 1810
1792 2151
1793 3654
1793 3894
1794 1795
1794 1796
1795 1813
1795 2154
1796 3656
1796 3896
1797 1798
1797 1799
1798 1801
1798 2157
1799 3658
1799 3898
1800 1801
1800 1802
1801 2160
1802 3660
1802 3900
1803 1804
1803 1805
1804 2163
1805 3662
1805 3902
1806 1807
1806 1808
1807 2166
1808 3664
1808 3904
1809 1810
1809 1811
1810 2169
1811 3666
1811 3906
1812 1813
1812 1814
1813 2172
1814 3668
1814 3908
1815 1816
1815 1817
1816 2175
1817 3670
1817 3910
1818 1819
1818 1820
1819 2178
1820 3672
1820 3912
1821 1822
1821 1823
1822 2181
1823 3674
1823 3914
1824 1825
1824 1826
1825 2184
1826 3676
1826 3916
1827 1828
1827 1829
1828 2187
1829 3678
1829 3918
1830 1831
1830 1832
1831 2190
1832 3680
1832 3920
1833 1834
1833 1835
1834 2193
1835 3682
1835 3922
1836 1837
1836 1838
1837 2196
1838 3684
1838 3924
1839 1840
1839 1841
1840 2199
1841 3686
1841 3926
1842 1843
1842 1844
1843 2202
1844 3688
1844 3928
1845 1846
1845 1847
1846 2205
1847 3690
1847 3930
1848 1849
1848 1850
1849 2208
1850 3692
1850 3932
1851 1852
1851 1853
1852 2211
1853 3694
1853 3934
1854 1855
1854 1856
1855 2214
1856 3696
1856 3936
1857 1858
1857 1859
1858 2217
1859 3698
1859 3938
1860 1861
1860 1862
1861 2220
1862 3700
1862 3940
1863 1864
1863 1865
1864 2223
1865 3702
1865 3942
1866 1867
1866 1868
1867 2226
1868 3704
1868 3944
1869 1870
1869 1871
1870 2229
1871 3706
1871 3946
1872 1873
1872 1874
1873 2232
1874 3708
1874 3948
1875 1876
1875 1877
1876 2235
1877 3710
1877 3950
1878 1879
1878 1880
1879 2238
1880 3712
1880 3952
1881 1882
1881 1883
1882 2241
1883 3714
1883 3954
1884 1885
1884 1886
1885 2244
1886 3716
1886 3956
1887 1888
1887 1889
1888 2247
1889 3718
1889 3958
1890 1891
1890 1892
1891 2250
1892 3720
1892 3960
1893 1894
1893 1895
1894 2253
1895 3722
1895 3962
1896 1897
1896 1898
1897 2256
1898 3724
1898 3964
1899 1900
1899 1901
1900 2259
1901 3726
1901 3966
1902 1903
1902 1904
1903 2262
1904 3728
1904 3968
1905 1906
1905 1907
1906 2265
1907 3730
1907 3970
1908 1909
1908 1910
1909 2268
1910 3732
1910 3972
1911 1912
1911 1913
1912 2271
1913 3734
1913 3974
1914 1915
1914 1916
1915 2274
1916 3736
1916 3976
1917 1918
1917 1919
1918 2277
1919 3738
1919 3978
1920 1921
1920 1922
1921 2280
1922 3740
1922 3980
1923 1924
1923 1925
1924 2283
1925 3742
1925 3982
1926 1927
1926 1928
1927 2286
1928 3744
1928 3984
1929 1930
1929 1931
1930 2289
1931 3746
1931 3986
1932 1933
1932 1934
1933 2292
1934 3748
1934 3988
1935 1936
1935 1937
1936 2295
1937 3750
1937 3990
1938 1939
1938 1940
1939 2298
1940 3752
1940 3992
1941 1942
1941 1943
1942 2301
1943 3754
1943 3994
1944 1945
1944 1946
1945 2304
1946 3756
1946 3996
1947 1948
1947 1949
1948 2307
1949 3758
1949 3998
1950 1951
1950 1952
1951 2310
1952 3760
1952 4000
1953 1954
1953 1955
1954 2313
1955 3762
1955 4002
1956 1957
1956 1958
1957 2316
1958 3764
1958 4004
1959 1960
1959 1961
1960 2319
1961 3766
1961 4006
1962 1963
1962 1964
1963 2322
1964 3768
1964 4008
1965 1966
1965 1967
1966 2325
1967 3770
1967 4010
1968 1969
1968 1970
1969 2328
1970 3772
1970 4012
1971 1972
1971 1973
1972 2331
1973 3774
1973 4014
1974 1975
1974 1976
1975 2334
1976 3776
1976 4016
1977 1978
1977 1979
1978 2337
1979 3778
1979 4018
1980 1981
1980 1982
1981 2338
1981 2340
1982 3780
1982 4020
1983 1984
1983 1985
1984 2314
1984 2343
1985 3782
1985 4022
1986 1987
1986 1988
1987 2329
1987 2346
1988 3784
1988 4024
1989 1990
1989 1991
1990 2332
1990 2349
1991 3786
1991 4026
1992 1993
1992 1994
1993 2335
1993 2352
1994 3788
1994 4028
1995 1996
1995 1997
1996 2323
1996 2355
1997 3790
1997 4030
1998 1999
1998 2000
1999 2260
1999 2358
2000 3792
2000 4032
2001 2002
2001 2003
2002 2317
2002 2361
2003 3794
2003 4034
2004 2005
2004 2006
2005 2311
2005 2364
2006 3796
2006 4036
2007 2008
2007 2009
2008 2275
2008 2367
2009 3798
2009 4038
2010 2011
2010 2012
2011 2215
2011 2370
2012 3800
2012 4040
2013 2014
2013 2015
2014 2212
2014 2373
2015 3802
2015 4042
2016 2017
2016 2018
2017 2278
2017 2376
2018 3804
2018 4044
2019 2020
2019 2021
2020 2320
2020 2379
2021 3806
2021 4046
2022 2023
2022 2024
2023 2263
2023 2382
2024 3808
2024 4048
2025 2026
2025 2027
2026 2299
2026 2385
2027 3810
2027 4050
2028 2029
2028 2030
2029 2284
2029 2388
2030 3812
2030 4052
2031 2032
2031 2033
2032 2194
2032 2391
2033 3814
2033 4054
2034 2035
2034 2036
2035 2191
2035 2394
2036 3816
2036 4056
2037 2038
2037 2039
2038 2305
2038 2397
2039 3818
2039 4058
2040 2041
2040 2042
2041 2302
2041 2400
2042 3820
2042 4060
2043 2044
2043 2045
2044 2308
2044 2403
2045 3822
2045 4062
2046 2047
2046 2048
2047 2248
2047 2406
2048 3824
2048 4064
2049 2050
2049 2051
2050 2272
2050 2409
2051 3826
2051 4066
2052 2053
2052 2054
2053 2236
2053 2412
2054 3828
2054 4068
2055 2056
2055 2057
2056 2233
2056 2415
2057 3830
2057 4070
2058 2059
2058 2060
2059 2290
2059 2418
2060 3832
2060 4072
2061 2062
2061 2063
2062 2296
2062 2421
2063 3834
2063 4074
2064 2065
2064 2066
2065 2281
2065 2424
2066 3836
2066 4076
2067 2068
2067 2069
2068 2227
2068 2427
2069 3838
2069 4078
2070 2071
2070 2072
2071 2293
2071 2430
2072 3840
2072 4080
2073 2074
2073 2075
2074 2326
2074 2433
2075 3842
2075 4082
2076 2077
2076 2078
2077 2266
2077 2436
2078 3844
2078 4084
2079 2080
2079 2081
2080 2179
2080 2439
2081 3846
2081 4086
2082 2083
2082 2084
2083 2203
2083 2442
2084 3848
2084 4088
2085 2086
2085 2087
2086 2257
2086 2445
2087 3850
2087 4090
2088 2089
2088 2090
2089 2287
2089 2448
2090 3852
2090 4092
2091 2092
2091 2093
2092 2230
2092 2451
2093 3854
2093 4094
2094 2095
2094 2096
2095 2188
2095 2454
2096 3856
2096 4096
2097 2098
2097 2099
2098 2197
2098 2457
2099 3858
2099 4098
2100 2101
2100 2102
2101 2245
2101 2460
2102 3860
2102 4100
2103 2104
2103 2105
2104 2209
2104 2463
2105 3862
2105 4102
2106 2107
2106 2108
2107 2269
2107 2466
2108 3864
2108 4104
2109 2110
2109 2111
2110 2239
2110 2469
2111 3866
2111 4106
2112 2113
2112 2114
2113 2251
2113 2472
2114 3868
2114 4108
2115 2116
2115 2117
2116 2242
2116 2475
2117 3870
2117 4110
2118 2119
2118 2120
2119 2206
2119 2478
2120 3872
2120 4112
2121 2122
2121 2123
2122 2221
2122 2481
2123 3874
2123 4114
2124 2125
2124 2126
2125 2218
2125 2484
2126 3876
2126 4116
2127 2128
2127 2129
2128 2224
2128 2487
2129 3878
2129 4118
2130 2131
2130 2132
2131 2185
2131 2490
2132 3880
2132 4120
2133 2134
2133 2135
2134 2164
2134 2493
2135 3882
2135 4122
2136 2137
2136 2138
2137 2182
2137 2496
2138 3884
2138 4124
2139 2140
2139 2141
2140 2200
2140 2499
2141 3886
2141 4126
2142 2143
2142 2144
2143 2176
2143 2502
2144 3888
2144 4128
2145 2146
2145 2147
2146 2254
2146 2505
2147 3890
2147 4130
2148 2149
2148 2150
2149 2167
2149 2508
2150 3892
2150 4132
2151 2152
2151 2153
2152 2170
2152 2511
2153 3894
2153 4134
2154 2155
2154 2156
2155 2173
2155 2514
2156 3896
2156 4136
2157 2158
2157 2159
2158 2161
2158 2517
2159 3898
2159 4138
2160 2161
2160 2162
2161 2520
2162 3900
2162 4140
2163 2164
2163 2165
2164 2523
2165 3902
2165 4142
2166 2167
2166 2168
2167 2526
2168 3904
2168 4144
2169 2170
2169 2171
2170 2529
2171 3906
2171 4146
2172 2173
2172 2174
2173 2532
2174 3908
2174 4148
2175 2176
2175 2177
2176 2535
2177 3910
2177 4150
2178 2179
2178 2180
2179 2538
2180 3912
2180 4152
2181 2182
2181 2183
2182 2541
2183 3914
2183 4154
2184 2185
2184 2186
2185 2544
2186 3916
2186 4156
2187 2188
2187 2189
2188 2547
2189 3918
2189 4158
2190 2191
2190 2192
2191 2550
2192 3920
2192 4160
2193 2194
2193 2195
2194 2553
2195 3922
2195 4162
2196 2197
2196 2198
2197 2556
2198 3924
2198 4164
2199 2200
2199 2201
2200 2559
2201 3926
2201 4166
2202 2203
2202 2204
2203 2562
2204 3928
2204 4168
2205 2206
2205 2207
2206 2565
2207 3930
2207 4170
2208 2209
2208 2210
2209 2568
2210 3932
2210 4172
2211 2212
2211 2213
2212 2571
2213 3934
2213 4174
2214 2215
2214 2216
2215 2574
2216 3936
2216 4176
2217 2218
2217 2219
2218 2577
2219 3938
2219 4178
2220 2221
2220 2222
2221 2580
2222 3940
2222 4180
2223 2224
2223 2225
2224 2583
2225 3942
2225 4182
2226 2227
2226 2228
2227 2586
2228 3944
2228 4184
2229 2230
2229 2231
2230 2589
2231 3946
2231 4186
2232 2233
2232 2234
2233 2592
2234 3948
2234 4188
2235 2236
2235 2237
2236 2595
2237 3950
2237 4190
2238 2239
2238 2240
2239 2598
2240 3952
2240 4192
2241 2242
2241 2243
2242 2601
2243 3954
2243 4194
2244 2245
2244 2246
2245 2604
2246 3956
2246 4196
2247 2248
2247 2249
2248 2607
2249 3958
2249 4198
2250 2251
2250 2252
2251 2610
2252 3960
2252 4200
2253 2254
2253 2255
2254 2613
2255 3962
2255 4202
2256 2257
2256 2258
2257 2616
2258 3964
2258 4204
2259 2260
2259 2261
2260 2619
2261 3966
2261 4206
2262 2263
2262 2264
2263 2622
2264 3968
2264 4208
2265 2266
2265 2267
2266 2625
2267 3970
2267 4210
2268 2269
2268 2270
2269 2628
2270 3972
2270 4212
2271 2272
2271 2273
2272 2631
2273 3974
2273 4214
2274 2275
2274 2276
2275 2634
2276 3976
2276 4216
2277 2278
2277 2279
2278 2637
2279 3978
2279 4218
2280 2281
2280 2282
2281 2640
2282 3980
2282 4220
2283 2284
2283 2285
2284 2643
2285 3982
2285 4222
2286 2287
2286 2288
2287 2646
2288 3984
2288 4224
2289 2290
2289 2291
2290 2649
2291 3986
2291 4226
2292 2293
2292 2294
2293 2652
2294 3988
2294 4228
2295 2296
2295 2297
2296 2655
2297 3990
2297 4230
2298 2299
2298 2300
2299 2658
2300 3992
2300 4232
2301 2302
2301 2303
2302 2661
2303 3994
2303 4234
2304 2305
2304 2306
2305 2664
2306 3996
2306 4236
2307 2308
2307 2309
2308 2667
2309 3998
2309 4238
2310 2311
2310 2312
2311 2670
2312 4000
2312 4240
2313 2314
2313 2315
2314 2673
2315 4002
2315 4242
2316 2317
2316 2318
2317 2676
2318 4004
2318 4244
2319 2320
2319 2321
2320 2679
2321 4006
2321 4246
2322 2323
2322 2324
2323 2682
2324 4008
2324 4248
2325 2326
2325 2327
2326 2685
2327 4010
2327 4250
2328 2329
2328 2330
2329 2688
2330 4012
2330 4252
2331 2332
2331 2333
2332 2691
2333 4014
2333 4254
2334 2335
2334 2336
2335 2694
2336 4016
2336 4256
2337 2338
2337 2339
2338 2697
2339 4018
2339 4258
2340 2341
2340 2342
2341 2698
2341 2700
2342 4020
2342 4260
2343 2344
2343 2345
2344 2674
2344 2703
2345 4022
2345 4262
2346 2347
2346 2348
2347 2689
2347 2706
2348 4024
2348 4264
2349 2350
2349 2351
2350 2692
2350 2709
2351 4026
2351 4266
2352 2353
2352 2354
2353 2695
2353 2712
2354 4028
2354 4268
2355 2356
2355 2357
2356 2683
2356 2715
2357 4030
2357 4270
2358 2359
2358 2360
2359 2620
2359 2718
2360 4032
2360 4272
2361 2362
2361 2363
2362 2677
2362 2721
2363 4034
2363 4274
2364 2365
2364 2366
2365 2671
2365 2724
2366 4036
2366 4276
2367 2368
2367 2369
2368 2635
2368 2727
2369 4038
2369 4278
2370 2371
2370 2372
2371 2575
2371 2730
2372 4040
2372 4280
2373 2374
2373 2375
2374 2572
2374 2733
2375 4042
2375 4282
2376 2377
2376 2378
2377 2638
2377 2736
2378 4044
2378 4284
2379 2380
2379 2381
2380 2680
2380 2739
2381 4046
2381 4286
2382 2383
2382 2384
2383 2623
2383 2742
2384 4048
2384 4288
2385 2386
2385 2387
2386 2659
2386 2745
2387 4050
2387 4290
2388 2389
2388 2390
2389 2644
2389 2748
2390 4052
2390 4292
2391 2392
2391 2393
2392 2554
2392 2751
2393 4054
2393 4294
2394 2395
2394 2396
2395 2551
2395 2754
2396 4056
2396 4296
2397 2398
2397 2399
2398 2665
2398 2757
2399 4058
2399 4298
2400 2401
2400 2402
2401 2662
2401 2760
2402 4060
2402 4300
2403 2404
2403 2405
2404 2668
2404 2763
2405 4062
2405 4302
2406 2407
2406 2408
2407 2608
2407 2766
2408 4064
2408 4304
2409 2410
2409 2411
2410 2632
2410 2769
2411 4066
2411 4306
2412 2413
2412 2414
2413 2596
2413 2772
2414 4068
2414 4308
2415 2416
2415 2417
2416 2593
2416 2775
2417 4070
2417 4310
2418 2419
2418 2420
2419 2650
2419 2778
2420 4072
2420 4312
2421 2422
2421 2423
2422 2656
2422 2781
2423 4074
2423 4314
2424 2425
2424 2426
2425 2641
2425 2784
2426 4076
2426 4316
2427 2428
2427 2429
2428 2587
2428 2787
2429 4078
2429 4318
2430 2431
2430 2432
2431 2653
2431 2790
2432 4080
2432 4320
2433 2434
2433 2435
2434 2686
2434 2793
2435 4082
2435 4322
2436 2437
2436 2438
2437 2626
2437 2796
2438 4084
2438 4324
2439 2440
2439 2441
2440 2539
2440 2799
2441 4086
2441 4326
2442 2443
2442 2444
2443 2563
2443 2802
2444 4088
2444 4328
2445 2446
2445 2447
2446 2617
2446 2805
2447 4090
2447 4330
2448 2449
2448 2450
2449 2647
2449 2808
2450 4092
2450 4332
2451 2452
2451 2453
2452 2590
2452 2811
2453 4094
2453 4334
2454 2455
2454 2456
2455 2548
2455 2814
2456 4096
2456 4336
2457 2458
2457 2459
2458 2557
2458 2817
2459 4098
2459 4338
2460 2461
2460 2462
2461 2605
2461 2820
2462 4100
2462 4340
2463 2464
2463 2465
2464 2569
2464 2823
2465 4102
2465 4342
2466 2467
2466 2468
2467 2629
2467 2826
2468 4104
2468 4344
2469 2470
2469 2471
2470 2599
2470 2829
2471 4106
2471 4346
2472 2473
2472 2474
2473 2611
2473 2832
2474 4108
2474 4348
2475 2476
2475 2477
2476 2602
2476 2835
2477 4110
2477 4350
2478 2479
2478 2480
2479 2566
2479 2838
2480 4112
2480 4352
2481 2482
2481 2483
2482 2581
2482 2841
2483 4114
2483 4354
2484 2485
2484 2486
2485 2578
2485 2844
2486 4116
2486 4356
2487 2488
2487 2489
2488 2584
2488 2847
2489 4118
2489 4358
2490 2491
2490 2492
2491 2545
2491 2850
2492 4120
2492 4360
2493 2494
2493 2495
2494 2524
2494 2853
2495 4122
2495 4362
2496 2497
2496 2498
2497 2542
2497 2856
2498 4124
2498 4364
2499 2500
2499 2501
2500 2560
2500 2859
2501 4126
2501 4366
2502 2503
2502 2504
2503 2536
2503 2862
2504 4128
2504 4368
2505 2506
2505 2507
2506 2614
2506 2865
2507 4130
2507 4370
2508 2509
2508 2510
2509 2527
2509 2868
2510 4132
2510 4372
2511 2512
2511 2513
2512 2530
2512 2871
2513 4134
2513 4374
2514 2515
2514 2516
2515 2533
2515 2874
2516 4136
2516 4376
2517 2518
2517 2519
2518 2521
2518 2877
2519 4138
2519 4378
2520 2521
2520 2522
2521 2880
2522 4140
2522 4380
2523 2524
2523 2525
2524 2883
2525 4142
2525 4382
2526 2527
2526 2528
2527 2886
2528 4144
2528 4384
2529 2530
2529 2531
2530 2889
2531 4146
2531 4386
2532 2533
2532 2534
2533 2892
2534 4148
2534 4388
2535 2536
2535 2537
2536 2895
2537 4150
2537 4390
2538 2539
2538 2540
2539 2898
2540 4152
2540 4392
2541 2542
2541 2543
2542 2901
2543 4154
2543 4394
2544 2545
2544 2546
2545 2904
2546 4156
2546 4396
2547 2548
2547 2549
2548 2907
2549 4158
2549 4398
2550 2551
2550 2552
2551 2910
2552 4160
2552 4400
2553 2554
2553 2555
2554 2913
2555 4162
2555 4402
2556 2557
2556 2558
2557 2916
2558 4164
2558 4404
2559 2560
2559 2561
2560 2919
2561 4166
2561 4406
2562 2563
2562 2564
2563 2922
2564 4168
2564 4408
2565 2566
2565 2567
2566 2925
2567 4170
2567 4410
2568 2569
2568 2570
2569 2928
2570 4172
2570 4412
2571 2572
2571 2573
2572 2931
2573 4174
2573 4414
2574 2575
2574 2576
2575 2934
2576 4176
2576 4416
2577 2578
2577 2579
2578 2937
2579 4178
2579 4418
2580 2581
2580 2582
2581 2940
2582 4180
2582 4420
2583 2584
2583 2585
2584 2943
2585 4182
2585 4422
2586 2587
2586 2588
2587 2946
2588 4184
2588 4424
2589 2590
2589 2591
2590 2949
2591 4186
2591 4426
2592 2593
2592 2594
2593 2952
2594 4188
2594 4428
2595 2596
2595 2597
2596 2955
2597 4190
2597 4430
2598 2599
2598 2600
2599 2958
2600 4192
2600 4432
2601 2602
2601 2603
2602 2961
2603 4194
2603 4434
2604 2605
2604 2606
2605 2964
2606 4196
2606 4436
2607 2608
2607 2609
2608 2967
2609 4198
2609 4438
2610 2611
2610 2612
2611 2970
2612 4200
2612 4440
2613 2614
2613 2615
2614 2973
2615 4202
2615 4442
2616 2617
2616 2618
2617 2976
2618 4204
2618 4444
2619 2620
2619 2621
2620 2979
2621 4206
2621 4446
2622 2623
2622 2624
2623 2982
2624 4208
2624 4448
2625 2626
2625 2627
2626 2985
2627 4210
2627 4450
2628 2629
2628 2630
2629 2988
2630 4212
2630 4452
2631 2632
2631 2633
2632 2991
2633 4214
2633 4454
2634 2635
2634 2636
2635 2994
2636 4216
2636 4456
2637 2638
2637 2639
2638 2997
2639 4218
2639 4458
2640 2641
2640 2642
2641 3000
2642 4220
2642 4460
2643 2644
2643 2645
2644 3003
2645 4222
2645 4462
2646 2647
2646 2648
2647 3006
2648 4224
2648 4464
2649 2650
2649 2651
2650 3009
2651 4226
2651 4466
2652 2653
2652 2654
2653 3012
2654 4228
2654 4468
2655 2656
2655 2657
2656 3015
2657 4230
2657 4470
2658 2659
2658 2660
2659 3018
2660 4232
2660 4472
2661 2662
2661 2663
2662 3021
2663 4234
2663 4474
2664 2665
2664 2666
2665 3024
2666 4236
2666 4476
2667 2668
2667 2669
2668 3027
2669 4238
2669 4478
2670 2671
2670 2672
2671 3030
2672 4240
2672 4480
2673 2674
2673 2675
2674 3033
2675 4242
2675 4482
2676 2677
2676 2678
2677 3036
2678 4244
2678 4484
2679 2680
2679 2681
2680 3039
2681 4246
2681 4486
2682 2683
2682 2684
2683 3042
2684 4248
2684 4488
2685 2686
2685 2687
2686 3045
2687 4250
2687 4490
2688 2689
2688 2690
2689 3048
2690 4252
2690 4492
2691 2692
2691 2693
2692 3051
2693 4254
2693 4494
2694 2695
2694 2696
2695 3054
2696 4256
2696 4496
2697 2698
2697 2699
2698 3057
2699 4258
2699 4498
2700 2701
2700 2702
2701 3049
2701 3058
2702 3050
2702 4260
2703 2704
2703 2705
2704 3034
2704 3055
2705 3056
2705 4262
2706 2707
2706 2708
2707 3049
2707 3052
2708 3053
2708 4264
2709 2710
2709 2711
2710 3052
2710 3058
2711 3059
2711 4266
2712 2713
2712 2714
2713 3037
2713 3055
2714 3038
2714 4268
2715 2716
2715 2717
2716 3031
2716 3043
2717 3032
2717 4270
2718 2719
2718 2720
2719 2980
2719 3040
2720 3041
2720 4272
2721 2722
2721 2723
2722 3034
2722 3037
2723 3035
2723 4274
2724 2725
2724 2726
2725 2983
2725 3031
2726 2984
2726 4276
2727 2728
2727 2729
2728 2995
2728 3004
2729 3005
2729 4278
2730 2731
2730 2732
2731 2935
2731 2992
2732 2993
2732 4280
2733 2734
2733 2735
2734 2932
2734 2986
2735 2987
2735 4282
2736 2737
2736 2738
2737 2968
2737 2998
2738 2969
2738 4284
2739 2740
2739 2741
2740 3013
2740 3040
2741 3014
2741 4286
2742 2743
2742 2744
2743 2983
2743 3043
2744 3044
2744 4288
2745 2746
2745 2747
2746 3019
2746 3022
2747 3023
2747 4290
2748 2749
2748 2750
2749 3004
2749 3046
2750 3047
2750 4292
2751 2752
2751 2753
2752 2914
2752 2962
2753 2963
2753 4294
2754 2755
2754 2756
2755 2911
2755 2944
2756 2945
2756 4296
2757 2758
2757 2759
2758 3001
2758 3025
2759 3002
2759 4298
2760 2761
2760 2762
2761 2989
2761 3022
2762 2990
2762 4300
2763 2764
2763 2765
2764 2935
2764 3028
2765 2936
2765 4302
2766 2767
2766 2768
2767 2959
2767 2968
2768 2960
2768 4304
2769 2770
2769 2771
2770 2992
2770 3028
2771 3029
2771 4306
2772 2773
2772 2774
2773 2956
2773 3025
2774 3026
2774 4308
2775 2776
2775 2777
2776 2953
2776 2965
2777 2966
2777 4310
2778 2779
2778 2780
2779 2947
2779 3010
2780 2948
2780 4312
2781 2782
2781 2783
2782 2932
2782 3016
2783 2933
2783 4314
2784 2785
2784 2786
2785 2956
2785 3001
2786 2957
2786 4316
2787 2788
2787 2789
2788 2917
2788 2947
2789 2918
2789 4318
2790 2791
2790 2792
2791 2980
2791 3013
2792 2981
2792 4320
2793 2794
2793 2795
2794 2995
2794 3046
2795 2996
2795 4322
2796 2797
2796 2798
2797 2986
2797 3016
2798 3017
2798 4324
2799 2800
2799 2801
2800 2899
2800 2971
2801 2972
2801 4326
2802 2803
2802 2804
2803 2905
2803 2923
2804 2906
2804 4328
2805 2806
2805 2807
2806 2914
2806 2977
2807 2915
2807 4330
2808 2809
2808 2810
2809 2941
2809 3007
2810 2942
2810 4332
2811 2812
2811 2813
2812 2911
2812 2950
2813 2912
2813 4334
2814 2815
2814 2816
2815 2908
2815 2974
2816 2975
2816 4336
2817 2818
2817 2819
2818 2917
2818 3010
2819 3011
2819 4338
2820 2821
2820 2822
2821 2938
2821 2965
2822 2939
2822 4340
2823 2824
2823 2825
2824 2908
2824 2929
2825 2909
2825 4342
2826 2827
2826 2828
2827 2989
2827 3019
2828 3020
2828 4344
2829 2830
2829 2831
2830 2959
2830 2998
2831 2999
2831 4346
2832 2833
2832 2834
2833 2920
2833 2971
2834 2921
2834 4348
2835 2836
2835 2837
2836 2962
2836 2977
2837 2978
2837 4350
2838 2839
2838 2840
2839 2926
2839 3007
2840 3008
2840 4352
2841 2842
2841 2843
2842 2926
2842 2941
2843 2927
2843 4354
2844 2845
2844 2846
2845 2938
2845 2953
2846 2954
2846 4356
2847 2848
2847 2849
2848 2944
2848 2950
2849 2951
2849 4358
2850 2851
2850 2852
2851 2896
2851 2905
2852 2897
2852 4360
2853 2854
2853 2855
2854 2884
2854 2902
2855 2903
2855 4362
2856 2857
2856 2858
2857 2893
2857 2902
2858 2894
2858 4364
2859 2860
2859 2861
2860 2899
2860 2920
2861 2900
2861 4366
2862 2863
2862 2864
2863 2896
2863 2923
2864 2924
2864 4368
2865 2866
2865 2867
2866 2929
2866 2974
2867 2930
2867 4370
2868 2869
2868 2870
2869 2881
2869 2887
2870 2882
2870 4372
2871 2872
2871 2873
2872 2887
2872 2890
2873 2888
2873 4374
2874 2875
2874 2876
2875 2884
2875 2893
2876 2885
2876 4376
2877 2878
2877 2879
2878 2881
2878 2890
2879 2891
2879 4378
2880 2881
2880 2882
2882 4380
2883 2884
2883 2885
2885 4382
2886 2887
2886 2888
2888 4384
2889 2890
2889 2891
2891 4386
2892 2893
2892 2894
2894 4388
2895 2896
2895 2897
2897 4390
2898 2899
2898 2900
2900 4392
2901 2902
2901 2903
2903 4394
2904 2905
2904 2906
2906 4396
2907 2908
2907 2909
2909 4398
2910 2911
2910 2912
2912 4400
2913 2914
2913 2915
2915 4402
2916 2917
2916 2918
2918 4404
2919 2920
2919 2921
2921 4406
2922 2923
2922 2924
2924 4408
2925 2926
2925 2927
2927 4410
2928 2929
2928 2930
2930 4412
2931 2932
2931 2933
2933 4414
2934 2935
2934 2936
2936 4416
2937 2938
2937 2939
2939 4418
2940 2941
2940 2942
2942 4420
2943 2944
2943 2945
2945 4422
2946 2947
2946 2948
2948 4424
2949 2950
2949 2951
2951 4426
2952 2953
2952 2954
2954 4428
2955 2956
2955 2957
2957 4430
2958 2959
2958 2960
2960 4432
2961 2962
2961 2963
2963 4434
2964 2965
2964 2966
2966 4436
2967 2968
2967 2969
2969 4438
2970 2971
2970 2972
2972 4440
2973 2974
2973 2975
2975 4442
2976 2977
2976 2978
2978 4444
2979 2980
2979 2981
2981 4446
2982 2983
2982 2984
2984 4448
2985 2986
2985 2987
2987 4450
2988 2989
2988 2990
2990 4452
2991 2992
2991 2993
2993 4454
2994 2995
2994 2996
2996 4456
2997 2998
2997 2999
2999 4458
3000 3001
3000 3002
3002 4460
3003 3004
3003 3005
3005 4462
3006 3007
3006 3008
3008 4464
3009 3010
3009 3011
3011 4466
3012 3013
3012 3014
3014 4468
3015 3016
3015 3017
3017 4470
3018 3019
3018 3020
3020 4472
3021 3022
3021 3023
3023 4474
3024 3025
3024 3026
3026 4476
3027 3028
3027 3029
3029 4478
3030 3031
3030 3032
3032 4480
3033 3034
3033 3035
3035 4482
3036 3037
3036 3038
3038 4484
3039 3040
3039 3041
3041 4486
3042 3043
3042 3044
3044 4488
3045 3046
3045 3047
3047 4490
3048 3049
3048 3050
3050 4492
3051 3052
3051 3053
3053 4494
3054 3055
3054 3056
3056 4496
3057 3058
3057 3059
3059 4498
3120 3121
3121 3298
3121 4500
3122 3123
3123 3296
3123 4501
3124 3125
3125 3293
3125 4502
3126 3127
3127 3290
3127 4503
3128 3129
3129 3288
3129 4504
3130 3131
3131 3299
3131 4505
3132 3133
3133 3297
3133 4506
3134 3135
3135 3289
3135 4507
3136 3137
3137 3266
3137 4508
3138 3139
3139 3284
3139 4509
3140 3141
3141 3295
3141 4510
3142 3143
3143 3268
3143 4511
3144 3145
3145 3261
3145 4512
3146 3147
3147 3281
3147 4513
3148 3149
3149 3276
3149 4514
3150 3151
3151 3280
3151 4515
3152 3153
3153 3277
3153 4516
3154 3155
3155 3270
3155 4517
3156 3157
3157 3269
3157 4518
3158 3159
3159 3287
3159 4519
3160 3161
3161 3294
3161 4520
3162 3163
3163 3252
3163 4521
3164 3165
3165 3274
3165 4522
3166 3167
3167 3291
3167 4523
3168 3169
3169 3292
3169 4524
3170 3171
3171 3275
3171 4525
3172 3173
3173 3248
3173 4526
3174 3175
3175 3273
3175 4527
3176 3177
3177 3251
3177 4528
3178 3179
3179 3258
3179 4529
3180 3181
3181 3257
3181 4530
3182 3183
3183 3282
3183 4531
3184 3185
3185 3279
3185 4532
3186 3187
3187 3267
3187 4533
3188 3189
3189 3262
3189 4534
3190 3191
3191 3265
3191 4535
3192 3193
3193 3254
3193 4536
3194 3195
3195 3256
3195 4537
3196 3197
3197 3286
3197 4538
3198 3199
3199 3272
3199 4539
3200 3201
3201 3255
3201 4540
3202 3203
3203 3253
3203 4541
3204 3205
3205 3271
3205 4542
3206 3207
3207 3285
3207 4543
3208 3209
3209 3249
3209 4544
3210 3211
3211 3283
3211 4545
3212 3213
3213 3278
3213 4546
3214 3215
3215 3259
3215 4547
3216 3217
3217 3244
3217 4548
3218 3219
3219 3247
3219 4549
3220 3221
3221 3243
3221 4550
3222 3223
3223 3263
3223 4551
3224 3225
3225 3264
3225 4552
3226 3227
3227 3242
3227 4553
3228 3229
3229 3260
3229 4554
3230 3231
3231 3250
3231 4555
3232 3233
3233 3241
3233 4556
3234 3235
3235 3246
3235 4557
3236 3237
3237 3240
3237 4558
3238 3239
3239 3245
3239 4559
3300 3301
3301 4500
3301 4560
3302 3303
3303 4501
3303 4562
3304 3305
3305 4502
3305 4564
3306 3307
3307 4503
3307 4566
3308 3309
3309 4504
3309 4568
3310 3311
3311 4505
3311 4570
3312 3313
3313 4506
3313 4572
3314 3315
3315 4507
3315 4574
3316 3317
3317 4508
3317 4576
3318 3319
3319 4509
3319 4578
3320 3321
3321 4510
3321 4580
3322 3323
3323 4511
3323 4582
3324 3325
3325 4512
3325 4584
3326 3327
3327 4513
3327 4586
3328 3329
3329 4514
3329 4588
3330 3331
3331 4515
3331 4590
3332 3333
3333 4516
3333 4592
3334 3335
3335 4517
3335 4594
3336 3337
3337 4518
3337 4596
3338 3339
3339 4519
3339 4598
3340 3341
3341 4520
3341 4600
3342 3343
3343 4521
3343 4602
3344 3345
3345 4522
3345 4604
3346 3347
3347 4523
3347 4606
3348 3349
3349 4524
3349 4608
3350 3351
3351 4525
3351 4610
3352 3353
3353 4526
3353 4612
3354 3355
3355 4527
3355 4614
3356 3357
3357 4528
3357 4616
3358 3359
3359 4529
3359 4618
3360 3361
3361 4530
3361 4620
3362 3363
3363 4531
3363 4622
3364 3365
3365 4532
3365 4624
3366 3367
3367 4533
3367 4626
3368 3369
3369 4534
3369 4628
3370 3371
3371 4535
3371 4630
3372 3373
3373 4536
3373 4632
3374 3375
3375 4537
3375 4634
3376 3377
3377 4538
3377 4636
3378 3379
3379 4539
3379 4638
3380 3381
3381 4540
3381 4640
3382 3383
3383 4541
3383 4642
3384 3385
3385 4542
3385 4644
3386 3387
3387 4543
3387 4646
3388 3389
3389 4544
3389 4648
3390 3391
3391 4545
3391 4650
3392 3393
3393 4546
3393 4652
3394 3395
3395 4547
3395 4654
3396 3397
3397 4548
3397 4656
3398 3399
3399 4549
3399 4658
3400 3401
3401 4550
3401 4660
3402 3403
3403 4551
3403 4662
3404 3405
3405 4552
3405 4664
3406 3407
3407 4553
3407 4666
3408 3409
3409 4554
3409 4668
3410 3411
3411 4555
3411 4670
3412 3413
3413 4556
3413 4672
3414 3415
3415 4557
3415 4674
3416 3417
3417 4558
3417 4676
3418 3419
3419 4559
3419 4678
3420 3421
3421 4558
3421 4680
3422 3423
3423 4556
3423 4681
3424 3425
3425 4553
3425 4682
3426 3427
3427 4550
3427 4683
3428 3429
3429 4548
3429 4684
3430 3431
3431 4559
3431 4685
3432 3433
3433 4557
3433 4686
3434 3435
3435 4549
3435 4687
3436 3437
3437 4526
3437 4688
3438 3439
3439 4544
3439 4689
3440 3441
3441 4555
3441 4690
3442 3443
3443 4528
3443 4691
3444 3445
3445 4521
3445 4692
3446 3447
3447 4541
3447 4693
3448 3449
3449 4536
3449 4694
3450 3451
3451 4540
3451 4695
3452 3453
3453 4537
3453 4696
3454 3455
3455 4530
3455 4697
3456 3457
3457 4529
3457 4698
3458 3459
3459 4547
3459 4699
3460 3461
3461 4554
3461 4700
3462 3463
3463 4512
3463 4701
3464 3465
3465 4534
3465 4702
3466 3467
3467 4551
3467 4703
3468 3469
3469 4552
3469 4704
3470 3471
3471 4535
3471 4705
3472 3473
3473 4508
3473 4706
3474 3475
3475 4533
3475 4707
3476 3477
3477 4511
3477 4708
3478 3479
3479 4518
3479 4709
3480 3481
3481 4517
3481 4710
3482 3483
3483 4542
3483 4711
3484 3485
3485 4539
3485 4712
3486 3487
3487 4527
3487 4713
3488 3489
3489 4522
3489 4714
3490 3491
3491 4525
3491 4715
3492 3493
3493 4514
3493 4716
3494 3495
3495 4516
3495 4717
3496 3497
3497 4546
3497 4718
3498 3499
3499 4532
3499 4719
3500 3501
3501 4515
3501 4720
3502 3503
3503 4513
3503 4721
3504 3505
3505 4531
3505 4722
3506 3507
3507 4545
3507 4723
3508 3509
3509 4509
3509 4724
3510 3511
3511 4543
3511 4725
3512 3513
3513 4538
3513 4726
3514 3515
3515 4519
3515 4727
3516 3517
3517 4504
3517 4728
3518 3519
3519 4507
3519 4729
3520 3521
3521 4503
3521 4730
3522 3523
3523 4523
3523 4731
3524 3525
3525 4524
3525 4732
3526 3527
3527 4502
3527 4733
3528 3529
3529 4520
3529 4734
3530 3531
3531 4510
3531 4735
3532 3533
3533 4501
3533 4736
3534 3535
3535 4506
3535 4737
3536 3537
3537 4500
3537 4738
3538 3539
3539 4505
3539 4739
3540 3541
3541 4560
3541 4740
3542 3543
3543 4562
3543 4742
3544 3545
3545 4564
3545 4744
3546 3547
3547 4566
3547 4746
3548 3549
3549 4568
3549 4748
3550 3551
3551 4570
3551 4750
3552 3553
3553 4572
3553 4752
3554 3555
3555 4574
3555 4754
3556 3557
3557 4576
3557 4756
3558 3559
3559 4578
3559 4758
3560 3561
3561 4580
3561 4760
3562 3563
3563 4582
3563 4762
3564 3565
3565 4584
3565 4764
3566 3567
3567 4586
3567 4766
3568 3569
3569 4588
3569 4768
3570 3571
3571 4590
3571 4770
3572 3573
3573 4592
3573 4772
3574 3575
3575 4594
3575 4774
3576 3577
3577 4596
3577 4776
3578 3579
3579 4598
3579 4778
3580 3581
3581 4600
3581 4780
3582 3583
3583 4602
3583 4782
3584 3585
3585 4604
3585 4784
3586 3587
3587 4606
3587 4786
3588 3589
3589 4608
3589 4788
3590 3591
3591 4610
3591 4790
3592 3593
3593 4612
3593 4792
3594 3595
3595 4614
3595 4794
3596 3597
3597 4616
3597 4796
3598 3599
3599 4618
3599 4798
3600 3601
3601 4620
3601 4800
3602 3603
3603 4622
3603 4802
3604 3605
3605 4624
3605 4804
3606 3607
3607 4626
3607 4806
3608 3609
3609 4628
3609 4808
3610 3611
3611 4630
3611 4810
3612 3613
3613 4632
3613 4812
3614 3615
3615 4634
3615 4814
3616 3617
3617 4636
3617 4816
3618 3619
3619 4638
3619 4818
3620 3621
3621 4640
3621 4820
3622 3623
3623 4642
3623 4822
3624 3625
3625 4644
3625 4824
3626 3627
3627 4646
3627 4826
3628 3629
3629 4648
3629 4828
3630 3631
3631 4650
3631 4830
3632 3633
3633 4652
3633 4832
3634 3635
3635 4654
3635 4834
3636 3637
3637 4656
3637 4836
3638 3639
3639 4658
3639 4838
3640 3641
3641 4660
3641 4840
3642 3643
3643 4662
3643 4842
3644 3645
3645 4664
3645 4844
3646 3647
3647 4666
3647 4846
3648 3649
3649 4668
3649 4848
3650 3651
3651 4670
3651 4850
3652 3653
3653 4672
3653 4852
3654 3655
3655 4674
3655 4854
3656 3657
3657 4676
3657 4856
3658 3659
3659 4678
3659 4858
3660 3661
3661 4680
3661 4860
3662 3663
3663 4681
3663 4862
3664 3665
3665 4682
3665 4864
3666 3667
3667 4683
3667 4866
3668 3669
3669 4684
3669 4868
3670 3671
3671 4685
3671 4870
3672 3673
3673 4686
3673 4872
3674 3675
3675 4687
3675 4874
3676 3677
3677 4688
3677 4876
3678 3679
3679 4689
3679 4878
3680 3681
3681 4690
3681 4880
3682 3683
3683 4691
3683 4882
3684 3685
3685 4692
3685 4884
3686 3687
3687 4693
3687 4886
3688 3689
3689 4694
3689 4888
3690 3691
3691 4695
3691 4890
3692 3693
3693 4696
3693 4892
3694 3695
3695 4697
3695 4894
3696 3697
3697 4698
3697 4896
3698 3699
3699 4699
3699 4898
3700 3701
3701 4700
3701 4900
3702 3703
3703 4701
3703 4902
3704 3705
3705 4702
3705 4904
3706 3707
3707 4703
3707 4906
3708 3709
3709 4704
3709 4908
3710 3711
3711 4705
3711 4910
3712 3713
3713 4706
3713 4912
3714 3715
3715 4707
3715 4914
3716 3717
3717 4708
3717 4916
3718 3719
3719 4709
3719 4918
3720 3721
3721 4710
3721 4920
3722 3723
3723 4711
3723 4922
3724 3725
3725 4712
3725 4924
3726 3727
3727 4713
3727 4926
3728 3729
3729 4714
3729 4928
3730 3731
3731 4715
3731 4930
3732 3733
3733 4716
3733 4932
3734 3735
3735 4717
3735 4934
3736 3737
3737 4718
3737 4936
3738 3739
3739 4719
3739 4938
3740 3741
3741 4720
3741 4940
3742 3743
3743 4721
3743 4942
3744 3745
3745 4722
3745 4944
3746 3747
3747 4723
3747 4946
3748 3749
3749 4724
3749 4948
3750 3751
3751 4725
3751 4950
3752 3753
3753 4726
3753 4952
3754 3755
3755 4727
3755 4954
3756 3757
3757 4728
3757 4956
3758 3759
3759 4729
3759 4958
3760 3761
3761 4730
3761 4960
3762 3763
3763 4731
3763 4962
3764 3765
3765 4732
3765 4964
3766 3767
3767 4733
3767 4966
3768 3769
3769 4734
3769 4968
3770 3771
3771 4735
3771 4970
3772 3773
3773 4736
3773 4972
3774 3775
3775 4737
3775 4974
3776 3777
3777 4738
3777 4976
3778 3779
3779 4739
3779 4978
3780 3781
3781 4740
3781 4980
3782 3783
3783 4742
3783 4982
3784 3785
3785 4744
3785 4984
3786 3787
3787 4746
3787 4986
3788 3789
3789 4748
3789 4988
3790 3791
3791 4750
3791 4990
3792 3793
3793 4752
3793 4992
3794 3795
3795 4754
3795 4994
3796 3797
3797 4756
3797 4996
3798 3799
3799 4758
3799 4998
3800 3801
3801 4760
3801 5000
3802 3803
3803 4762
3803 5002
3804 3805
3805 4764
3805 5004
3806 3807
3807 4766
3807 5006
3808 3809
3809 4768
3809 5008
3810 3811
3811 4770
3811 5010
3812 3813
3813 4772
3813 5012
3814 3815
3815 4774
3815 5014
3816 3817
3817 4776
3817 5016
3818 3819
3819 4778
3819 5018
3820 3821
3821 4780
3821 5020
3822 3823
3823 4782
3823 5022
3824 3825
3825 4784
3825 5024
3826 3827
3827 4786
3827 5026
3828 3829
3829 4788
3829 5028
3830 3831
3831 4790
3831 5030
3832 3833
3833 4792
3833 5032
3834 3835
3835 4794
3835 5034
3836 3837
3837 4796
3837 5036
3838 3839
3839 4798
3839 5038
3840 3841
3841 4800
3841 5040
3842 3843
3843 4802
3843 5042
3844 3845
3845 4804
3845 5044
3846 3847
3847 4806
3847 5046
3848 3849
3849 4808
3849 5048
3850 3851
3851 4810
3851 5050
3852 3853
3853 4812
3853 5052
3854 3855
3855 4814
3855 5054
3856 3857
3857 4816
3857 5056
3858 3859
3859 4818
3859 5058
3860 3861
3861 4820
3861 5060
3862 3863
3863 4822
3863 5062
3864 3865
3865 4824
3865 5064
3866 3867
3867 4826
3867 5066
3868 3869
3869 4828
3869 5068
3870 3871
3871 4830
3871 5070
3872 3873
3873 4832
3873 5072
3874 3875
3875 4834
3875 5074
3876 3877
3877 4836
3877 5076
3878 3879
3879 4838
3879 5078
3880 3881
3881 4840
3881 5080
3882 3883
3883 4842
3883 5082
3884 3885
3885 4844
3885 5084
3886 3887
3887 4846
3887 5086
3888 3889
3889 4848
3889 5088
3890 3891
3891 4850
3891 5090
3892 3893
3893 4852
3893 5092
3894 3895
3895 4854
3895 5094
3896 3897
3897 4856
3897 5096
3898 3899
3899 4858
3899 5098
3900 3901
3901 4860
3901 5100
3902 3903
3903 4862
3903 5102
3904 3905
3905 4864
3905 5104
3906 3907
3907 4866
3907 5106
3908 3909
3909 4868
3909 5108
3910 3911
3911 4870
3911 5110
3912 3913
3913 4872
3913 5112
3914 3915
3915 4874
3915 5114
3916 3917
3917 4876
3917 5116
3918 3919
3919 4878
3919 5118
3920 3921
3921 4880
3921 5120
3922 3923
3923 4882
3923 5122
3924 3925
3925 4884
3925 5124
3926 3927
3927 4886
3927 5126
3928 3929
3929 4888
3929 5128
3930 3931
3931 4890
3931 5130
3932 3933
3933 4892
3933 5132
3934 3935
3935 4894
3935 5134
3936 3937
3937 4896
3937 5136
3938 3939
3939 4898
3939 5138
3940 3941
3941 4900
3941 5140
3942 3943
3943 4902
3943 5142
3944 3945
3945 4904
3945 5144
3946 3947
3947 4906
3947 5146
3948 3949
3949 4908
3949 5148
3950 3951
3951 4910
3951 5150
3952 3953
3953 4912
3953 5152
3954 3955
3955 4914
3955 5154
3956 3957
3957 4916
3957 5156
3958 3959
3959 4918
3959 5158
3960 3961
3961 4920
3961 5160
3962 3963
3963 4922
3963 5162
3964 3965
3965 4924
3965 5164
3966 3967
3967 4926
3967 5166
3968 3969
3969 4928
3969 5168
3970 3971
3971 4930
3971 5170
3972 3973
3973 4932
3973 5172
3974 3975
3975 4934
3975 5174
3976 3977
3977 4936
3977 5176
3978 3979
3979 4938
3979 5178
3980 3981
3981 4940
3981 5180
3982 3983
3983 4942
3983 5182
3984 3985
3985 4944
3985 5184
3986 3987
3987 4946
3987 5186
3988 3989
3989 4948
3989 5188
3990 3991
3991 4950
3991 5190
3992 3993
3993 4952
3993 5192
3994 3995
3995 4954
3995 5194
3996 3997
3997 4956
3997 5196
3998 3999
3999 4958
3999 5198
4000 4001
4001 4960
4001 5200
4002 4003
4003 4962
4003 5202
4004 4005
4005 4964
4005 5204
4006 4007
4007 4966
4007 5206
4008 4009
4009 4968
4009 5208
4010 4011
4011 4970
4011 5210
4012 4013
4013 4972
4013 5212
4014 4015
4015 4974
4015 5214
4016 4017
4017 4976
4017 5216
4018 4019
4019 4978
4019 5218
4020 4021
4021 4980
4021 5220
4022 4023
4023 4982
4023 5222
4024 4025
4025 4984
4025 5224
4026 4027
4027 4986
4027 5226
4028 4029
4029 4988
4029 5228
4030 4031
4031 4990
4031 5230
4032 4033
4033 4992
4033 5232
4034 4035
4035 4994
4035 5234
4036 4037
4037 4996
4037 5236
4038 4039
4039 4998
4039 5238
4040 4041
4041 5000
4041 5240
4042 4043
4043 5002
4043 5242
4044 4045
4045 5004
4045 5244
4046 4047
4047 5006
4047 5246
4048 4049
4049 5008
4049 5248
4050 4051
4051 5010
4051 5250
4052 4053
4053 5012
4053 5252
4054 4055
4055 5014
4055 5254
4056 4057
4057 5016
4057 5256
4058 4059
4059 5018
4059 5258
4060 4061
4061 5020
4061 5260
4062 4063
4063 5022
4063 5262
4064 4065
4065 5024
4065 5264
4066 4067
4067 5026
4067 5266
4068 4069
4069 5028
4069 5268
4070 4071
4071 5030
4071 5270
4072 4073
4073 5032
4073 5272
4074 4075
4075 5034
4075 5274
4076 4077
4077 5036
4077 5276
4078 4079
4079 5038
4079 5278
4080 4081
4081 5040
4081 5280
4082 4083
4083 5042
4083 5282
4084 4085
4085 5044
4085 5284
4086 4087
4087 5046
4087 5286
4088 4089
4089 5048
4089 5288
4090 4091
4091 5050
4091 5290
4092 4093
4093 5052
4093 5292
4094 4095
4095 5054
4095 5294
4096 4097
4097 5056
4097 5296
4098 4099
4099 5058
4099 5298
4100 4101
4101 5060
4101 5300
4102 4103
4103 5062
4103 5302
4104 4105
4105 5064
4105 5304
4106 4107
4107 5066
4107 5306
4108 4109
4109 5068
4109 5308
4110 4111
4111 5070
4111 5310
4112 4113
4113 5072
4113 5312
4114 4115
4115 5074
4115 5314
4116 4117
4117 5076
4117 5316
4118 4119
4119 5078
4119 5318
4120 4121
4121 5080
4121 5320
4122 4123
4123 5082
4123 5322
4124 4125
4125 5084
4125 5324
4126 4127
4127 5086
4127 5326
4128 4129
4129 5088
4129 5328
4130 4131
4131 5090
4131 5330
4132 4133
4133 5092
4133 5332
4134 4135
4135 5094
4135 5334
4136 4137
4137 5096
4137 5336
4138 4139
4139 5098
4139 5338
4140 4141
4141 5100
4141 5340
4142 4143
4143 5102
4143 5342
4144 4145
4145 5104
4145 5344
4146 4147
4147 5106
4147 5346
4148 4149
4149 5108
4149 5348
4150 4151
4151 5110
4151 5350
4152 4153
4153 5112
4153 5352
4154 4155
4155 5114
4155 5354
4156 4157
4157 5116
4157 5356
4158 4159
4159 5118
4159 5358
4160 4161
4161 5120
4161 5360
4162 4163
4163 5122
4163 5362
4164 4165
4165 5124
4165 5364
4166 4167
4167 5126
4167 5366
4168 4169
4169 5128
4169 5368
4170 4171
4171 5130
4171 5370
4172 4173
4173 5132
4173 5372
4174 4175
4175 5134
4175 5374
4176 4177
4177 5136
4177 5376
4178 4179
4179 5138
4179 5378
4180 4181
4181 5140
4181 5380
4182 4183
4183 5142
4183 5382
4184 4185
4185 5144
4185 5384
4186 4187
4187 5146
4187 5386
4188 4189
4189 5148
4189 5388
4190 4191
4191 5150
4191 5390
4192 4193
4193 5152
4193 5392
4194 4195
4195 5154
4195 5394
4196 4197
4197 5156
4197 5396
4198 4199
4199 5158
4199 5398
4200 4201
4201 5160
4201 5400
4202 4203
4203 5162
4203 5402
4204 4205
4205 5164
4205 5404
4206 4207
4207 5166
4207 5406
4208 4209
4209 5168
4209 5408
4210 4211
4211 5170
4211 5410
4212 4213
4213 5172
4213 5412
4214 4215
4215 5174
4215 5414
4216 4217
4217 5176
4217 5416
4218 4219
4219 5178
4219 5418
4220 4221
4221 5180
4221 5420
4222 4223
4223 5182
4223 5422
4224 4225
4225 5184
4225 5424
4226 4227
4227 5186
4227 5426
4228 4229
4229 5188
4229 5428
4230 4231
4231 5190
4231 5430
4232 4233
4233 5192
4233 5432
4234 4235
4235 5194
4235 5434
4236 4237
4237 5196
4237 5436
4238 4239
4239 5198
4239 5438
4240 4241
4241 5200
4241 5440
4242 4243
4243 5202
4243 5442
4244 4245
4245 5204
4245 5444
4246 4247
4247 5206
4247 5446
4248 4249
4249 5208
4249 5448
4250 4251
4251 5210
4251 5450
4252 4253
4253 5212
4253 5452
4254 4255
4255 5214
4255 5454
4256 4257
4257 5216
4257 5456
4258 4259
4259 5218
4259 5458
4260 4261
4261 4493
4261 5220
4262 4263
4263 4497
4263 5222
4264 4265
4265 4495
4265 5224
4266 4267
4267 4499
4267 5226
4268 4269
4269 4485
4269 5228
4270 4271
4271 4481
4271 5230
4272 4273
4273 4487
4273 5232
4274 4275
4275 4483
4275 5234
4276 4277
4277 4449
4277 5236
4278 4279
4279 4463
4279 5238
4280 4281
4281 4455
4281 5240
4282 4283
4283 4451
4283 5242
4284 4285
4285 4439
4285 5244
4286 4287
4287 4469
4287 5246
4288 4289
4289 4489
4289 5248
4290 4291
4291 4475
4291 5250
4292 4293
4293 4491
4293 5252
4294 4295
4295 4435
4295 5254
4296 4297
4297 4423
4297 5256
4298 4299
4299 4461
4299 5258
4300 4301
4301 4453
4301 5260
4302 4303
4303 4417
4303 5262
4304 4305
4305 4433
4305 5264
4306 4307
4307 4479
4307 5266
4308 4309
4309 4477
4309 5268
4310 4311
4311 4437
4311 5270
4312 4313
4313 4425
4313 5272
4314 4315
4315 4415
4315 5274
4316 4317
4317 4431
4317 5276
4318 4319
4319 4405
4319 5278
4320 4321
4321 4447
4321 5280
4322 4323
4323 4457
4323 5282
4324 4325
4325 4471
4325 5284
4326 4327
4327 4441
4327 5286
4328 4329
4329 4397
4329 5288
4330 4331
4331 4403
4331 5290
4332 4333
4333 4421
4333 5292
4334 4335
4335 4401
4335 5294
4336 4337
4337 4443
4337 5296
4338 4339
4339 4467
4339 5298
4340 4341
4341 4419
4341 5300
4342 4343
4343 4399
4343 5302
4344 4345
4345 4473
4345 5304
4346 4347
4347 4459
4347 5306
4348 4349
4349 4407
4349 5308
4350 4351
4351 4445
4351 5310
4352 4353
4353 4465
4353 5312
4354 4355
4355 4411
4355 5314
4356 4357
4357 4429
4357 5316
4358 4359
4359 4427
4359 5318
4360 4361
4361 4391
4361 5320
4362 4363
4363 4395
4363 5322
4364 4365
4365 4389
4365 5324
4366 4367
4367 4393
4367 5326
4368 4369
4369 4409
4369 5328
4370 4371
4371 4413
4371 5330
4372 4373
4373 4381
4373 5332
4374 4375
4375 4385
4375 5334
4376 4377
4377 4383
4377 5336
4378 4379
4379 4387
4379 5338
4380 4381
4381 5340
4382 4383
4383 5342
4384 4385
4385 5344
4386 4387
4387 5346
4388 4389
4389 5348
4390 4391
4391 5350
4392 4393
4393 5352
4394 4395
4395 5354
4396 4397
4397 5356
4398 4399
4399 5358
4400 4401
4401 5360
4402 4403
4403 5362
4404 4405
4405 5364
4406 4407
4407 5366
4408 4409
4409 5368
4410 4411
4411 5370
4412 4413
4413 5372
4414 4415
4415 5374
4416 4417
4417 5376
4418 4419
4419 5378
4420 4421
4421 5380
4422 4423
4423 5382
4424 4425
4425 5384
4426 4427
4427 5386
4428 4429
4429 5388
4430 4431
4431 5390
4432 4433
4433 5392
4434 4435
4435 5394
4436 4437
4437 5396
4438 4439
4439 5398
4440 4441
4441 5400
4442 4443
4443 5402
4444 4445
4445 5404
4446 4447
4447 5406
4448 4449
4449 5408
4450 4451
4451 5410
4452 4453
4453 5412
4454 4455
4455 5414
4456 4457
4457 5416
4458 4459
4459 5418
4460 4461
4461 5420
4462 4463
4463 5422
4464 4465
4465 5424
4466 4467
4467 5426
4468 4469
4469 5428
4470 4471
4471 5430
4472 4473
4473 5432
4474 4475
4475 5434
4476 4477
4477 5436
4478 4479
4479 5438
4480 4481
4481 5440
4482 4483
4483 5442
4484 4485
4485 5444
4486 4487
4487 5446
4488 4489
4489 5448
4490 4491
4491 5450
4492 4493
4493 5452
4494 4495
4495 5454
4496 4497
4497 5456
4498 4499
4499 5458
4560 4561
4561 4738
4561 5460
4562 4563
4563 4736
4563 5461
4564 4565
4565 4733
4565 5462
4566 4567
4567 4730
4567 5463
4568 4569
4569 4728
4569 5464
4570 4571
4571 4739
4571 5465
4572 4573
4573 4737
4573 5466
4574 4575
4575 4729
4575 5467
4576 4577
4577 4706
4577 5468
4578 4579
4579 4724
4579 5469
4580 4581
4581 4735
4581 5470
4582 4583
4583 4708
4583 5471
4584 4585
4585 4701
4585 5472
4586 4587
4587 4721
4587 5473
4588 4589
4589 4716
4589 5474
4590 4591
4591 4720
4591 5475
4592 4593
4593 4717
4593 5476
4594 4595
4595 4710
4595 5477
4596 4597
4597 4709
4597 5478
4598 4599
4599 4727
4599 5479
4600 4601
4601 4734
4601 5480
4602 4603
4603 4692
4603 5481
4604 4605
4605 4714
4605 5482
4606 4607
4607 4731
4607 5483
4608 4609
4609 4732
4609 5484
4610 4611
4611 4715
4611 5485
4612 4613
4613 4688
4613 5486
4614 4615
4615 4713
4615 5487
4616 4617
4617 4691
4617 5488
4618 4619
4619 4698
4619 5489
4620 4621
4621 4697
4621 5490
4622 4623
4623 4722
4623 5491
4624 4625
4625 4719
4625 5492
4626 4627
4627 4707
4627 5493
4628 4629
4629 4702
4629 5494
4630 4631
4631 4705
4631 5495
4632 4633
4633 4694
4633 5496
4634 4635
4635 4696
4635 5497
4636 4637
4637 4726
4637 5498
4638 4639
4639 4712
4639 5499
4640 4641
4641 4695
4641 5500
4642 4643
4643 4693
4643 5501
4644 4645
4645 4711
4645 5502
4646 4647
4647 4725
4647 5503
4648 4649
4649 4689
4649 5504
4650 4651
4651 4723
4651 5505
4652 4653
4653 4718
4653 5506
4654 4655
4655 4699
4655 5507
4656 4657
4657 4684
4657 5508
4658 4659
4659 4687
4659 5509
4660 4661
4661 4683
4661 5510
4662 4663
4663 4703
4663 5511
4664 4665
4665 4704
4665 5512
4666 4667
4667 4682
4667 5513
4668 4669
4669 4700
4669 5514
4670 4671
4671 4690
4671 5515
4672 4673
4673 4681
4673 5516
4674 4675
4675 4686
4675 5517
4676 4677
4677 4680
4677 5518
4678 4679
4679 4685
4679 5519
4740 4741
4741 5460
4741 5520
4742 4743
4743 5461
4743 5522
4744 4745
4745 5462
4745 5524
4746 4747
4747 5463
4747 5526
4748 4749
4749 5464
4749 5528
4750 4751
4751 5465
4751 5530
4752 4753
4753 5466
4753 5532
4754 4755
4755 5467
4755 5534
4756 4757
4757 5468
4757 5536
4758 4759
4759 5469
4759 5538
4760 4761
4761 5470
4761 5540
4762 4763
4763 5471
4763 5542
4764 4765
4765 5472
4765 5544
4766 4767
4767 5473
4767 5546
4768 4769
4769 5474
4769 5548
4770 4771
4771 5475
4771 5550
4772 4773
4773 5476
4773 5552
4774 4775
4775 5477
4775 5554
4776 4777
4777 5478
4777 5556
4778 4779
4779 5479
4779 5558
4780 4781
4781 5480
4781 5560
4782 4783
4783 5481
4783 5562
4784 4785
4785 5482
4785 5564
4786 4787
4787 5483
4787 5566
4788 4789
4789 5484
4789 5568
4790 4791
4791 5485
4791 5570
4792 4793
4793 5486
4793 5572
4794 4795
4795 5487
4795 5574
4796 4797
4797 5488
4797 5576
4798 4799
4799 5489
4799 5578
4800 4801
4801 5490
4801 5580
4802 4803
4803 5491
4803 5582
4804 4805
4805 5492
4805 5584
4806 4807
4807 5493
4807 5586
4808 4809
4809 5494
4809 5588
4810 4811
4811 5495
4811 5590
4812 4813
4813 5496
4813 5592
4814 4815
4815 5497
4815 5594
4816 4817
4817 5498
4817 5596
4818 4819
4819 5499
4819 5598
4820 4821
4821 5500
4821 5600
4822 4823
4823 5501
4823 5602
4824 4825
4825 5502
4825 5604
4826 4827
4827 5503
4827 5606
4828 4829
4829 5504
4829 5608
4830 4831
4831 5505
4831 5610
4832 4833
4833 5506
4833 5612
4834 4835
4835 5507
4835 5614
4836 4837
4837 5508
4837 5616
4838 4839
4839 5509
4839 5618
4840 4841
4841 5510
4841 5620
4842 4843
4843 5511
4843 5622
4844 4845
4845 5512
4845 5624
4846 4847
4847 5513
4847 5626
4848 4849
4849 5514
4849 5628
4850 4851
4851 5515
4851 5630
4852 4853
4853 5516
4853 5632
4854 4855
4855 5517
4855 5634
4856 4857
4857 5518
4857 5636
4858 4859
4859 5519
4859 5638
4860 4861
4861 5518
4861 5640
4862 4863
4863 5516
4863 5641
4864 4865
4865 5513
4865 5642
4866 4867
4867 5510
4867 5643
4868 4869
4869 5508
4869 5644
4870 4871
4871 5519
4871 5645
4872 4873
4873 5517
4873 5646
4874 4875
4875 5509
4875 5647
4876 4877
4877 5486
4877 5648
4878 4879
4879 5504
4879 5649
4880 4881
4881 5515
4881 5650
4882 4883
4883 5488
4883 5651
4884 4885
4885 5481
4885 5652
4886 4887
4887 5501
4887 5653
4888 4889
4889 5496
4889 5654
4890 4891
4891 5500
4891 5655
4892 4893
4893 5497
4893 5656
4894 4895
4895 5490
4895 5657
4896 4897
4897 5489
4897 5658
4898 4899
4899 5507
4899 5659
4900 4901
4901 5514
4901 5660
4902 4903
4903 5472
4903 5661
4904 4905
4905 5494
4905 5662
4906 4907
4907 5511
4907 5663
4908 4909
4909 5512
4909 5664
4910 4911
4911 5495
4911 5665
4912 4913
4913 5468
4913 5666
4914 4915
4915 5493
4915 5667
4916 4917
4917 5471
4917 5668
4918 4919
4919 5478
4919 5669
4920 4921
4921 5477
4921 5670
4922 4923
4923 5502
4923 5671
4924 4925
4925 5499
4925 5672
4926 4927
4927 5487
4927 5673
4928 4929
4929 5482
4929 5674
4930 4931
4931 5485
4931 5675
4932 4933
4933 5474
4933 5676
4934 4935
4935 5476
4935 5677
4936 4937
4937 5506
4937 5678
4938 4939
4939 5492
4939 5679
4940 4941
4941 5475
4941 5680
4942 4943
4943 5473
4943 5681
4944 4945
4945 5491
4945 5682
4946 4947
4947 5505
4947 5683
4948 4949
4949 5469
4949 5684
4950 4951
4951 5503
4951 5685
4952 4953
4953 5498
4953 5686
4954 4955
4955 5479
4955 5687
4956 4957
4957 5464
4957 5688
4958 4959
4959 5467
4959 5689
4960 4961
4961 5463
4961 5690
4962 4963
4963 5483
4963 5691
4964 4965
4965 5484
4965 5692
4966 4967
4967 5462
4967 5693
4968 4969
4969 5480
4969 5694
4970 4971
4971 5470
4971 5695
4972 4973
4973 5461
4973 5696
4974 4975
4975 5466
4975 5697
4976 4977
4977 5460
4977 5698
4978 4979
4979 5465
4979 5699
4980 4981
4981 5520
4981 5700
4982 4983
4983 5522
4983 5702
4984 4985
4985 5524
4985 5704
4986 4987
4987 5526
4987 5706
4988 4989
4989 5528
4989 5708
4990 4991
4991 5530
4991 5710
4992 4993
4993 5532
4993 5712
4994 4995
4995 5534
4995 5714
4996 4997
4997 5536
4997 5716
4998 4999
4999 5538
4999 5718
5000 5001
5001 5540
5001 5720
5002 5003
5003 5542
5003 5722
5004 5005
5005 5544
5005 5724
5006 5007
5007 5546
5007 5726
5008 5009
5009 5548
5009 5728
5010 5011
5011 5550
5011 5730
5012 5013
5013 5552
5013 5732
5014 5015
5015 5554
5015 5734
5016 5017
5017 5556
5017 5736
5018 5019
5019 5558
5019 5738
5020 5021
5021 5560
5021 5740
5022 5023
5023 5562
5023 5742
5024 5025
5025 5564
5025 5744
5026 5027
5027 5566
5027 5746
5028 5029
5029 5568
5029 5748
5030 5031
5031 5570
5031 5750
5032 5033
5033 5572
5033 5752
5034 5035
5035 5574
5035 5754
5036 5037
5037 5576
5037 5756
5038 5039
5039 5578
5039 5758
5040 5041
5041 5580
5041 5760
5042 5043
5043 5582
5043 5762
5044 5045
5045 5584
5045 5764
5046 5047
5047 5586
5047 5766
5048 5049
5049 5588
5049 5768
5050 5051
5051 5590
5051 5770
5052 5053
5053 5592
5053 5772
5054 5055
5055 5594
5055 5774
5056 5057
5057 5596
5057 5776
5058 5059
5059 5598
5059 5778
5060 5061
5061 5600
5061 5780
5062 5063
5063 5602
5063 5782
5064 5065
5065 5604
5065 5784
5066 5067
5067 5606
5067 5786
5068 5069
5069 5608
5069 5788
5070 5071
5071 5610
5071 5790
5072 5073
5073 5612
5073 5792
5074 5075
5075 5614
5075 5794
5076 5077
5077 5616
5077 5796
5078 5079
5079 5618
5079 5798
5080 5081
5081 5620
5081 5800
5082 5083
5083 5622
5083 5802
5084 5085
5085 5624
5085 5804
5086 5087
5087 5626
5087 5806
5088 5089
5089 5628
5089 5808
5090 5091
5091 5630
5091 5810
5092 5093
5093 5632
5093 5812
5094 5095
5095 5634
5095 5814
5096 5097
5097 5636
5097 5816
5098 5099
5099 5638
5099 5818
5100 5101
5101 5640
5101 5820
5102 5103
5103 5641
5103 5822
5104 5105
5105 5642
5105 5824
5106 5107
5107 5643
5107 5826
5108 5109
5109 5644
5109 5828
5110 5111
5111 5645
5111 5830
5112 5113
5113 5646
5113 5832
5114 5115
5115 5647
5115 5834
5116 5117
5117 5648
5117 5836
5118 5119
5119 5649
5119 5838
5120 5121
5121 5650
5121 5840
5122 5123
5123 5651
5123 5842
5124 5125
5125 5652
5125 5844
5126 5127
5127 5653
5127 5846
5128 5129
5129 5654
5129 5848
5130 5131
5131 5655
5131 5850
5132 5133
5133 5656
5133 5852
5134 5135
5135 5657
5135 5854
5136 5137
5137 5658
5137 5856
5138 5139
5139 5659
5139 5858
5140 5141
5141 5660
5141 5860
5142 5143
5143 5661
5143 5862
5144 5145
5145 5662
5145 5864
5146 5147
5147 5663
5147 5866
5148 5149
5149 5664
5149 5868
5150 5151
5151 5665
5151 5870
5152 5153
5153 5666
5153 5872
5154 5155
5155 5667
5155 5874
5156 5157
5157 5668
5157 5876
5158 5159
5159 5669
5159 5878
5160 5161
5161 5670
5161 5880
5162 5163
5163 5671
5163 5882
5164 5165
5165 5672
5165 5884
5166 5167
5167 5673
5167 5886
5168 5169
5169 5674
5169 5888
5170 5171
5171 5675
5171 5890
5172 5173
5173 5676
5173 5892
5174 5175
5175 5677
5175 5894
5176 5177
5177 5678
5177 5896
5178 5179
5179 5679
5179 5898
5180 5181
5181 5680
5181 5900
5182 5183
5183 5681
5183 5902
5184 5185
5185 5682
5185 5904
5186 5187
5187 5683
5187 5906
5188 5189
5189 5684
5189 5908
5190 5191
5191 5685
5191 5910
5192 5193
5193 5686
5193 5912
5194 5195
5195 5687
5195 5914
5196 5197
5197 5688
5197 5916
5198 5199
5199 5689
5199 5918
5200 5201
5201 5690
5201 5920
5202 5203
5203 5691
5203 5922
5204 5205
5205 5692
5205 5924
5206 5207
5207 5693
5207 5926
5208 5209
5209 5694
5209 5928
5210 5211
5211 5695
5211 5930
5212 5213
5213 5696
5213 5932
5214 5215
5215 5697
5215 5934
5216 5217
5217 5698
5217 5936
5218 5219
5219 5699
5219 5938
5220 5221
5221 5453
5221 5700
5222 5223
5223 5457
5223 5702
5224 5225
5225 5455
5225 5704
5226 5227
5227 5459
5227 5706
5228 5229
5229 5445
5229 5708
5230 5231
5231 5441
5231 5710
5232 5233
5233 5447
5233 5712
5234 5235
5235 5443
5235 5714
5236 5237
5237 5409
5237 5716
5238 5239
5239 5423
5239 5718
5240 5241
5241 5415
5241 5720
5242 5243
5243 5411
5243 5722
5244 5245
5245 5399
5245 5724
5246 5247
5247 5429
5247 5726
5248 5249
5249 5449
5249 5728
5250 5251
5251 5435
5251 5730
5252 5253
5253 5451
5253 5732
5254 5255
5255 5395
5255 5734
5256 5257
5257 5383
5257 5736
5258 5259
5259 5421
5259 5738
5260 5261
5261 5413
5261 5740
5262 5263
5263 5377
5263 5742
5264 5265
5265 5393
5265 5744
5266 5267
5267 5439
5267 5746
5268 5269
5269 5437
5269 5748
5270 5271
5271 5397
5271 5750
5272 5273
5273 5385
5273 5752
5274 5275
5275 5375
5275 5754
5276 5277
5277 5391
5277 5756
5278 5279
5279 5365
5279 5758
5280 5281
5281 5407
5281 5760
5282 5283
5283 5417
5283 5762
5284 5285
5285 5431
5285 5764
5286 5287
5287 5401
5287 5766
5288 5289
5289 5357
5289 5768
5290 5291
5291 5363
5291 5770
5292 5293
5293 5381
5293 5772
5294 5295
5295 5361
5295 5774
5296 5297
5297 5403
5297 5776
5298 5299
5299 5427
5299 5778
5300 5301
5301 5379
5301 5780
5302 5303
5303 5359
5303 5782
5304 5305
5305 5433
5305 5784
5306 5307
5307 5419
5307 5786
5308 5309
5309 5367
5309 5788
5310 5311
5311 5405
5311 5790
5312 5313
5313 5425
5313 5792
5314 5315
5315 5371
5315 5794
5316 5317
5317 5389
5317 5796
5318 5319
5319 5387
5319 5798
5320 5321
5321 5351
5321 5800
5322 5323
5323 5355
5323 5802
5324 5325
5325 5349
5325 5804
5326 5327
5327 5353
5327 5806
5328 5329
5329 5369
5329 5808
5330 5331
5331 5373
5331 5810
5332 5333
5333 5341
5333 5812
5334 5335
5335 5345
5335 5814
5336 5337
5337 5343
5337 5816
5338 5339
5339 5347
5339 5818
5340 5341
5341 5820
5342 5343
5343 5822
5344 5345
5345 5824
5346 5347
5347 5826
5348 5349
5349 5828
5350 5351
5351 5830
5352 5353
5353 5832
5354 5355
5355 5834
5356 5357
5357 5836
5358 5359
5359 5838
5360 5361
5361 5840
5362 5363
5363 5842
5364 5365
5365 5844
5366 5367
5367 5846
5368 5369
5369 5848
5370 5371
5371 5850
5372 5373
5373 5852
5374 5375
5375 5854
5376 5377
5377 5856
5378 5379
5379 5858
5380 5381
5381 5860
5382 5383
5383 5862
5384 5385
5385 5864
5386 5387
5387 5866
5388 5389
5389 5868
5390 5391
5391 5870
5392 5393
5393 5872
5394 5395
5395 5874
5396 5397
5397 5876
5398 5399
5399 5878
5400 5401
5401 5880
5402 5403
5403 5882
5404 5405
5405 5884
5406 5407
5407 5886
5408 5409
5409 5888
5410 5411
5411 5890
5412 5413
5413 5892
5414 5415
5415 5894
5416 5417
5417 5896
5418 5419
5419 5898
5420 5421
5421 5900
5422 5423
5423 5902
5424 5425
5425 5904
5426 5427
5427 5906
5428 5429
5429 5908
5430 5431
5431 5910
5432 5433
5433 5912
5434 5435
5435 5914
5436 5437
5437 5916
5438 5439
5439 5918
5440 5441
5441 5920
5442 5443
5443 5922
5444 5445
5445 5924
5446 5447
5447 5926
5448 5449
5449 5928
5450 5451
5451 5930
5452 5453
5453 5932
5454 5455
5455 5934
5456 5457
5457 5936
5458 5459
5459 5938
5520 5521
5521 5698
5521 5940
5522 5523
5523 5696
5523 5941
5524 5525
5525 5693
5525 5942
5526 5527
5527 5690
5527 5943
5528 5529
5529 5688
5529 5944
5530 5531
5531 5699
5531 5945
5532 5533
5533 5697
5533 5946
5534 5535
5535 5689
5535 5947
5536 5537
5537 5666
5537 5948
5538 5539
5539 5684
5539 5949
5540 5541
5541 5695
5541 5950
5542 5543
5543 5668
5543 5951
5544 5545
5545 5661
5545 5952
5546 5547
5547 5681
5547 5953
5548 5549
5549 5676
5549 5954
5550 5551
5551 5680
5551 5955
5552 5553
5553 5677
5553 5956
5554 5555
5555 5670
5555 5957
5556 5557
5557 5669
5557 5958
5558 5559
5559 5687
5559 5959
5560 5561
5561 5694
5561 5960
5562 5563
5563 5652
5563 5961
5564 5565
5565 5674
5565 5962
5566 5567
5567 5691
5567 5963
5568 5569
5569 5692
5569 5964
5570 5571
5571 5675
5571 5965
5572 5573
5573 5648
5573 5966
5574 5575
5575 5673
5575 5967
5576 5577
5577 5651
5577 5968
5578 5579
5579 5658
5579 5969
5580 5581
5581 5657
5581 5970
5582 5583
5583 5682
5583 5971
5584 5585
5585 5679
5585 5972
5586 5587
5587 5667
5587 5973
5588 5589
5589 5662
5589 5974
5590 5591
5591 5665
5591 5975
5592 5593
5593 5654
5593 5976
5594 5595
5595 5656
5595 5977
5596 5597
5597 5686
5597 5978
5598 5599
5599 5672
5599 5979
5600 5601
5601 5655
5601 5980
5602 5603
5603 5653
5603 5981
5604 5605
5605 5671
5605 5982
5606 5607
5607 5685
5607 5983
5608 5609
5609 5649
5609 5984
5610 5611
5611 5683
5611 5985
5612 5613
5613 5678
5613 5986
5614 5615
5615 5659
5615 5987
5616 5617
5617 5644
5617 5988
5618 5619
5619 5647
5619 5989
5620 5621
5621 5643
5621 5990
5622 5623
5623 5663
5623 5991
5624 5625
5625 5664
5625 5992
5626 5627
5627 5642
5627 5993
5628 5629
5629 5660
5629 5994
5630 5631
5631 5650
5631 5995
5632 5633
5633 5641
5633 5996
5634 5635
5635 5646
5635 5997
5636 5637
5637 5640
5637 5998
5638 5639
5639 5645
5639 5999
5700 5701
5701 5933
5701 5940
5702 5703
5703 5937
5703 5941
5704 5705
5705 5935
5705 5942
5706 5707
5707 5939
5707 5943
5708 5709
5709 5925
5709 5944
5710 5711
5711 5921
5711 5945
5712 5713
5713 5927
5713 5946
5714 5715
5715 5923
5715 5947
5716 5717
5717 5889
5717 5948
5718 5719
5719 5903
5719 5949
5720 5721
5721 5895
5721 5950
5722 5723
5723 5891
5723 5951
5724 5725
5725 5879
5725 5952
5726 5727
5727 5909
5727 5953
5728 5729
5729 5929
5729 5954
5730 5731
5731 5915
5731 5955
5732 5733
5733 5931
5733 5956
5734 5735
5735 5875
5735 5957
5736 5737
5737 5863
5737 5958
5738 5739
5739 5901
5739 5959
5740 5741
5741 5893
5741 5960
5742 5743
5743 5857
5743 5961
5744 5745
5745 5873
5745 5962
5746 5747
5747 5919
5747 5963
5748 5749
5749 5917
5749 5964
5750 5751
5751 5877
5751 5965
5752 5753
5753 5865
5753 5966
5754 5755
5755 5855
5755 5967
5756 5757
5757 5871
5757 5968
5758 5759
5759 5845
5759 5969
5760 5761
5761 5887
5761 5970
5762 5763
5763 5897
5763 5971
5764 5765
5765 5911
5765 5972
5766 5767
5767 5881
5767 5973
5768 5769
5769 5837
5769 5974
5770 5771
5771 5843
5771 5975
5772 5773
5773 5861
5773 5976
5774 5775
5775 5841
5775 5977
5776 5777
5777 5883
5777 5978
5778 5779
5779 5907
5779 5979
5780 5781
5781 5859
5781 5980
5782 5783
5783 5839
5783 5981
5784 5785
5785 5913
5785 5982
5786 5787
5787 5899
5787 5983
5788 5789
5789 5847
5789 5984
5790 5791
5791 5885
5791 5985
5792 5793
5793 5905
5793 5986
5794 5795
5795 5851
5795 5987
5796 5797
5797 5869
5797 5988
5798 5799
5799 5867
5799 5989
5800 5801
5801 5831
5801 5990
5802 5803
5803 5835
5803 5991
5804 5805
5805 5829
5805 5992
5806 5807
5807 5833
5807 5993
5808 5809
5809 5849
5809 5994
5810 5811
5811 5853
5811 5995
5812 5813
5813 5821
5813 5996
5814 5815
5815 5825
5815 5997
5816 5817
5817 5823
5817 5998
5818 5819
5819 5827
5819 5999
5820 5821
5821 5998
5822 5823
5823 5996
5824 5825
5825 5993
5826 5827
5827 5990
5828 5829
5829 5988
5830 5831
5831 5999
5832 5833
5833 5997
5834 5835
5835 5989
5836 5837
5837 5966
5838 5839
5839 5984
5840 5841
5841 5995
5842 5843
5843 5968
5844 5845
5845 5961
5846 5847
5847 5981
5848 5849
5849 5976
5850 5851
5851 5980
5852 5853
5853 5977
5854 5855
5855 5970
5856 5857
5857 5969
5858 5859
5859 5987
5860 5861
5861 5994
5862 5863
5863 5952
5864 5865
5865 5974
5866 5867
5867 5991
5868 5869
5869 5992
5870 5871
5871 5975
5872 5873
5873 5948
5874 5875
5875 5973
5876 5877
5877 5951
5878 5879
5879 5958
5880 5881
5881 5957
5882 5883
5883 5982
5884 5885
5885 5979
5886 5887
5887 5967
5888 5889
5889 5962
5890 5891
5891 5965
5892 5893
5893 5954
5894 5895
5895 5956
5896 5897
5897 5986
5898 5899
5899 5972
5900 5901
5901 5955
5902 5903
5903 5953
5904 5905
5905 5971
5906 5907
5907 5985
5908 5909
5909 5949
5910 5911
5911 5983
5912 5913
5913 5978
5914 5915
5915 5959
5916 5917
5917 5944
5918 5919
5919 5947
5920 5921
5921 5943
5922 5923
5923 5963
5924 5925
5925 5964
5926 5927
5927 5942
5928 5929
5929 5960
5930 5931
5931 5950
5932 5933
5933 5941
5934 5935
5935 5946
5936 5937
5937 5940
5938 5939
5939 5945
