0 1
0 2
0 3
1 120
1 124
2 6
2 9
3 4
3 5
4 121
4 128
5 6
5 7
6 8
7 129
7 132
8 133
8 136
9 125
9 137
10 11
10 12
10 13
11 14
11 15
12 123
12 142
13 17
13 19
14 122
14 124
15 16
15 17
16 125
16 138
17 18
18 139
18 144
19 143
19 145
20 21
20 22
20 23
21 24
21 25
22 127
22 152
23 27
23 29
24 121
24 126
25 26
25 27
26 120
26 122
27 28
28 123
28 140
29 141
29 153
30 31
30 32
30 33
31 34
31 35
32 37
32 39
33 131
33 158
34 129
34 130
35 36
35 37
36 126
36 128
37 38
38 127
38 150
39 151
39 159
40 41
40 42
40 43
41 44
41 45
42 47
42 49
43 135
43 164
44 133
44 134
45 46
45 47
46 130
46 132
47 48
48 131
48 156
49 157
49 165
50 51
50 52
50 53
51 54
51 55
52 139
52 146
53 57
53 59
54 137
54 138
55 56
55 57
56 134
56 136
57 58
58 135
58 162
59 147
59 163
60 61
60 62
60 63
61 64
61 65
62 170
62 172
63 67
63 69
64 171
64 174
65 66
65 67
66 175
66 176
67 68
68 177
68 178
69 173
69 179
70 71
70 72
70 73
71 156
71 158
72 74
72 75
73 76
73 79
74 159
74 160
75 76
75 77
76 78
77 161
77 171
78 167
78 170
79 157
79 166
80 81
80 82
80 83
81 150
81 152
82 84
82 85
83 86
83 89
84 153
84 154
85 86
85 87
86 88
87 155
87 175
88 161
88 174
89 151
89 160
90 91
90 92
90 93
91 140
91 142
92 96
92 99
93 94
93 95
94 143
94 148
95 96
95 97
96 98
97 149
97 177
98 155
98 176
99 141
99 154
100 101
100 102
100 103
101 144
101 146
102 106
102 109
103 104
103 105
104 147
104 168
105 106
105 107
106 108
107 169
107 179
108 149
108 178
109 145
109 148
110 111
110 112
110 113
111 162
111 164
112 116
112 119
113 114
113 115
114 165
114 166
115 116
115 117
116 118
117 167
117 172
118 169
118 173
119 163
119 168
120 121
122 123
124 125
126 127
128 129
130 131
132 133
134 135
136 137
138 139
140 141
142 143
144 145
146 147
148 149
150 151
152 153
154 155
156 157
158 159
160 161
162 163
164 165
166 167
168 169
170 171
172 173
174 175
176 177
178 179
