2 391
4 844
4 896
4 897
4 1323
6 5
9 0
9 360
9 867
10 16
11 16
13 77
14 77
18 6
18 24
19 12
19 21
20 7
21 20
22 391
23 6
23 360
23 626
24 6
26 25
28 352
28 357
28 463
28 488
28 686
28 714
28 715
28 718
28 829
28 839
28 1019
28 1086
28 1495
29 9
29 17
29 32
29 360
29 391
30 9
30 17
30 32
30 360
30 391
31 1
31 9
31 10
31 11
31 17
31 37
31 360
31 391
32 16
32 37
32 360
33 360
34 360
35 360
36 2
36 15
37 3
37 8
37 15
37 18
37 22
37 23
37 24
37 360
37 1377
38 1
38 9
38 10
38 11
38 17
38 37
38 360
38 391
39 360
40 360
42 107
43 50
44 670
44 839
45 46
45 55
45 56
45 57
45 58
45 160
47 46
47 51
49 43
49 670
49 839
49 1408
50 50
50 839
51 311
51 425
51 829
53 856
58 856
59 160
60 46
60 52
60 53
60 55
60 57
60 160
61 53
61 160
62 46
62 47
62 55
62 56
62 57
62 58
62 160
63 85
63 105
63 106
63 112
63 150
63 322
64 102
65 103
67 103
68 103
69 160
69 488
70 81
70 84
70 85
70 106
70 150
70 160
70 384
71 84
71 1478
72 848
72 854
73 72
73 96
73 131
73 156
73 160
73 425
73 488
73 829
73 839
74 119
74 771
74 829
74 839
75 160
75 425
75 488
75 848
75 854
76 771
76 848
76 854
78 737
78 845
79 397
80 82
80 854
80 870
81 658
84 105
84 112
84 150
85 160
85 657
87 160
88 96
88 160
89 93
89 94
89 839
90 66
91 92
91 93
91 839
92 42
92 70
93 66
93 516
93 517
94 42
94 71
95 160
96 160
96 848
96 854
97 160
98 160
99 160
99 322
100 160
101 63
101 142
101 160
101 322
102 77
102 361
107 66
107 82
108 845
109 160
109 854
110 730
111 103
112 160
112 657
113 730
113 848
113 854
115 160
115 623
116 682
117 158
117 730
118 160
118 848
118 854
119 96
119 133
119 153
119 160
119 488
119 730
119 843
120 117
120 153
120 160
121 110
121 115
122 160
122 458
122 555
122 623
122 701
122 829
122 839
122 848
122 850
122 1056
123 113
123 115
123 160
123 848
124 96
124 118
124 133
124 153
124 160
124 488
124 730
124 765
124 825
124 848
125 110
125 115
125 160
126 113
126 115
126 118
126 160
126 848
127 128
127 129
127 153
127 160
127 488
127 825
128 153
128 160
128 488
128 843
129 143
129 160
129 765
129 825
130 66
133 66
133 160
134 114
134 140
135 69
135 114
135 129
135 136
135 139
135 160
136 83
136 85
136 100
136 102
136 106
136 136
136 160
137 83
137 85
137 106
137 160
138 83
138 85
138 98
138 106
138 160
139 83
139 85
139 98
139 106
139 136
140 85
140 104
140 106
140 140
141 102
141 160
142 86
142 87
142 105
142 111
142 112
142 150
143 489
145 131
145 156
145 160
145 829
145 839
145 1452
146 131
146 1452
147 854
147 870
148 131
148 156
148 160
148 829
148 839
148 1489
149 131
149 1489
150 160
150 658
151 96
151 155
151 160
151 797
151 845
151 1446
152 132
152 155
152 160
152 848
152 854
152 870
153 160
153 766
153 825
154 848
154 854
155 488
155 854
155 870
156 66
157 165
159 165
161 302
161 339
162 160
162 825
162 865
162 870
163 160
163 825
163 865
163 870
164 156
164 160
164 825
164 865
164 870
165 160
165 302
165 831
166 161
166 165
166 302
166 339
167 135
167 1042
168 160
168 635
168 1087
169 183
169 194
169 195
169 203
169 240
169 322
170 191
171 160
171 488
172 160
172 179
172 182
172 183
172 195
172 384
173 182
173 1478
174 848
174 854
175 26
175 160
175 174
175 186
175 222
175 425
175 488
175 829
175 839
176 160
176 425
176 488
176 848
176 854
177 397
178 854
178 870
179 658
182 189
182 194
182 203
182 232
182 240
183 160
183 657
185 160
185 186
186 160
186 848
186 854
188 187
189 192
190 169
190 189
190 231
190 232
190 322
196 160
196 825
196 865
196 870
197 160
197 825
197 865
197 870
198 26
198 160
198 825
198 865
198 870
199 180
199 328
200 160
200 854
202 192
203 160
203 657
204 848
204 854
205 328
206 160
206 623
207 682
209 848
209 854
210 160
210 186
210 223
210 243
210 482
210 488
210 843
211 160
211 208
211 243
212 201
212 206
213 160
213 458
213 555
213 623
213 701
213 829
213 839
213 848
213 850
213 1056
214 160
214 204
214 206
214 848
215 160
215 186
215 209
215 223
215 243
215 482
215 488
215 825
215 843
215 848
215 854
216 160
216 201
216 206
217 160
217 204
217 206
217 209
217 848
218 160
218 219
218 220
218 243
218 488
218 825
219 160
219 243
219 488
219 843
220 160
220 233
220 825
220 843
221 25
223 25
223 160
224 205
224 229
225 160
225 181
225 183
225 188
225 191
225 195
225 202
225 225
226 160
226 181
226 183
226 195
227 160
227 181
227 183
227 188
227 195
228 181
228 183
228 188
228 195
228 202
228 225
229 183
229 193
229 195
229 229
230 191
231 184
231 189
231 194
231 202
231 203
231 232
231 240
233 489
235 26
235 222
235 829
235 839
235 1452
236 222
236 1452
237 854
237 870
238 26
238 222
238 829
238 839
238 1489
239 222
239 1489
240 160
240 658
241 155
241 845
242 155
242 160
242 848
242 854
242 870
243 160
243 825
243 845
245 244
246 268
246 282
246 403
246 1128
247 1499
247 1500
250 1169
250 1236
251 1070
251 1183
251 1241
252 253
252 1221
253 403
254 279
254 1228
255 382
256 1367
258 1499
258 1500
259 1083
259 1113
259 1166
260 246
260 247
260 260
260 298
260 300
260 301
260 403
260 1221
260 1499
262 249
263 256
263 377
266 1499
267 531
267 1343
272 250
272 267
272 531
272 551
272 1499
274 1173
274 1189
274 1258
274 1499
276 266
276 276
276 292
276 1499
277 1234
277 1499
278 249
280 280
280 282
283 1499
284 1499
285 284
285 1213
285 1417
285 1499
286 279
286 382
286 1163
286 1367
287 1115
287 1141
287 1158
287 1189
288 1499
292 1499
293 256
293 278
293 279
293 382
294 297
294 1158
297 1500
299 1115
299 1158
299 1189
301 283
302 27
303 509
304 644
304 840
304 1052
305 1499
305 1500
306 454
306 1391
307 850
308 718
308 829
308 1019
309 829
310 1347
313 604
314 1189
314 1417
316 1379
317 322
318 319
319 250
319 1169
323 996
324 806
327 41
327 701
327 1044
330 654
330 1325
331 492
331 851
333 334
333 434
336 327
336 399
336 689
336 701
336 839
336 1400
337 657
337 675
337 843
338 46
338 55
338 57
340 303
340 402
340 433
340 1088
340 1462
341 569
341 979
341 1048
341 1317
343 96
343 107
343 113
343 115
343 118
343 130
343 133
343 136
343 160
343 186
343 199
343 204
343 206
343 209
343 221
343 223
343 225
343 342
343 482
343 675
343 717
343 718
343 720
343 722
343 730
343 767
343 1019
343 1035
344 132
344 337
344 675
344 718
344 720
344 843
344 1019
344 1035
345 83
345 85
345 102
345 106
345 181
345 183
345 191
345 195
345 202
345 345
345 675
345 717
345 718
345 854
345 1019
346 85
346 120
346 183
346 326
346 345
346 653
346 675
346 718
346 720
346 1019
346 1035
346 1450
346 1453
346 1456
347 489
347 675
347 718
347 720
347 854
347 1019
347 1035
348 720
349 396
350 820
350 1390
352 441
352 800
352 839
353 402
353 889
353 1466
354 839
354 889
355 811
356 723
356 952
356 1425
357 811
360 6
360 160
364 367
364 1499
364 1500
365 336
365 366
365 440
365 492
365 498
365 549
365 630
365 632
365 635
365 656
365 688
365 690
365 691
365 694
365 780
365 800
365 803
365 804
365 805
365 806
365 829
365 839
365 843
365 851
365 853
365 854
365 870
365 1328
365 1329
365 1490
365 1491
365 1494
366 66
366 160
366 484
366 486
366 787
366 788
366 1326
366 1327
366 1424
366 1487
367 1499
369 1385
370 371
370 406
370 806
370 811
370 814
370 851
370 861
371 461
371 819
371 1100
371 1101
373 373
375 839
378 379
380 379
380 1019
380 1381
381 160
381 369
381 806
381 852
381 1390
384 85
384 98
384 101
384 106
384 142
384 150
384 160
384 183
384 188
384 190
384 195
384 231
384 240
384 384
384 394
384 1093
384 1444
385 4
385 910
385 919
385 923
386 889
387 389
387 910
387 919
387 923
387 930
388 889
389 844
389 897
389 1323
390 844
390 897
390 1323
393 460
394 85
394 98
394 101
394 105
394 106
394 142
394 150
394 183
394 188
394 189
394 190
394 194
394 195
394 231
394 232
394 240
394 322
394 394
394 1444
396 839
397 96
397 160
397 186
397 845
397 1446
398 839
399 400
399 505
400 400
400 839
401 525
401 529
401 649
401 675
401 682
401 1385
402 509
406 369
406 405
406 1389
407 279
407 382
407 557
407 1020
407 1036
407 1148
407 1163
408 402
408 492
408 858
408 897
408 910
408 923
408 1324
409 1460
410 402
411 449
412 1460
413 402
413 1461
414 1051
414 1102
415 402
415 896
415 897
415 902
415 905
415 921
415 934
416 402
417 402
417 981
418 402
418 896
418 897
418 902
418 905
418 921
418 934
419 402
419 449
420 160
420 561
420 562
420 563
420 564
420 565
420 568
420 571
420 572
420 809
420 829
420 1317
421 402
421 449
422 447
424 322
424 422
426 844
426 897
426 921
427 4
427 306
427 369
427 434
427 437
427 438
427 492
427 806
427 824
427 896
427 897
427 899
427 901
427 902
427 904
427 905
427 916
427 921
427 924
427 934
427 936
427 1046
427 1323
427 1385
427 1391
427 1421
427 1445
428 429
428 844
428 897
428 902
428 921
428 934
429 4
429 427
429 434
429 436
429 520
429 521
429 627
429 629
429 921
429 925
429 929
430 429
431 4
431 427
431 434
431 436
431 521
431 627
431 629
431 921
431 925
431 929
432 447
433 402
433 800
433 829
433 839
433 841
433 848
433 857
434 435
435 850
436 839
437 850
438 850
439 1079
440 839
441 488
441 839
442 839
443 1385
444 502
444 940
444 1466
445 398
446 586
446 809
447 1347
448 1079
449 402
449 1460
450 160
450 356
450 359
450 369
450 399
450 441
450 442
450 455
450 474
450 480
450 491
450 633
450 634
450 641
450 675
450 725
450 729
450 737
450 739
450 756
450 775
450 777
450 800
450 811
450 814
450 819
450 829
450 830
450 839
450 841
450 954
450 955
450 958
450 960
450 968
450 971
450 972
450 1037
450 1061
450 1094
450 1385
450 1422
450 1423
450 1424
450 1425
451 426
451 477
451 542
451 697
451 844
451 889
451 895
451 896
451 897
451 902
451 905
451 906
451 907
451 908
451 911
451 920
451 921
451 929
451 932
451 933
451 934
451 951
451 1021
451 1023
451 1024
451 1030
451 1031
451 1034
451 1378
451 1379
451 1428
451 1480
452 1499
453 1385
455 723
455 839
455 952
456 160
456 718
456 829
456 839
456 848
456 854
456 870
456 1019
457 1417
457 1499
458 460
459 556
461 848
461 850
463 1496
469 1390
469 1391
471 663
471 665
471 845
471 1090
472 472
474 107
474 199
474 751
474 964
475 358
475 500
477 1385
480 25
480 66
481 1386
482 850
485 160
485 442
485 489
485 718
485 1019
486 850
486 870
487 845
487 1040
488 854
488 870
488 1072
489 487
489 495
489 663
489 829
489 839
490 105
490 112
490 150
490 194
490 203
490 845
491 406
491 1385
492 369
492 406
492 1003
492 1388
492 1389
492 1447
493 406
493 492
496 839
497 396
498 398
498 399
498 839
499 505
502 505
502 621
503 839
504 839
505 839
506 505
506 839
507 839
509 354
509 355
509 396
509 436
509 499
509 809
509 839
511 850
512 510
513 399
513 839
514 69
514 129
514 399
514 517
514 641
514 829
514 839
514 1040
514 1425
515 399
515 641
515 829
515 1423
516 399
516 829
516 839
516 1425
517 399
517 641
517 652
517 829
517 839
517 1423
518 160
519 364
520 892
520 902
520 905
520 915
521 369
521 492
521 811
521 814
521 892
521 896
521 897
521 901
521 902
521 905
521 917
521 921
521 934
521 1033
521 1046
521 1323
521 1385
521 1445
521 1492
522 527
522 537
522 622
522 648
522 810
523 527
523 538
523 622
523 810
524 527
524 937
524 1391
525 362
525 622
525 937
526 363
526 622
526 978
527 369
527 651
527 1385
527 1389
527 1391
527 1395
528 160
529 1385
532 1390
534 383
534 608
534 609
534 1499
535 603
535 1499
537 304
537 464
537 466
537 525
538 304
538 465
538 467
538 526
539 402
539 1379
541 37
541 405
541 523
541 552
541 677
541 839
541 858
541 1019
541 1034
541 1336
541 1338
541 1341
541 1457
542 844
542 897
542 902
542 905
542 921
542 934
544 477
545 83
545 103
545 181
545 192
546 646
546 831
547 332
549 66
549 342
549 399
549 722
549 767
549 787
549 788
549 839
549 1423
550 1499
552 858
552 1390
553 1346
557 246
557 403
557 1221
559 1499
560 270
561 567
561 778
561 1011
561 1073
563 396
564 628
565 307
565 567
565 570
565 778
565 1073
568 573
570 566
570 567
571 567
571 570
571 573
572 567
572 570
572 778
572 1073
573 566
573 798
576 338
577 43
578 44
579 581
580 45
580 59
580 160
581 48
581 49
581 160
583 60
585 48
585 624
585 666
585 829
585 839
585 858
585 1407
585 1409
586 44
586 49
588 48
588 160
588 839
588 858
589 592
590 60
590 160
591 593
592 60
592 61
592 160
593 60
593 160
594 160
595 54
595 60
595 160
596 46
596 160
598 45
598 58
598 59
598 62
598 160
599 45
599 62
599 160
599 949
601 1499
603 617
603 1499
604 607
604 611
604 1499
605 305
605 602
605 606
605 1499
605 1500
606 534
606 535
606 550
606 601
606 1012
606 1045
606 1352
606 1499
606 1500
607 531
607 1499
608 618
610 1499
612 613
613 611
614 612
614 616
614 1485
615 613
617 618
618 1499
618 1500
619 607
619 1499
621 829
622 628
622 1053
627 4
627 629
627 930
628 829
629 829
630 829
632 641
632 829
633 829
633 854
633 860
634 160
634 473
634 829
634 839
635 829
636 351
636 372
636 443
636 470
636 475
636 500
636 507
636 540
636 637
636 692
636 698
636 829
636 831
636 839
636 988
636 1099
636 1337
636 1372
637 829
637 839
638 1051
639 402
639 628
639 638
639 644
639 1463
640 635
641 621
642 829
643 696
643 1115
643 1141
643 1158
643 1189
644 307
645 287
645 696
646 829
646 839
646 850
647 281
650 406
652 1424
655 1499
656 327
656 689
656 839
657 321
657 471
657 843
658 321
658 471
658 663
658 664
658 845
659 659
660 660
660 683
662 684
667 333
667 334
667 434
667 436
667 524
667 622
667 629
667 857
667 858
668 666
668 829
669 897
669 899
669 902
669 905
669 912
669 1021
669 1030
669 1032
671 897
671 902
671 905
671 917
671 921
671 930
671 934
671 1027
671 1028
671 1029
671 1391
672 839
673 896
673 897
673 902
673 905
673 921
673 934
673 1027
673 1028
673 1029
673 1391
674 897
674 899
674 902
674 905
674 915
674 930
674 1021
674 1030
674 1032
675 682
676 659
676 660
676 662
676 683
677 309
677 396
677 405
677 621
677 628
677 651
677 1333
679 160
679 718
679 825
679 1019
681 389
681 434
681 492
681 629
681 925
683 684
685 29
685 30
685 35
685 160
685 161
685 245
685 325
685 340
685 349
685 353
685 365
685 370
685 371
685 374
685 375
685 376
685 380
685 385
685 386
685 387
685 388
685 402
685 408
685 409
685 410
685 411
685 412
685 413
685 414
685 415
685 416
685 417
685 418
685 419
685 420
685 421
685 428
685 430
685 431
685 436
685 442
685 448
685 450
685 451
685 481
685 496
685 499
685 503
685 509
685 513
685 514
685 515
685 518
685 529
685 532
685 533
685 539
685 541
685 544
685 546
685 552
685 576
685 577
685 578
685 579
685 580
685 581
685 582
685 584
685 585
685 586
685 587
685 590
685 591
685 592
685 593
685 594
685 595
685 596
685 597
685 598
685 599
685 628
685 629
685 634
685 636
685 639
685 642
685 667
685 669
685 671
685 673
685 674
685 675
685 677
685 681
685 723
685 724
685 725
685 729
685 732
685 737
685 738
685 739
685 742
685 743
685 746
685 750
685 751
685 752
685 753
685 754
685 755
685 756
685 757
685 758
685 760
685 761
685 768
685 775
685 777
685 806
685 809
685 814
685 822
685 829
685 839
685 844
685 858
685 871
685 872
685 889
685 890
685 897
685 905
685 910
685 919
685 921
685 923
685 930
685 934
685 952
685 953
685 954
685 955
685 956
685 957
685 958
685 959
685 960
685 961
685 962
685 963
685 964
685 965
685 966
685 967
685 968
685 969
685 970
685 971
685 972
685 973
685 982
685 983
685 984
685 987
685 1005
685 1017
685 1034
685 1039
685 1059
685 1078
685 1079
685 1081
685 1082
685 1084
685 1085
685 1091
685 1317
685 1318
685 1319
685 1334
685 1338
685 1341
685 1344
685 1369
685 1373
685 1376
685 1380
685 1381
685 1383
685 1457
685 1492
685 1497
686 829
688 699
688 829
689 41
689 398
689 635
689 701
689 829
689 850
689 1044
689 1425
690 689
690 829
690 839
691 492
692 692
692 850
693 693
694 492
695 373
695 462
695 695
696 1245
697 569
699 699
700 554
702 383
702 1098
702 1485
703 1499
704 265
704 403
704 1162
705 1347
708 707
710 707
711 309
713 41
713 155
713 398
713 635
713 818
713 819
713 1042
713 1044
713 1062
714 713
715 352
715 357
715 488
715 713
715 816
715 980
715 985
715 1086
716 870
721 107
721 136
721 139
721 160
722 66
723 78
723 144
723 160
723 163
723 441
723 489
723 670
723 737
723 766
723 800
723 839
723 1408
724 160
724 492
724 716
724 731
724 734
724 736
724 745
724 766
724 774
724 799
724 800
724 805
724 806
724 829
724 839
725 70
725 91
725 107
725 108
725 129
725 153
725 160
725 163
725 311
726 108
726 129
726 153
726 160
726 163
726 311
727 160
727 492
727 806
728 770
729 160
729 163
729 441
729 488
729 489
729 633
729 766
729 839
729 1086
730 850
732 129
732 153
734 870
736 870
737 143
737 160
737 441
737 489
737 765
737 766
737 825
738 160
738 492
738 800
738 805
739 122
739 160
739 162
739 492
739 522
739 650
739 666
739 733
739 735
739 740
739 744
739 759
739 764
739 773
739 800
739 825
739 829
739 834
739 835
739 839
739 841
739 848
739 854
739 1348
739 1349
739 1396
739 1407
739 1409
740 492
740 841
741 841
742 160
742 488
742 489
742 513
742 723
742 737
742 738
742 1086
745 870
746 69
746 129
746 134
746 153
747 160
747 492
747 853
748 107
748 116
748 160
748 331
748 441
748 456
748 485
748 488
748 492
748 633
748 634
748 675
748 680
748 718
748 719
748 720
748 740
748 799
748 800
748 805
748 806
748 829
748 839
748 854
748 1355
748 1365
748 1488
748 1498
749 28
749 160
749 308
749 331
749 441
749 456
749 485
749 489
749 490
749 492
749 633
749 675
749 718
749 720
749 740
749 799
749 800
749 805
749 806
749 829
749 839
749 854
749 1086
749 1453
749 1488
750 753
751 135
752 755
753 69
753 129
753 136
753 137
753 139
753 143
753 160
754 102
754 129
754 139
754 160
755 69
755 129
755 136
755 138
755 139
755 143
755 160
756 160
756 488
757 107
757 129
757 136
757 160
758 107
758 160
761 160
761 488
762 129
762 153
762 331
762 456
762 489
762 492
762 718
762 741
762 800
762 805
762 806
762 1362
763 441
763 456
763 485
763 488
763 492
763 633
763 634
763 675
763 680
763 718
763 800
763 805
763 806
763 829
763 839
763 843
763 1363
763 1488
765 764
765 843
765 848
766 845
766 870
768 129
768 153
768 731
768 817
769 770
771 66
772 66
774 870
775 70
775 71
775 89
775 90
775 91
775 107
775 108
775 129
775 153
775 160
775 164
775 311
775 721
775 771
775 772
775 1450
776 441
777 70
777 71
777 89
777 91
777 107
777 108
777 129
777 153
777 160
777 164
777 311
777 425
777 721
777 772
777 1450
779 70
779 71
779 82
779 107
779 136
779 150
779 172
779 173
779 180
779 199
779 225
779 240
780 160
780 670
780 723
780 839
780 952
781 160
781 492
781 493
781 800
781 805
781 870
781 1385
782 160
782 954
783 955
784 958
785 160
785 350
785 406
785 441
785 492
785 633
785 666
785 793
785 800
785 829
785 839
785 841
785 952
785 960
785 1389
785 1395
786 160
786 780
786 961
787 729
787 955
788 160
788 476
788 729
788 955
789 160
789 969
790 160
790 971
791 800
791 841
791 848
791 870
792 848
792 854
793 792
794 796
795 488
796 155
796 648
797 155
797 845
799 160
799 810
799 854
799 870
800 160
800 810
800 813
800 839
801 802
801 839
802 365
802 829
802 839
803 160
803 800
803 805
803 841
803 848
803 870
804 160
804 810
805 852
806 160
806 810
807 160
807 322
807 404
807 810
807 829
807 850
807 857
807 1040
807 1385
808 839
809 497
809 832
809 862
809 863
810 631
810 649
811 160
811 810
811 813
811 839
812 160
812 687
812 810
812 858
814 160
814 687
814 810
814 811
814 858
815 160
815 810
815 813
819 160
819 810
819 813
819 816
820 160
820 810
820 1385
820 1389
822 316
822 650
822 864
823 649
824 651
824 820
824 1391
824 1395
825 160
825 810
825 1403
825 1405
826 160
826 810
826 813
827 649
828 160
828 810
828 813
829 160
829 810
830 829
833 160
833 810
834 829
836 829
836 1467
836 1468
837 849
837 868
838 947
840 160
840 810
841 852
842 317
842 406
842 469
842 650
842 820
842 1385
842 1395
843 160
843 810
843 813
845 160
845 810
845 813
846 160
847 160
848 160
848 810
848 813
849 678
849 945
849 1464
849 1469
849 1474
849 1476
850 160
850 810
850 829
850 839
851 492
851 529
851 804
851 806
851 853
851 1385
852 160
852 800
852 810
852 858
853 160
853 810
854 160
855 160
855 810
855 1389
855 1395
857 160
857 810
857 829
857 839
858 829
859 543
859 829
859 839
859 1041
859 1047
860 160
862 160
864 866
868 829
868 839
869 648
870 160
870 810
870 813
871 129
871 160
871 331
871 343
871 344
871 346
871 347
871 348
871 401
871 441
871 485
871 492
871 515
871 633
871 634
871 675
871 679
871 680
871 718
871 719
871 723
871 739
871 740
871 748
871 749
871 762
871 763
871 769
871 800
871 1075
871 1394
871 1451
871 1456
873 160
873 398
873 670
873 723
873 839
874 160
874 492
874 493
874 800
874 805
874 870
874 1385
875 160
875 725
876 729
877 737
878 160
878 350
878 406
878 492
878 666
878 723
878 739
878 811
878 814
878 829
878 839
878 1385
878 1389
878 1395
879 160
879 742
879 873
880 160
880 168
880 750
880 756
880 1042
881 135
881 160
881 168
881 751
881 756
881 1042
882 160
882 168
882 752
882 756
882 1042
883 41
883 167
883 753
883 756
883 1044
884 41
884 167
884 755
884 756
884 1044
885 160
885 476
885 729
886 160
886 757
887 160
887 775
888 839
888 858
888 1331
888 1351
889 444
889 502
889 839
889 1351
890 839
890 910
890 923
891 1351
894 1351
895 1351
898 935
902 1058
905 505
905 506
905 839
905 946
910 829
910 918
911 1351
912 315
912 921
912 934
913 502
913 506
913 829
913 1060
913 1351
913 1389
913 1448
914 502
914 934
914 941
914 1060
914 1351
914 1448
915 315
915 921
915 934
918 625
918 822
918 893
919 839
919 858
920 1351
921 925
922 477
922 499
922 677
922 839
922 858
922 893
922 1382
923 368
923 444
923 522
923 523
923 527
923 834
923 836
923 838
923 839
923 858
923 889
923 905
923 921
923 922
923 930
923 936
923 943
923 946
923 1063
923 1331
923 1385
923 1389
923 1466
923 1470
923 1471
923 1473
924 935
925 502
925 941
925 942
925 946
925 1060
925 1335
925 1351
925 1448
926 1351
927 502
927 941
927 942
927 946
927 1060
927 1335
927 1448
928 889
928 910
928 923
928 939
929 1351
930 839
930 858
930 1351
931 926
932 1351
933 1351
934 829
934 839
934 1060
936 829
936 839
939 1464
939 1469
939 1474
940 839
943 944
944 678
944 801
944 829
944 839
944 1464
944 1469
944 1476
944 1477
945 850
946 444
946 837
946 1389
947 944
948 943
948 947
949 51
949 160
951 649
952 160
952 197
952 234
952 441
952 489
952 670
952 800
952 839
952 958
952 1408
953 160
953 492
953 799
953 800
953 805
953 870
954 160
954 172
954 197
954 199
954 220
954 243
954 311
955 160
955 197
955 441
955 488
955 633
955 1086
956 220
956 243
957 220
957 243
958 160
958 233
958 441
958 489
958 825
958 843
958 845
958 848
958 854
959 492
959 800
959 805
960 160
960 196
960 213
960 492
960 666
960 800
960 825
960 829
960 834
960 839
960 841
960 848
960 854
960 1348
960 1349
960 1396
960 1407
960 1409
961 160
961 488
961 489
961 952
961 958
961 959
961 1086
962 171
962 220
962 224
962 243
963 966
964 171
964 202
964 205
964 220
964 225
965 967
966 160
966 171
966 220
966 225
966 226
966 228
966 233
967 160
967 171
967 220
967 225
967 227
967 228
967 233
968 160
968 488
969 160
969 199
969 220
969 225
970 160
970 199
971 160
971 172
971 173
971 198
971 199
971 220
971 243
971 311
972 160
972 172
972 173
972 198
972 199
972 220
972 243
972 311
972 425
973 160
973 220
973 331
973 343
973 344
973 346
973 347
973 401
973 441
973 485
973 492
973 633
973 634
973 679
973 680
973 800
973 841
973 952
973 960
973 1019
973 1074
973 1095
973 1096
973 1356
973 1364
973 1394
973 1456
974 265
974 383
974 403
974 616
974 704
974 976
974 1128
974 1162
974 1485
975 277
975 403
975 703
975 704
975 974
975 1128
975 1185
975 1204
975 1221
975 1229
975 1232
975 1260
975 1261
975 1485
975 1499
976 612
976 615
976 616
976 1485
977 996
980 633
980 839
980 858
981 402
981 814
982 402
982 814
983 160
983 723
983 737
983 739
983 952
983 958
983 960
984 723
984 829
984 839
984 952
984 983
985 806
985 814
985 861
989 323
989 422
989 990
991 705
991 1347
992 1347
993 992
994 992
994 1347
995 991
995 993
995 994
995 1347
996 310
996 422
996 479
996 510
996 512
996 706
996 709
996 938
996 989
996 990
996 995
996 1347
997 422
997 1001
997 1347
998 1347
999 422
999 423
999 424
999 1000
999 1347
1000 422
1000 423
1000 424
1000 977
1000 989
1000 996
1000 998
1000 999
1000 1097
1000 1347
1001 422
1001 424
1001 432
1001 977
1001 989
1001 996
1001 997
1001 998
1001 1097
1001 1347
1002 989
1002 1347
1003 317
1003 350
1003 650
1003 651
1003 820
1004 492
1005 552
1005 677
1005 839
1005 858
1005 1034
1005 1390
1005 1457
1006 270
1007 270
1008 1499
1008 1500
1009 285
1012 1499
1012 1500
1013 367
1013 1092
1017 1016
1018 369
1018 405
1018 1385
1018 1391
1020 1375
1020 1417
1020 1499
1021 899
1021 904
1021 1031
1025 675
1025 899
1025 904
1026 675
1027 899
1027 904
1027 1029
1028 899
1028 904
1028 916
1029 899
1029 904
1030 899
1030 904
1030 916
1031 899
1031 904
1033 899
1033 904
1033 1445
1037 675
1038 41
1038 1044
1039 165
1039 1317
1043 102
1044 41
1045 1499
1046 1397
1049 661
1049 1103
1050 661
1050 1103
1051 600
1052 459
1052 524
1052 811
1052 814
1053 396
1053 527
1053 556
1053 628
1053 644
1053 811
1053 814
1053 840
1054 1055
1055 305
1055 607
1055 1499
1056 458
1056 460
1056 472
1056 695
1057 811
1058 941
1058 946
1059 402
1059 530
1059 644
1059 829
1059 858
1059 1057
1060 309
1060 506
1060 621
1060 829
1060 941
1060 946
1061 829
1061 839
1062 815
1062 816
1062 843
1063 1389
1064 1067
1064 1130
1064 1161
1064 1183
1064 1241
1065 1316
1066 261
1066 269
1066 272
1066 318
1066 531
1066 1065
1066 1184
1066 1220
1066 1238
1066 1499
1067 1069
1067 1070
1067 1071
1068 260
1068 263
1068 268
1068 1221
1068 1276
1069 1068
1070 1212
1070 1293
1071 265
1071 383
1071 508
1071 1098
1071 1231
1071 1485
1071 1499
1072 324
1072 381
1073 566
1074 160
1074 220
1074 492
1074 854
1074 952
1074 953
1074 960
1074 1019
1074 1456
1075 129
1075 160
1075 492
1075 718
1075 723
1075 724
1075 739
1075 854
1075 1456
1078 330
1078 422
1078 478
1078 997
1078 999
1078 1002
1078 1010
1078 1080
1078 1082
1078 1347
1078 1387
1079 1076
1081 676
1081 1353
1083 258
1083 1137
1083 1141
1084 1077
1084 1321
1085 986
1085 987
1085 1079
1085 1320
1085 1368
1086 488
1087 160
1088 492
1088 1380
1091 829
1092 1040
1092 1499
1093 106
1093 322
1094 356
1094 739
1094 960
1095 160
1095 199
1095 207
1095 441
1095 456
1095 485
1095 488
1095 492
1095 633
1095 634
1095 680
1095 799
1095 800
1095 805
1095 806
1095 839
1095 854
1095 1019
1095 1022
1095 1035
1095 1355
1095 1365
1095 1488
1095 1498
1096 28
1096 160
1096 308
1096 441
1096 456
1096 490
1096 492
1096 633
1096 799
1096 800
1096 805
1096 806
1096 839
1096 854
1096 1019
1096 1035
1096 1086
1096 1488
1097 422
1097 423
1097 424
1097 432
1097 1097
1097 1347
1098 1499
1100 850
1102 530
1104 246
1105 1106
1105 1117
1106 1499
1106 1500
1107 1499
1108 403
1108 1109
1108 1164
1108 1177
1108 1178
1108 1221
1109 403
1109 1164
1110 252
1111 403
1111 1114
1111 1193
1111 1195
1112 1113
1112 1195
1112 1196
1113 312
1113 1166
1115 1107
1116 1178
1116 1485
1118 1117
1119 246
1119 301
1119 403
1119 1499
1120 251
1120 1161
1121 1130
1122 251
1122 271
1122 1068
1122 1071
1122 1130
1123 1124
1124 312
1124 403
1124 1166
1124 1205
1125 252
1127 254
1127 1130
1129 255
1129 1163
1129 1223
1131 1132
1131 1185
1132 314
1132 403
1132 407
1132 468
1132 501
1132 519
1132 643
1132 645
1132 1013
1132 1137
1132 1499
1133 259
1133 1134
1134 259
1134 1133
1135 1200
1136 1083
1137 1499
1138 403
1138 1141
1138 1164
1138 1195
1138 1232
1139 1141
1140 1138
1140 1214
1141 1107
1141 1137
1142 257
1142 320
1142 1089
1142 1345
1143 1144
1144 260
1144 403
1144 1128
1144 1204
1144 1221
1144 1229
1144 1234
1145 1128
1145 1204
1145 1221
1145 1246
1146 268
1146 403
1146 1128
1147 1147
1148 382
1148 1020
1148 1036
1148 1040
1149 1204
1149 1499
1150 403
1150 1141
1150 1189
1151 1124
1152 1168
1152 1212
1153 1199
1153 1212
1154 1212
1154 1264
1155 246
1155 1119
1156 702
1156 704
1156 1459
1158 1107
1159 403
1161 452
1162 290
1162 1500
1163 1212
1164 403
1164 1109
1165 1235
1166 312
1166 1113
1167 268
1167 275
1167 383
1167 508
1167 1128
1168 1170
1168 1191
1168 1206
1170 1040
1170 1184
1170 1500
1171 620
1171 1246
1172 1200
1172 1249
1172 1499
1177 702
1177 704
1177 950
1177 1162
1177 1178
1178 403
1178 702
1178 703
1178 1015
1178 1162
1178 1177
1180 1182
1181 1182
1182 403
1182 703
1182 704
1182 950
1182 1015
1182 1162
1183 271
1183 295
1183 1066
1183 1225
1183 1374
1184 1106
1185 248
1185 274
1185 1189
1185 1499
1186 1185
1187 1114
1187 1189
1187 1207
1188 1132
1189 1107
1189 1162
1190 1191
1191 266
1191 1191
1191 1499
1191 1500
1192 1115
1192 1158
1192 1195
1193 1111
1193 1157
1193 1195
1194 264
1194 1083
1195 258
1195 1137
1195 1141
1196 1112
1196 1166
1196 1195
1197 1170
1198 1172
1198 1249
1198 1499
1199 276
1200 1499
1201 1200
1202 1240
1203 314
1203 403
1203 468
1203 519
1203 645
1203 1013
1203 1137
1205 1107
1205 1115
1205 1137
1205 1158
1206 1184
1207 293
1207 294
1207 296
1208 975
1209 403
1209 974
1210 975
1211 403
1211 974
1213 270
1213 558
1213 560
1213 1117
1213 1172
1213 1198
1213 1206
1213 1236
1213 1263
1213 1392
1213 1499
1214 1132
1215 257
1215 320
1215 553
1215 1014
1215 1089
1215 1345
1216 301
1217 1499
1218 1185
1218 1221
1219 1220
1219 1238
1220 285
1220 531
1221 280
1221 1171
1221 1173
1222 249
1222 256
1222 278
1222 279
1222 281
1222 377
1222 383
1222 1212
1222 1454
1222 1499
1222 1500
1223 256
1223 278
1223 279
1223 1163
1224 1241
1225 1212
1226 272
1227 267
1227 286
1230 1235
1231 403
1231 1150
1232 262
1232 403
1232 1109
1232 1126
1232 1138
1232 1141
1232 1195
1233 1138
1233 1232
1235 273
1235 403
1235 611
1235 702
1235 1128
1235 1149
1235 1160
1235 1162
1235 1177
1235 1178
1235 1221
1235 1229
1235 1234
1235 1485
1235 1499
1235 1500
1236 1172
1239 289
1241 1202
1241 1240
1242 1127
1242 1167
1242 1224
1243 1227
1244 246
1244 301
1244 1499
1246 620
1247 1185
1248 287
1248 1417
1248 1499
1250 264
1250 403
1250 1115
1250 1141
1250 1158
1250 1189
1251 403
1251 1113
1251 1115
1251 1137
1251 1141
1251 1158
1251 1166
1251 1189
1252 403
1253 1206
1253 1254
1255 1117
1256 1118
1257 403
1257 1150
1258 620
1259 1144
1260 403
1260 1195
1261 403
1261 1195
1262 1124
1263 1174
1263 1237
1263 1249
1263 1499
1264 292
1264 1175
1264 1176
1265 1157
1265 1266
1266 1293
1267 1114
1267 1143
1269 1114
1272 1115
1272 1138
1272 1158
1272 1164
1272 1185
1272 1276
1273 1109
1273 1115
1273 1138
1273 1158
1273 1179
1273 1185
1274 298
1274 403
1274 1115
1274 1141
1274 1158
1274 1189
1274 1195
1274 1246
1274 1281
1274 1293
1275 253
1275 1179
1277 1157
1278 298
1278 1131
1278 1132
1278 1284
1278 1293
1279 403
1279 1109
1279 1195
1280 403
1280 1195
1280 1246
1280 1281
1281 260
1281 1114
1281 1145
1281 1221
1283 1293
1284 403
1284 1282
1284 1286
1285 1207
1288 1116
1288 1178
1288 1485
1289 1269
1291 403
1291 1221
1292 1114
1292 1293
1294 403
1294 1164
1294 1270
1295 294
1295 1109
1296 403
1296 1287
1296 1290
1296 1299
1297 1115
1297 1138
1297 1158
1297 1185
1298 403
1298 1109
1298 1150
1298 1158
1299 403
1299 1268
1299 1271
1299 1296
1300 1109
1300 1311
1301 260
1301 299
1302 1200
1303 403
1303 1208
1303 1210
1304 1209
1304 1211
1305 403
1305 1221
1306 298
1306 1114
1306 1115
1306 1141
1306 1158
1306 1189
1306 1193
1306 1293
1307 298
1307 1248
1307 1293
1308 1257
1309 1313
1310 403
1310 1115
1310 1150
1310 1158
1310 1195
1310 1246
1310 1281
1311 246
1311 289
1311 1189
1312 1150
1312 1314
1313 1314
1314 403
1314 603
1314 950
1314 1015
1314 1115
1314 1158
1314 1189
1314 1266
1315 246
1315 1141
1315 1311
1316 553
1318 303
1318 340
1318 402
1318 434
1318 435
1318 436
1318 629
1318 896
1318 897
1318 900
1318 901
1318 902
1318 903
1318 905
1318 916
1318 927
1318 931
1318 934
1318 1380
1318 1462
1319 160
1319 378
1319 380
1319 514
1319 515
1319 518
1319 723
1319 724
1319 725
1319 739
1319 751
1319 756
1319 757
1319 775
1319 777
1319 809
1319 839
1319 1455
1320 335
1320 439
1320 448
1320 483
1320 986
1320 987
1320 1078
1320 1079
1320 1081
1320 1082
1320 1368
1321 1077
1322 600
1323 889
1324 402
1328 766
1328 799
1329 766
1329 845
1330 1330
1331 569
1331 979
1331 1048
1331 1317
1332 1332
1332 1370
1333 309
1333 369
1333 477
1333 492
1333 644
1333 811
1333 814
1333 1385
1333 1389
1333 1390
1333 1391
1334 402
1335 492
1335 800
1335 838
1335 839
1335 841
1335 848
1335 858
1335 943
1335 1389
1338 798
1338 1385
1339 1338
1340 522
1341 523
1342 850
1343 1499
1350 1371
1351 444
1351 928
1351 939
1351 946
1351 948
1352 1499
1353 1330
1353 1332
1353 1350
1353 1370
1354 70
1354 107
1354 172
1354 199
1354 488
1354 718
1354 1019
1355 96
1355 113
1355 115
1355 118
1355 130
1355 133
1355 160
1355 186
1355 204
1355 206
1355 209
1355 221
1355 223
1355 482
1355 675
1355 718
1355 719
1355 722
1355 730
1355 1019
1355 1022
1356 183
1356 243
1356 456
1356 492
1356 679
1356 800
1356 805
1356 806
1356 1019
1356 1362
1357 105
1357 111
1357 112
1357 150
1357 189
1357 194
1357 202
1357 203
1357 232
1357 718
1357 845
1357 1019
1357 1357
1358 102
1358 191
1359 107
1359 199
1359 718
1359 1019
1359 1355
1359 1365
1360 102
1360 116
1360 191
1360 207
1360 545
1360 675
1360 720
1360 1035
1360 1354
1360 1357
1362 85
1362 105
1362 106
1362 160
1362 183
1362 194
1362 195
1362 675
1362 718
1362 845
1362 1019
1362 1362
1363 82
1363 83
1363 106
1363 160
1363 180
1363 181
1363 195
1363 302
1363 675
1363 718
1363 779
1363 843
1363 845
1363 1019
1363 1363
1363 1365
1364 441
1364 456
1364 485
1364 488
1364 492
1364 633
1364 634
1364 679
1364 680
1364 800
1364 805
1364 806
1364 843
1364 1019
1364 1363
1364 1488
1365 26
1365 131
1365 151
1365 155
1365 156
1365 160
1365 222
1365 241
1365 675
1365 718
1365 722
1365 767
1365 850
1365 1019
1365 1326
1365 1327
1366 548
1369 844
1369 896
1369 897
1369 923
1370 1371
1373 160
1373 634
1373 723
1373 737
1373 738
1373 739
1373 768
1373 952
1373 956
1373 958
1373 959
1373 960
1373 1398
1373 1399
1373 1401
1373 1402
1374 265
1374 1459
1376 831
1378 899
1378 902
1380 402
1380 800
1380 841
1380 870
1384 309
1387 1347
1392 291
1393 1389
1394 854
1395 1395
1398 160
1398 737
1398 751
1398 753
1398 755
1398 958
1398 964
1398 966
1398 967
1399 160
1399 723
1399 729
1399 737
1399 756
1399 952
1399 955
1399 958
1399 968
1400 327
1400 701
1401 160
1401 737
1401 751
1401 753
1401 755
1401 775
1401 958
1401 964
1401 966
1401 967
1401 971
1402 160
1402 723
1402 729
1402 737
1402 777
1402 952
1402 955
1402 958
1402 972
1403 829
1403 1042
1404 1042
1404 1044
1405 398
1405 839
1405 1044
1406 528
1406 574
1406 575
1406 865
1406 1479
1407 865
1408 670
1409 666
1410 1361
1410 1406
1410 1411
1411 1415
1413 1412
1414 494
1414 528
1414 1416
1415 494
1416 1479
1417 1418
1417 1419
1417 1420
1417 1499
1417 1500
1418 531
1418 536
1418 559
1418 655
1418 1499
1422 839
1422 1049
1423 309
1423 829
1423 1050
1425 1426
1425 1427
1426 1426
1427 1427
1428 648
1428 675
1428 1386
1429 158
1429 392
1429 458
1429 460
1430 392
1430 458
1431 392
1431 458
1431 460
1432 393
1433 392
1433 458
1434 392
1434 458
1434 460
1435 392
1435 460
1436 392
1436 458
1436 460
1437 392
1437 458
1437 460
1438 392
1438 460
1439 392
1439 458
1439 460
1440 392
1440 458
1440 460
1441 392
1441 458
1441 460
1442 392
1443 392
1443 460
1444 81
1444 85
1444 86
1444 97
1444 98
1444 105
1444 106
1444 150
1444 179
1444 183
1444 184
1444 188
1444 189
1444 194
1444 195
1444 232
1444 240
1444 322
1444 1093
1445 829
1445 839
1445 924
1445 1323
1446 96
1446 845
1447 322
1447 350
1447 453
1447 650
1447 1393
1448 309
1448 506
1448 1384
1449 406
1449 1393
1449 1447
1451 160
1451 718
1451 719
1451 729
1451 752
1451 1450
1451 1456
1452 88
1452 96
1452 151
1452 160
1452 185
1452 186
1452 241
1452 397
1452 1446
1454 256
1454 278
1454 279
1454 281
1454 395
1454 647
1454 1367
1455 329
1456 153
1456 160
1456 243
1456 718
1456 766
1456 845
1456 1019
1457 1018
1457 1034
1458 1499
1460 402
1461 402
1461 829
1461 850
1463 402
1463 530
1466 839
1466 1465
1471 829
1471 1475
1472 821
1478 83
1478 85
1478 101
1478 106
1478 150
1478 160
1478 181
1478 183
1478 190
1478 195
1478 240
1478 1478
1479 160
1479 528
1480 1393
1481 42
1481 77
1481 136
1481 139
1481 143
1481 1423
1482 829
1483 839
1484 1486
1486 1486
1487 486
1488 155
1488 160
1488 718
1488 1019
1489 88
1489 151
1489 185
1489 241
1490 484
1490 701
1490 1487
1491 731
1491 854
1491 870
1492 908
1493 604
1494 484
1494 693
1494 701
1494 810
1494 1487
1495 1041
1496 155
1496 818
1496 819
1496 980
1496 985
1496 1041
1497 306
1497 390
1497 492
1497 824
1497 909
1497 921
1497 1385
1497 1421
1498 70
1498 71
1498 89
1498 91
1498 107
1498 160
1498 172
1498 173
1498 199
1499 712
1500 712