1004 719
102 674
1068 193
107 108
107 110
107 157
107 28
107 29
107 466
107 528
107 529
107 657
107 674
107 754
107 756
108 630
1092 5
110 28
110 288
110 29
110 327
110 528
110 529
110 657
110 674
110 703
110 754
110 756
128 196
128 257
128 288
128 327
128 388
128 404
128 490
128 574
128 650
128 663
128 664
128 718
128 86
128 9
129 204
129 270
129 414
129 47
129 503
129 509
129 690
129 709
129 71
129 726
129 742
129 774
1320 147
1320 749
140 164
140 305
140 367
140 414
140 490
140 522
140 545
140 587
140 651
140 688
140 742
140 768
140 96
141 29
147 234
147 255
147 37
147 392
147 415
147 457
147 463
147 490
147 497
147 648
147 651
147 67
147 749
149 768
153 688
156 157
156 295
156 414
156 465
156 466
156 473
156 626
156 698
156 721
156 732
156 77
156 811
157 257
157 277
157 311
157 327
157 328
157 434
157 463
157 51
157 522
157 700
164 367
164 418
164 545
164 587
164 651
164 688
164 690
164 699
164 736
164 768
164 86
17 430
193 255
193 392
193 415
193 457
193 67
193 725
193 726
193 742
193 746
193 749
193 8
196 334
196 388
196 392
196 404
196 457
196 490
196 574
196 663
196 664
196 719
196 726
196 742
196 9
201 312
202 367
204 414
204 47
204 503
204 518
204 519
204 709
204 725
204 736
204 746
204 774
204 86
207 466
228 415
229 231
229 30
229 416
229 419
229 497
229 498
229 651
229 671
229 703
229 716
229 772
229 9
231 30
231 392
231 419
231 497
231 498
231 545
231 587
231 671
231 697
231 709
231 716
231 772
234 235
234 392
234 415
234 457
234 490
234 522
234 625
234 648
234 67
234 742
234 746
234 749
234 77
235 257
235 27
235 334
235 365
235 414
235 430
235 522
235 648
235 651
235 694
235 736
235 8
244 648
253 726
254 8
255 257
255 328
255 415
255 419
255 457
255 490
255 647
255 721
255 742
255 746
255 749
257 294
257 31
257 334
257 37
257 416
257 430
257 648
257 671
257 694
257 736
261 366
2678 704
277 295
277 366
277 465
277 466
277 472
277 48
277 630
277 657
277 66
277 719
277 725
277 731
277 96
28 29
28 501
28 528
28 529
28 550
28 657
28 674
28 754
28 756
28 796
288 404
288 430
288 574
288 663
288 664
288 670
288 700
288 704
288 718
288 719
29 312
29 521
29 528
29 529
29 657
29 674
29 709
29 754
29 756
2915 519
294 731
295 366
295 463
295 465
295 466
295 472
295 494
295 630
295 66
295 731
295 774
295 96
299 509
30 306
30 367
30 37
30 419
30 497
30 498
30 671
30 716
30 726
30 772
301 306
301 416
301 418
301 428
301 434
301 503
301 509
301 51
301 518
301 539
301 559
301 659
301 96
306 312
306 418
306 5
306 509
306 518
306 539
306 559
306 711
306 772
306 796
31 365
31 37
31 430
31 433
31 498
31 648
31 692
31 697
31 704
31 736
31 8
311 312
311 327
311 328
311 434
311 463
311 503
311 504
311 522
311 700
311 703
311 732
312 416
312 418
312 428
312 434
312 47
312 509
312 518
312 539
312 648
312 796
315 433
317 742
327 328
327 434
327 463
327 497
327 51
327 521
327 669
327 688
327 703
328 434
328 463
328 472
328 493
328 51
328 521
328 664
328 697
331 414
331 454
331 47
331 5
331 519
331 539
331 67
331 690
331 709
331 71
331 725
331 774
334 367
334 37
334 430
334 433
334 48
334 5
334 648
334 694
334 736
334 772
355 47
365 37
365 402
365 430
365 433
365 457
365 498
365 694
365 736
365 768
365 8
366 466
366 472
366 630
366 66
366 664
366 697
366 726
366 731
366 96
367 404
367 528
367 545
367 587
367 651
367 664
367 688
367 768
37 430
37 433
37 498
37 648
37 693
37 8
380 688
388 404
388 518
388 519
388 663
388 664
388 704
388 71
388 718
388 768
388 9
392 415
392 446
392 490
392 67
392 726
392 746
392 749
392 768
400 418
402 434
404 419
404 430
404 664
404 694
404 704
404 719
404 9
414 434
414 5
414 503
414 519
414 690
414 71
414 86
415 457
415 513
415 518
415 545
415 651
415 742
415 746
416 418
416 428
416 502
416 509
416 513
416 539
416 559
416 774
416 796
418 513
418 518
418 539
418 559
418 71
418 796
419 428
419 43
419 497
419 498
419 671
419 716
419 772
428 503
428 509
428 518
428 539
428 559
428 650
428 657
428 796
43 796
430 433
430 8
430 9
433 671
433 694
433 700
433 718
433 736
433 8
433 96
434 463
434 522
434 626
434 697
434 700
440 754
457 490
457 587
457 694
457 742
457 746
457 786
463 521
463 522
463 649
463 697
463 703
463 756
463 772
465 466
465 473
465 626
465 698
465 721
465 732
465 768
465 77
465 796
465 811
466 472
466 630
466 66
466 731
466 77
466 96
469 545
47 5
47 503
47 559
47 654
47 709
47 719
47 774
47 86
472 473
472 626
472 630
472 66
472 704
472 731
472 96
473 529
473 626
473 698
473 700
473 704
473 721
473 732
473 77
473 811
483 626
483 774
485 587
490 67
490 742
490 749
490 768
490 769
494 503
497 498
497 574
497 671
497 716
497 725
497 772
498 655
498 671
498 716
498 772
5 503
5 519
5 688
5 690
5 774
5 86
503 690
503 709
503 774
503 86
503 96
508 721
509 539
509 559
509 574
509 736
509 796
51 521
51 522
51 574
51 624
51 697
51 698
51 700
51 703
51 86
513 545
513 559
513 657
513 67
513 674
513 719
513 725
513 726
513 732
513 774
518 519
518 539
518 559
518 703
518 796
519 671
519 690
519 709
519 71
519 716
519 86
521 522
521 671
521 697
521 700
521 703
521 716
521 719
521 754
522 697
522 700
522 703
522 721
522 731
528 529
528 657
528 66
528 674
528 698
528 754
528 756
529 550
529 657
529 674
529 694
529 754
529 756
539 657
539 690
539 8
539 817
545 587
545 651
545 688
545 732
545 768
553 664
559 709
559 771
559 796
572 86
574 663
574 703
574 704
574 718
574 719
574 9
575 746
587 651
587 688
587 718
587 725
587 768
626 698
626 721
626 726
626 731
626 732
626 77
626 811
630 66
630 667
630 731
630 732
630 796
630 8
630 96
648 664
648 694
648 716
648 736
648 8
651 683
651 688
651 768
651 772
655 718
657 674
657 746
657 754
657 756
66 709
66 731
66 732
66 742
66 811
66 96
663 698
663 700
663 704
663 718
663 719
663 725
663 726
663 754
663 9
664 718
664 719
664 9
667 811
67 688
67 742
67 746
67 749
67 758
671 716
671 772
674 749
674 754
674 756
676 697
688 756
688 768
690 71
690 725
690 739
690 86
692 698
694 695
694 736
694 8
694 9
697 700
697 703
698 721
698 732
698 77
698 811
700 703
700 758
703 811
704 718
704 719
704 77
704 9
709 71
709 774
709 811
71 716
71 719
71 774
71 86
716 772
716 9
718 719
718 725
721 725
721 726
721 732
721 77
721 811
725 726
725 741
726 749
731 77
731 96
732 77
732 8
732 811
736 749
741 746
742 746
742 749
754 756
756 77
77 811
90 96
