102 107
107 110
107 472
107 529
107 674
107 756
107 77
108 674
110 29
110 509
110 626
110 657
110 674
110 754
128 196
128 466
128 574
128 648
128 651
128 664
128 671
128 9
129 414
129 47
129 5
129 539
129 725
129 774
140 414
140 539
140 545
140 587
140 651
140 688
141 234
141 433
147 157
147 255
147 392
147 490
147 648
147 749
156 157
156 428
156 465
156 473
156 698
156 726
156 77
157 147
157 311
157 327
157 415
157 521
157 703
164 140
164 255
164 545
164 725
164 768
193 147
193 196
193 415
193 457
193 746
196 388
196 404
196 663
196 719
196 749
196 768
201 77
202 490
204 129
204 140
204 418
204 503
204 709
204 774
204 86
207 630
228 231
228 651
229 231
229 30
229 328
229 367
229 428
229 671
229 716
231 30
231 327
231 498
231 671
231 700
231 716
234 147
234 193
234 235
234 67
234 742
234 746
235 257
235 334
235 365
235 648
235 8
255 193
255 37
255 415
255 732
255 742
255 746
257 235
257 255
257 365
257 430
257 694
257 736
261 754
27 328
27 365
277 295
277 366
277 416
277 466
277 630
28 110
28 528
28 587
28 674
28 754
288 128
288 328
288 430
288 704
288 718
288 719
29 107
29 28
29 528
29 657
29 732
2915 768
294 334
295 465
295 466
295 472
295 630
295 66
295 754
295 756
299 311
30 419
30 497
30 498
30 521
30 664
30 725
301 107
301 306
301 312
301 518
301 559
305 700
306 129
306 312
306 416
306 418
306 796
31 257
31 365
31 433
31 657
31 8
311 328
311 434
311 463
311 697
311 698
311 725
312 311
312 509
312 518
312 559
312 796
315 9
327 311
327 388
327 463
327 522
327 700
328 157
328 288
328 327
328 522
328 700
328 703
331 204
331 416
331 5
331 519
331 726
331 774
334 257
334 306
334 433
334 648
334 736
355 164
365 257
365 28
365 415
365 430
365 433
365 736
365 8
366 235
366 295
366 328
366 466
366 731
366 96
367 140
367 164
367 334
367 651
367 768
37 257
37 31
37 334
37 365
380 463
388 128
388 404
388 704
388 718
388 742
392 234
392 457
392 490
392 690
392 726
392 749
400 725
402 664
404 128
404 288
404 5
404 664
404 694
404 719
414 204
414 331
414 503
414 518
414 519
414 690
415 147
415 234
415 365
415 690
415 742
415 749
416 301
416 428
416 513
416 518
416 559
418 312
418 416
418 463
418 509
418 796
419 229
419 231
419 490
419 716
419 736
419 8
428 306
428 312
428 418
428 539
428 719
428 746
430 235
430 31
430 334
430 37
430 718
433 37
433 404
433 430
433 694
433 736
434 157
434 30
434 327
434 328
434 521
434 648
440 521
441 529
454 430
457 255
457 367
457 415
457 490
457 742
463 157
463 328
463 418
463 434
463 51
465 466
465 473
465 698
465 721
465 731
465 811
466 128
466 156
466 472
466 630
466 66
466 731
47 204
47 312
47 37
47 503
47 519
47 67
47 774
472 157
472 277
472 366
472 473
472 630
472 66
473 434
473 626
473 698
473 704
473 732
473 811
483 306
490 234
490 255
490 651
490 67
490 749
497 229
497 231
497 327
497 365
497 366
497 419
498 229
498 257
498 31
498 419
498 497
498 811
5 404
5 414
5 419
5 47
5 503
5 559
5 71
5 86
501 29
503 129
503 331
503 418
503 5
503 509
503 709
504 312
508 498
508 671
509 110
509 28
509 301
509 416
509 518
509 559
51 311
51 434
51 522
51 663
51 697
51 725
513 418
513 545
513 559
513 674
513 756
518 306
518 418
518 428
518 539
519 129
519 5
519 509
519 71
519 742
519 86
521 229
521 311
521 51
521 522
521 697
522 110
522 328
522 463
522 529
522 700
522 703
528 107
528 110
528 367
528 529
528 756
529 28
529 288
529 29
529 522
529 674
529 754
539 301
539 416
539 418
539 509
545 367
545 463
545 519
545 587
545 768
550 528
550 66
559 29
559 306
559 428
559 539
559 796
574 110
574 196
574 288
574 663
574 703
574 9
575 736
587 164
587 28
587 301
587 367
587 688
587 86
624 288
624 700
625 51
626 156
626 277
626 465
626 518
626 721
626 732
630 301
630 366
630 626
630 66
630 731
630 96
648 257
648 31
648 37
648 434
648 694
651 164
651 415
651 490
651 539
651 545
651 587
651 688
654 331
655 718
657 107
657 277
657 28
657 513
657 529
657 756
659 774
66 257
66 277
66 366
66 528
66 67
66 731
66 96
663 288
663 388
663 697
663 719
663 9
664 196
664 288
664 30
664 388
664 490
664 8
664 9
669 31
67 147
67 392
67 457
67 66
67 742
67 77
670 697
671 204
671 30
671 419
671 497
671 498
671 703
674 29
674 528
674 657
674 726
674 754
688 164
688 234
688 367
688 513
688 545
690 147
690 28
690 71
690 726
690 746
690 796
692 503
693 404
694 235
694 334
694 365
694 513
694 8
695 30
697 147
697 157
697 327
697 522
697 700
698 311
698 522
698 626
698 663
698 721
698 77
698 811
699 704
700 463
700 51
700 521
700 703
703 157
703 434
703 51
703 518
703 521
703 522
703 697
704 404
704 472
704 574
704 663
704 709
704 718
709 129
709 47
709 519
709 690
709 704
709 71
709 96
71 331
71 414
71 47
71 66
71 796
71 86
716 30
716 434
716 497
716 498
716 648
716 671
718 128
718 574
718 663
718 664
718 726
719 128
719 497
719 522
719 574
719 664
719 704
719 718
719 96
721 156
721 473
721 726
721 732
721 756
721 77
725 5
725 67
725 698
725 721
725 726
726 156
726 193
726 392
726 513
726 574
726 587
726 725
731 277
731 295
731 472
731 732
731 8
731 96
732 156
732 255
732 457
732 465
732 698
732 77
736 235
736 31
736 648
736 694
736 749
739 587
741 193
742 193
742 234
742 392
742 490
742 746
742 768
746 392
746 415
746 428
746 457
746 67
746 688
749 193
749 234
749 255
749 463
749 67
754 107
754 261
754 466
754 528
754 657
754 756
756 110
756 28
756 29
756 529
756 721
758 96
768 140
768 392
768 587
768 651
768 688
769 140
77 107
77 465
77 473
77 513
77 626
77 811
771 709
772 231
772 37
774 204
774 503
774 690
774 709
774 71
774 746
786 388
796 277
796 301
796 428
796 457
796 509
796 539
8 37
8 430
8 433
8 648
811 156
811 235
811 433
811 626
811 721
811 732
817 545
86 164
86 331
86 414
86 688
86 709
86 774
9 196
9 388
9 404
9 694
9 704
9 716
90 716
96 277
96 295
96 466
96 472
96 529
96 657
96 719
