102 107
107 110
107 29
107 301
107 472
107 528
107 529
107 657
107 674
107 754
107 756
107 77
108 674
110 28
110 29
110 509
110 522
110 528
110 574
110 626
110 657
110 674
110 754
110 756
128 196
128 288
128 388
128 404
128 466
128 574
128 648
128 651
128 664
128 671
128 718
128 719
128 9
129 204
129 306
129 414
129 47
129 5
129 503
129 519
129 539
129 709
129 725
129 774
140 164
140 204
140 367
140 414
140 539
140 545
140 587
140 651
140 688
140 768
140 769
141 234
141 433
147 157
147 193
147 234
147 255
147 392
147 415
147 490
147 648
147 67
147 690
147 697
147 749
156 157
156 428
156 465
156 466
156 473
156 626
156 698
156 721
156 726
156 732
156 77
156 811
157 311
157 327
157 328
157 415
157 434
157 463
157 472
157 521
157 697
157 703
164 255
164 355
164 367
164 545
164 587
164 651
164 688
164 725
164 768
164 86
193 196
193 234
193 255
193 415
193 457
193 726
193 741
193 742
193 746
193 749
196 388
196 404
196 574
196 663
196 664
196 719
196 749
196 768
196 9
201 77
202 490
204 331
204 414
204 418
204 47
204 503
204 671
204 709
204 774
204 86
207 630
228 231
228 651
229 231
229 30
229 328
229 367
229 419
229 428
229 497
229 498
229 521
229 671
229 716
231 30
231 327
231 419
231 497
231 498
231 671
231 700
231 716
231 772
234 235
234 392
234 415
234 490
234 67
234 688
234 742
234 746
234 749
235 257
235 334
235 365
235 366
235 430
235 648
235 694
235 736
235 8
235 811
255 257
255 37
255 415
255 457
255 490
255 732
255 742
255 746
255 749
257 31
257 334
257 365
257 37
257 430
257 498
257 648
257 66
257 694
257 736
261 754
27 328
27 365
277 295
277 366
277 416
277 466
277 472
277 626
277 630
277 657
277 66
277 731
277 796
277 96
28 29
28 365
28 509
28 528
28 529
28 587
28 657
28 674
28 690
28 754
28 756
288 328
288 404
288 430
288 529
288 574
288 624
288 663
288 664
288 704
288 718
288 719
29 501
29 528
29 529
29 559
29 657
29 674
29 732
29 756
2915 768
294 334
295 366
295 465
295 466
295 472
295 630
295 66
295 731
295 754
295 756
295 96
299 311
30 419
30 434
30 497
30 498
30 521
30 664
30 671
30 695
30 716
30 725
301 306
301 312
301 416
301 509
301 518
301 539
301 559
301 587
301 630
301 796
305 700
306 312
306 334
306 416
306 418
306 428
306 483
306 518
306 559
306 796
31 365
31 37
31 430
31 433
31 498
31 648
31 657
31 669
31 736
31 8
311 312
311 327
311 328
311 434
311 463
311 51
311 521
311 697
311 698
311 725
312 418
312 428
312 47
312 504
312 509
312 518
312 559
312 796
315 9
327 328
327 388
327 434
327 463
327 497
327 522
327 697
327 700
328 366
328 434
328 463
328 522
328 700
328 703
331 414
331 416
331 5
331 503
331 519
331 654
331 71
331 726
331 774
331 86
334 367
334 37
334 430
334 433
334 648
334 694
334 736
365 37
365 415
365 430
365 433
365 497
365 694
365 736
365 8
366 466
366 472
366 497
366 630
366 66
366 731
366 96
367 457
367 528
367 545
367 587
367 651
367 688
367 768
37 430
37 433
37 47
37 648
37 772
37 8
380 463
388 404
388 663
388 664
388 704
388 718
388 742
388 786
388 9
392 457
392 490
392 67
392 690
392 726
392 742
392 746
392 749
392 768
400 725
402 664
404 433
404 5
404 664
404 693
404 694
404 704
404 719
404 9
414 5
414 503
414 518
414 519
414 690
414 71
414 86
415 457
415 651
415 690
415 742
415 746
415 749
416 418
416 428
416 509
416 513
416 518
416 539
416 559
418 428
418 463
418 503
418 509
418 513
418 518
418 539
418 796
419 490
419 497
419 498
419 5
419 671
419 716
419 736
419 8
428 518
428 539
428 559
428 719
428 746
428 796
430 433
430 454
430 718
430 8
433 694
433 736
433 8
433 811
434 463
434 473
434 51
434 521
434 648
434 703
434 716
440 521
441 529
457 490
457 67
457 732
457 742
457 746
457 796
463 51
463 522
463 545
463 700
463 749
465 466
465 473
465 626
465 698
465 721
465 731
465 732
465 77
465 811
466 472
466 630
466 66
466 731
466 754
466 96
47 5
47 503
47 519
47 67
47 709
47 71
47 774
472 473
472 630
472 66
472 704
472 731
472 96
473 626
473 698
473 704
473 721
473 732
473 77
473 811
490 651
490 664
490 67
490 742
490 749
497 498
497 671
497 716
497 719
498 508
498 671
498 716
498 811
5 503
5 519
5 559
5 71
5 725
5 86
503 509
503 692
503 709
503 774
508 671
509 518
509 519
509 539
509 559
509 796
51 521
51 522
51 625
51 663
51 697
51 700
51 703
51 725
513 545
513 559
513 657
513 674
513 688
513 694
513 726
513 756
513 77
518 539
518 626
518 703
519 545
519 709
519 71
519 742
519 86
521 522
521 697
521 700
521 703
522 529
522 697
522 698
522 700
522 703
522 719
528 529
528 550
528 66
528 674
528 754
528 756
529 657
529 674
529 754
529 756
529 96
539 559
539 651
539 796
545 587
545 651
545 688
545 768
545 817
550 66
559 796
574 663
574 703
574 704
574 718
574 719
574 726
574 9
575 736
587 651
587 688
587 726
587 739
587 768
587 86
624 700
626 630
626 698
626 721
626 732
626 77
626 811
630 66
630 731
630 96
648 694
648 716
648 736
648 8
651 688
651 768
655 718
657 674
657 754
657 756
657 96
659 774
66 67
66 71
66 731
66 96
663 697
663 698
663 704
663 718
663 719
663 9
664 718
664 719
664 8
664 9
67 725
67 742
67 746
67 749
67 77
670 697
671 703
671 716
674 726
674 754
688 746
688 768
688 86
690 709
690 71
690 726
690 746
690 774
690 796
694 736
694 8
694 9
697 700
697 703
698 721
698 725
698 732
698 77
698 811
699 704
700 703
704 709
704 718
704 719
704 9
709 71
709 771
709 774
709 86
709 96
71 774
71 796
71 86
716 9
716 90
718 719
718 726
719 96
721 725
721 726
721 732
721 756
721 77
721 811
725 726
731 732
731 8
731 96
732 77
732 811
736 749
742 746
742 768
746 774
754 756
758 96
77 811
774 86
