1004 157
102 28
102 630
1068 255
107 110
107 157
107 29
107 509
107 518
107 528
107 529
107 550
107 657
107 674
107 754
107 756
108 466
1092 388
110 157
110 28
110 29
110 463
110 466
110 472
110 529
110 657
110 674
110 732
110 742
110 756
128 164
128 231
128 288
128 367
128 404
128 5
128 539
128 587
128 648
128 651
128 663
128 690
129 204
129 400
129 414
129 418
129 465
129 469
129 47
129 490
129 503
129 519
129 709
129 774
1320 749
140 164
140 288
140 301
140 367
140 404
140 414
140 457
140 508
140 559
140 587
140 651
140 663
140 690
141 147
147 234
147 255
147 257
147 392
147 490
147 647
147 648
147 67
147 688
147 746
147 749
147 768
149 648
153 721
156 157
156 277
156 466
156 473
156 630
156 66
156 704
156 719
156 721
156 731
156 754
156 8
156 811
156 90
157 28
157 29
157 48
157 528
157 529
157 657
157 732
157 756
164 367
164 392
164 404
164 418
164 587
164 651
164 663
164 690
164 711
164 86
17 430
180 726
193 234
193 255
193 404
193 415
193 457
193 489
193 490
193 545
193 697
193 716
193 726
193 742
193 746
193 749
196 229
196 231
196 388
196 419
196 457
196 490
196 519
196 523
196 664
196 718
196 719
196 742
196 9
2 472
201 503
201 626
202 367
204 290
204 47
204 503
204 519
204 539
204 587
204 709
204 71
204 725
204 774
204 86
207 528
207 709
228 518
229 231
229 37
229 388
229 415
229 419
229 472
229 574
229 651
229 664
229 718
229 9
231 366
231 367
231 388
231 392
231 419
231 61
231 664
231 704
231 9
234 235
234 295
234 392
234 415
234 466
234 490
234 545
234 61
234 67
234 688
234 749
235 253
235 257
235 31
235 334
235 365
235 415
235 434
235 518
235 648
235 694
235 709
235 736
236 690
244 365
254 30
254 315
254 498
254 625
254 646
254 670
254 671
254 693
254 716
254 768
254 772
254 8
255 257
255 415
255 433
255 457
255 545
255 6
255 688
255 742
255 746
255 77
257 27
257 334
257 365
257 37
257 416
257 434
257 497
257 648
257 694
257 736
261 498
2678 30
277 465
277 466
277 528
277 626
277 630
277 657
277 725
277 726
277 731
277 811
277 96
28 29
28 513
28 528
28 657
28 674
28 700
28 732
28 754
28 756
28 796
288 367
288 404
288 539
288 574
288 587
288 651
288 663
288 665
288 690
288 706
288 77
29 465
29 501
29 529
29 657
29 67
29 706
29 732
29 754
29 756
2915 51
294 756
294 77
295 30
295 433
295 472
295 497
295 503
295 523
295 670
295 690
295 754
295 811
295 96
299 47
30 37
30 404
30 434
30 498
30 503
30 646
30 670
30 671
30 716
30 772
301 306
301 414
301 416
301 463
301 509
301 518
301 539
301 559
301 659
301 756
301 796
305 306
305 559
306 416
306 418
306 428
306 434
306 518
306 539
306 559
306 71
306 726
306 796
31 327
31 365
31 37
31 430
31 433
31 587
31 625
31 648
31 664
31 671
31 697
31 8
311 312
311 327
311 328
311 504
311 51
311 521
311 522
311 698
311 700
311 703
311 719
311 768
312 416
312 418
312 428
312 463
312 503
312 509
312 518
312 559
312 669
312 774
312 796
314 718
317 5
327 328
327 400
327 418
327 493
327 51
327 521
327 522
327 671
327 698
327 700
327 703
327 768
328 366
328 51
328 521
328 522
328 574
328 650
328 698
328 700
328 703
328 768
331 355
331 365
331 414
331 47
331 5
331 503
331 519
331 539
331 646
331 71
331 774
331 86
334 367
334 414
334 430
334 434
334 648
334 694
334 7
334 736
334 772
334 8
346 366
346 521
365 37
365 430
365 433
365 697
365 698
365 8
365 9
366 490
366 497
366 574
366 664
366 704
366 706
366 718
366 719
366 725
367 404
367 415
367 519
367 587
367 651
367 690
37 430
37 433
37 434
37 694
37 697
37 754
37 769
37 8
380 400
380 509
388 392
388 414
388 419
388 519
388 574
388 664
388 706
388 719
388 742
388 9
392 490
392 523
392 67
392 688
392 742
392 746
392 749
392 768
400 414
400 5
400 503
400 519
400 71
400 736
400 774
400 796
400 86
402 651
404 419
404 651
404 663
404 690
404 695
414 47
414 5
414 519
414 71
414 86
415 457
415 545
415 632
415 651
415 742
415 746
415 749
416 418
416 428
416 463
416 509
416 513
416 518
416 559
416 651
416 774
416 817
418 428
418 463
418 5
418 509
418 513
418 518
418 539
418 742
419 457
419 497
419 664
419 704
419 726
419 769
419 77
419 9
428 463
428 465
428 472
428 509
428 539
428 630
428 688
428 771
428 796
43 519
43 694
43 736
430 433
430 521
430 574
430 648
430 697
430 71
430 716
430 8
433 434
433 654
433 697
433 703
433 716
433 736
433 8
434 454
434 648
434 694
434 697
434 709
434 736
440 663
446 725
446 772
454 71
457 490
457 523
457 545
457 648
457 67
457 742
457 746
463 509
463 539
463 559
463 648
463 649
463 664
463 811
465 466
465 473
465 626
465 630
465 721
465 731
465 771
465 96
466 626
466 630
466 66
466 721
466 77
466 96
47 497
47 5
47 503
47 709
47 725
47 746
47 774
472 473
472 574
472 626
472 67
472 671
472 703
472 704
473 545
473 626
473 66
473 704
473 706
473 721
473 731
473 811
473 96
483 529
483 671
483 774
485 587
490 575
490 67
490 688
490 749
497 519
497 574
497 664
497 704
497 706
497 718
497 719
498 51
498 522
498 646
498 670
498 671
498 716
498 718
498 749
498 772
5 503
5 519
5 671
5 709
5 71
502 811
503 559
503 709
503 71
503 731
503 774
508 9
509 518
509 688
509 774
509 796
51 521
51 522
51 698
51 700
51 703
51 768
51 86
513 522
513 545
513 559
513 587
513 657
513 674
513 690
513 721
513 726
513 77
518 539
518 559
518 626
518 796
518 86
519 71
519 86
521 522
521 674
521 698
521 700
521 703
521 706
521 768
522 698
522 700
522 703
522 719
522 768
523 545
528 529
528 626
528 657
528 66
528 674
528 732
528 754
528 756
529 674
529 694
529 703
529 732
529 746
529 754
529 756
529 796
539 559
539 688
539 796
545 663
545 688
545 71
545 726
545 742
545 746
553 670
559 796
574 697
574 704
574 706
574 718
574 719
574 9
587 651
587 663
587 690
587 96
624 697
626 630
626 66
626 721
626 86
626 96
630 674
630 726
630 731
630 811
630 96
632 716
646 667
646 670
646 671
646 694
646 716
646 718
646 726
646 772
648 694
648 736
651 663
655 698
657 67
657 674
657 731
657 732
657 754
657 96
66 664
66 695
66 721
66 731
66 756
66 77
66 811
66 96
663 690
663 697
663 698
663 700
664 670
664 9
667 754
67 688
67 725
67 739
67 742
67 749
670 671
670 700
670 716
670 772
670 811
671 716
671 718
671 772
674 725
674 732
674 754
674 756
676 700
683 86
688 718
688 748
688 749
690 725
692 796
693 8
694 736
694 772
694 8
697 704
697 736
697 8
698 700
698 703
698 768
700 703
700 768
703 768
703 77
704 706
704 718
704 719
706 718
706 719
706 9
709 71
709 726
709 774
709 86
71 719
71 86
716 772
716 9
718 719
721 725
721 726
721 731
721 811
725 726
725 749
725 772
726 772
731 732
731 758
731 77
731 811
731 96
732 754
732 758
732 77
736 749
736 9
741 746
742 746
742 769
742 8
746 77
754 756
756 77
768 786
77 796
774 86
811 96
90 96
