1004 277
1004 772
102 465
1068 749
107 110
107 207
107 28
107 29
107 392
107 428
107 528
107 529
107 657
107 674
107 732
107 754
107 756
108 66
108 96
1092 490
1092 86
110 28
110 29
110 327
110 528
110 529
110 626
110 657
110 674
110 690
110 694
110 754
110 756
128 196
128 288
128 388
128 404
128 415
128 574
128 587
128 625
128 664
128 703
128 718
128 86
128 9
129 17
129 204
129 29
129 416
129 47
129 5
129 503
129 519
129 67
129 709
129 71
129 774
129 86
140 164
140 301
140 367
140 414
140 528
140 545
140 587
140 651
140 654
140 688
140 768
140 96
141 457
147 149
147 234
147 255
147 334
147 392
147 415
147 419
147 490
147 648
147 67
147 698
147 746
147 749
149 331
156 157
156 295
156 465
156 466
156 473
156 626
156 698
156 721
156 732
156 758
156 77
156 811
157 311
157 327
157 328
157 434
157 463
157 521
157 697
157 703
157 709
157 768
157 811
164 367
164 457
164 51
164 513
164 519
164 545
164 572
164 587
164 651
164 688
164 768
17 664
178 418
180 726
193 255
193 328
193 392
193 415
193 457
193 489
193 490
193 575
193 725
193 742
193 746
193 749
196 27
196 288
196 388
196 404
196 457
196 574
196 663
196 664
196 719
196 742
196 768
196 9
201 539
202 306
202 334
204 31
204 331
204 418
204 47
204 5
204 503
204 509
204 690
204 709
204 725
204 774
228 415
229 231
229 30
229 419
229 463
229 497
229 498
229 648
229 671
229 716
229 772
229 811
229 9
231 235
231 30
231 419
231 497
231 498
231 587
231 671
231 709
231 716
231 772
231 8
234 235
234 255
234 315
234 392
234 415
234 457
234 490
234 651
234 67
234 749
234 77
235 257
235 31
235 334
235 365
235 418
235 430
235 48
235 648
235 694
235 716
235 736
235 8
244 37
244 434
253 457
255 257
255 315
255 415
255 430
255 457
255 736
255 742
255 746
255 749
257 277
257 28
257 31
257 334
257 365
257 37
257 521
257 648
257 692
257 694
257 697
257 736
261 521
277 295
277 366
277 465
277 466
277 472
277 630
277 66
277 726
277 731
277 754
277 796
277 96
28 29
28 294
28 498
28 528
28 529
28 657
28 674
28 754
28 756
283 774
288 404
288 430
288 508
288 521
288 574
288 663
288 664
288 700
288 704
288 718
288 719
288 721
29 312
29 463
29 501
29 528
29 529
29 657
29 674
29 754
29 756
290 587
2915 651
2915 796
294 522
295 366
295 466
295 472
295 503
295 626
295 630
295 66
295 71
295 731
295 756
295 96
299 301
30 312
30 367
30 419
30 432
30 463
30 497
30 498
30 671
30 716
30 772
301 306
301 416
301 418
301 428
301 434
301 509
301 518
301 539
301 559
301 657
301 96
305 367
306 312
306 418
306 5
306 509
306 518
306 539
306 559
306 746
306 774
306 796
31 365
31 37
31 430
31 433
31 434
31 648
31 669
31 697
31 716
31 8
311 312
311 327
311 328
311 331
311 428
311 434
311 463
311 493
311 51
311 521
311 697
311 725
312 416
312 418
312 428
312 504
312 509
312 518
312 539
312 796
314 430
317 392
327 328
327 400
327 434
327 463
327 522
327 671
327 692
327 697
327 700
328 434
328 463
328 502
328 522
328 664
328 700
328 703
328 704
328 742
331 414
331 5
331 51
331 519
331 67
331 690
331 71
331 774
331 86
334 367
334 37
334 414
334 430
334 498
334 648
334 694
334 736
334 8
355 768
365 366
365 37
365 430
365 433
365 518
365 671
365 718
365 736
365 756
365 8
366 37
366 466
366 472
366 483
366 630
366 66
366 726
366 731
366 96
367 545
367 587
367 651
367 664
367 688
367 732
367 768
37 430
37 433
37 47
37 694
37 768
37 8
380 688
388 404
388 519
388 659
388 663
388 664
388 704
388 71
388 718
388 742
388 768
388 9
392 419
392 490
392 587
392 67
392 742
392 746
392 749
402 718
404 419
404 433
404 664
404 694
404 695
404 704
404 719
404 9
414 503
414 509
414 519
414 66
414 690
414 709
414 71
414 774
414 86
415 457
415 522
415 651
415 742
415 746
415 749
415 796
416 418
416 428
416 440
416 509
416 513
416 539
416 559
416 774
416 796
418 513
418 518
418 539
418 559
418 774
418 796
419 430
419 497
419 498
419 664
419 671
419 716
419 772
428 509
428 518
428 539
428 559
428 649
428 688
428 721
428 796
430 433
430 736
430 8
433 501
433 648
433 655
433 694
433 736
433 8
433 9
434 463
434 466
434 51
434 521
434 703
434 71
434 726
446 5
454 490
457 490
457 545
457 67
457 742
457 746
463 51
463 522
463 671
463 700
463 703
463 742
465 466
465 473
465 528
465 626
465 698
465 721
465 732
465 77
465 811
466 472
466 513
466 630
466 66
466 663
466 731
466 96
469 47
47 497
47 503
47 519
47 587
47 690
47 709
47 71
47 725
47 774
472 473
472 518
472 553
472 626
472 630
472 66
472 704
472 731
472 96
473 626
473 697
473 698
473 700
473 719
473 721
473 732
473 77
473 811
48 651
483 721
490 545
490 648
490 67
490 742
490 749
494 700
497 498
497 519
497 671
497 716
497 725
497 772
497 8
498 671
498 699
498 703
498 716
498 772
5 503
5 519
5 539
5 688
5 690
5 71
5 86
500 67
503 519
503 559
503 709
503 771
503 774
503 796
508 51
509 539
509 559
509 688
509 711
509 796
51 521
51 522
51 697
51 700
51 703
51 749
513 545
513 559
513 657
513 67
513 674
513 726
513 754
513 756
518 539
518 559
518 657
518 709
518 726
518 796
519 690
519 694
519 71
519 86
519 90
521 522
521 574
521 697
521 700
521 703
522 674
522 697
522 700
522 703
522 719
522 768
522 77
528 529
528 550
528 657
528 674
528 754
528 756
528 77
529 559
529 657
529 66
529 674
529 732
529 754
529 756
539 688
539 690
545 587
545 651
545 688
545 726
545 768
545 817
545 86
559 709
559 796
574 663
574 700
574 704
574 718
574 719
574 726
574 736
574 9
587 651
587 688
587 699
587 725
587 768
624 719
626 667
626 698
626 721
626 732
626 77
626 811
630 657
630 66
630 674
630 731
630 732
630 90
630 96
647 648
648 694
648 736
648 8
651 688
651 768
651 772
657 67
657 674
657 754
657 756
66 71
66 719
66 731
66 96
663 676
663 698
663 704
663 718
663 719
663 726
663 754
663 9
664 718
664 719
664 746
664 9
665 671
667 731
67 742
67 746
67 749
670 698
671 716
671 772
674 749
674 754
674 756
688 768
690 709
690 725
690 726
690 739
690 86
693 8
694 736
694 742
694 772
694 796
694 8
697 700
697 703
697 731
697 9
698 721
698 732
698 746
698 77
698 811
700 703
700 746
703 704
703 811
704 718
704 719
704 86
704 9
709 71
709 774
71 716
71 719
71 86
716 772
716 9
718 719
718 725
718 77
721 725
721 726
721 732
721 77
721 811
725 726
725 736
725 741
726 749
726 772
731 732
731 77
731 96
732 77
732 811
736 769
742 746
742 8
746 786
754 756
758 811
77 811
774 86
796 96
811 96
