1004 719
102 674
1068 193
107 29
107 466
107 528
107 657
107 754
108 107
108 630
1092 5
110 107
110 28
110 327
110 529
110 703
110 756
128 257
128 288
128 327
128 388
128 404
128 718
128 86
129 204
129 503
129 509
129 690
129 709
129 726
129 742
1320 147
1320 749
140 164
140 367
140 490
140 742
140 768
140 96
141 29
147 234
147 37
147 457
147 463
147 651
147 67
147 749
149 768
153 688
156 157
156 414
156 466
156 626
156 721
156 732
156 811
157 107
157 156
157 328
157 434
157 463
157 522
164 367
164 418
164 587
164 651
164 688
164 690
164 86
17 430
193 255
193 392
193 726
193 742
193 749
196 128
196 334
196 392
196 457
196 574
196 664
196 742
196 9
201 312
202 367
204 414
204 47
204 518
204 736
204 746
204 774
204 86
207 466
228 415
229 30
229 416
229 419
229 498
229 651
229 703
229 772
229 9
231 229
231 392
231 497
231 545
231 671
231 697
231 709
231 716
234 392
234 415
234 490
234 522
234 648
234 742
234 746
235 234
235 257
235 522
235 694
235 736
235 8
244 648
253 726
254 8
255 147
255 257
255 328
255 457
255 721
255 742
255 749
257 128
257 157
257 235
257 334
257 37
257 416
257 430
257 648
261 366
2678 704
27 235
270 129
277 157
277 472
277 66
277 725
277 731
277 96
28 107
28 29
28 528
28 657
28 756
28 796
288 110
288 404
288 574
288 663
288 664
288 700
29 110
29 521
29 529
29 674
29 709
29 754
2915 519
294 257
294 731
295 156
295 277
295 366
295 463
295 731
295 774
295 96
299 509
30 231
30 306
30 37
30 497
30 671
30 716
30 726
301 416
301 418
301 434
301 509
301 51
301 539
301 96
305 140
306 301
306 518
306 539
306 559
306 772
306 796
31 257
31 37
31 430
31 498
31 648
31 697
311 157
311 312
311 327
311 522
311 703
312 29
312 306
312 418
312 428
312 434
312 509
312 648
315 433
317 742
327 157
327 311
327 328
327 434
327 497
327 51
327 688
328 311
328 434
328 463
328 51
328 664
331 414
331 539
331 67
331 709
331 71
331 774
334 196
334 235
334 367
334 430
334 433
334 694
355 47
365 235
365 31
365 37
365 457
365 736
366 261
366 277
366 472
366 630
366 66
366 697
367 30
367 528
367 545
367 587
367 664
367 688
37 334
37 430
37 433
37 648
37 8
380 688
388 196
388 518
388 663
388 664
388 71
388 9
392 147
392 196
392 415
392 67
392 726
392 746
392 768
400 418
402 365
402 434
404 196
404 367
404 388
404 430
404 704
404 9
414 129
414 140
414 235
414 434
414 5
414 503
414 71
414 86
415 147
415 193
415 255
415 513
415 518
415 545
415 746
416 229
416 257
416 312
416 418
416 509
416 539
418 306
418 513
418 518
418 539
418 559
419 231
419 255
419 30
419 404
419 671
419 772
428 301
428 416
428 419
428 559
428 796
43 419
43 796
430 235
430 288
430 365
430 433
430 8
433 31
433 365
433 694
433 700
433 718
433 8
434 301
434 311
434 312
434 328
434 463
434 697
434 700
440 754
446 392
454 331
457 193
457 234
457 365
457 415
457 587
457 694
457 746
463 147
463 311
463 327
463 521
463 522
463 697
463 756
465 156
465 277
465 295
465 626
465 732
465 768
465 77
466 277
466 295
466 366
466 465
466 77
466 96
469 545
47 129
47 312
47 331
47 559
47 709
47 719
47 86
472 295
472 328
472 466
472 704
472 731
472 96
473 156
473 465
473 472
473 529
473 721
473 77
48 277
48 334
483 626
483 774
485 587
490 128
490 147
490 196
490 255
490 392
490 457
490 768
493 328
494 295
494 503
497 147
497 229
497 419
497 498
497 725
497 772
498 231
498 30
498 31
498 365
498 37
498 419
498 772
5 306
5 331
5 334
5 47
5 519
5 690
501 28
502 416
503 204
503 301
503 311
503 414
503 428
503 47
503 5
503 774
503 96
504 311
508 721
509 301
509 306
509 428
509 539
509 574
509 736
509 796
51 157
51 301
51 521
51 574
51 698
51 700
51 703
513 415
513 416
513 657
513 67
513 725
513 726
518 301
518 312
518 428
518 703
518 796
519 204
519 331
519 388
519 414
519 518
519 690
519 716
521 29
521 327
521 328
521 671
521 700
521 703
522 140
522 235
522 434
522 463
522 51
522 521
522 697
522 703
528 110
528 29
528 66
528 674
528 698
528 756
529 107
529 28
529 528
529 657
529 694
529 754
539 306
539 312
539 428
539 518
539 657
539 8
545 140
545 164
545 513
545 651
545 688
545 732
550 28
550 529
553 664
559 301
559 416
559 509
559 513
559 518
572 86
574 128
574 497
574 704
574 718
574 719
575 746
587 140
587 231
587 545
587 651
587 725
587 768
624 51
625 234
626 434
626 472
626 473
626 698
626 726
626 77
626 811
630 277
630 295
630 466
630 472
630 732
630 796
630 8
647 255
648 147
648 234
648 235
648 312
648 334
648 37
648 736
649 463
650 128
650 428
651 140
651 147
651 235
651 367
651 415
651 768
654 47
655 498
655 718
657 110
657 277
657 29
657 428
657 528
657 539
657 674
657 754
659 301
66 295
66 466
66 472
66 630
66 732
66 742
66 811
663 128
663 196
663 574
663 700
663 704
663 718
663 725
663 726
664 128
664 366
664 367
664 404
664 648
664 718
664 719
667 630
667 811
669 327
67 193
67 234
67 490
67 688
67 749
670 288
671 229
671 257
671 433
671 497
671 498
671 519
671 716
674 107
674 110
674 28
674 513
674 529
674 756
676 697
683 651
688 140
688 327
688 5
688 587
688 651
688 756
688 768
690 331
690 414
690 503
690 539
690 725
690 86
692 31
692 698
693 37
694 257
694 365
694 404
694 457
694 648
694 736
695 694
697 31
697 328
697 51
697 521
697 703
698 156
698 465
698 473
698 528
698 663
698 732
699 164
700 157
700 311
700 433
700 473
700 51
700 522
700 697
703 327
703 463
703 518
703 522
703 574
703 700
704 288
704 31
704 388
704 473
704 719
704 77
704 9
709 204
709 231
709 503
709 519
709 559
709 66
709 774
71 129
71 418
71 519
71 690
71 709
71 716
71 719
711 306
716 229
716 419
716 497
716 498
716 519
716 521
716 648
716 9
718 288
718 388
718 587
718 704
718 719
719 196
719 277
719 288
719 404
719 47
719 513
719 521
719 663
721 255
721 465
721 522
721 626
721 698
721 725
721 811
725 193
725 204
725 331
725 513
725 587
725 663
725 718
725 726
726 196
726 366
726 392
726 513
726 626
726 721
726 725
726 749
731 366
731 466
731 522
731 626
731 630
731 66
732 311
732 473
732 513
732 626
732 66
732 721
732 8
732 811
736 164
736 257
736 31
736 334
736 433
739 690
741 725
741 746
742 140
742 234
742 415
742 457
742 490
742 66
742 67
746 193
746 255
746 657
746 67
746 742
749 234
749 392
749 490
749 674
749 736
749 742
754 110
754 28
754 521
754 528
754 663
754 674
756 107
756 29
756 463
756 529
756 657
756 754
756 77
758 67
758 700
768 164
768 365
768 367
768 388
768 490
768 545
769 490
77 156
77 234
77 698
77 704
77 721
77 731
77 732
771 559
772 231
772 30
772 334
772 463
772 651
772 671
772 716
774 129
774 416
774 47
774 5
774 513
774 71
786 457
796 312
796 416
796 418
796 465
796 559
8 193
8 31
8 365
8 648
8 694
8 732
811 465
811 473
811 698
811 703
811 709
811 77
817 539
86 164
86 5
86 503
86 51
86 519
86 71
9 128
9 430
9 574
9 663
9 664
9 694
90 96
96 366
96 433
96 503
96 630
96 66
96 731
