1004 366
102 473
102 96
1068 651
107 110
107 156
107 28
107 29
107 366
107 528
107 529
107 657
107 674
107 694
107 721
107 754
107 756
108 630
1092 430
1092 519
110 28
110 29
110 513
110 528
110 529
110 657
110 674
110 732
110 754
110 756
110 77
127 774
128 196
128 388
128 404
128 430
128 490
128 651
128 663
128 664
128 671
128 703
128 704
128 719
128 9
129 147
129 204
129 328
129 331
129 414
129 47
129 493
129 5
129 503
129 559
129 709
129 725
129 774
140 164
140 367
140 388
140 414
140 528
140 545
140 587
140 626
140 651
140 654
140 664
140 688
140 768
141 796
147 193
147 234
147 244
147 255
147 37
147 392
147 490
147 498
147 648
147 67
147 742
147 749
156 157
156 253
156 288
156 465
156 473
156 626
156 698
156 721
156 732
156 77
156 811
157 234
157 28
157 311
157 327
157 328
157 414
157 434
157 463
157 51
157 522
157 700
157 8
164 193
164 367
164 380
164 5
164 545
164 587
164 651
164 688
164 690
164 746
164 749
164 768
17 9
178 331
180 726
193 234
193 255
193 415
193 457
193 509
193 513
193 726
193 742
193 746
193 749
196 288
196 388
196 404
196 457
196 490
196 66
196 664
196 704
196 718
196 742
196 768
196 9
201 559
202 334
204 290
204 418
204 47
204 503
204 509
204 519
204 545
204 709
204 71
204 736
204 774
207 77
229 231
229 235
229 30
229 334
229 404
229 419
229 428
229 497
229 498
229 521
229 651
229 671
229 716
231 30
231 31
231 328
231 392
231 415
231 419
231 497
231 498
231 539
231 671
231 716
234 235
234 334
234 392
234 415
234 490
234 539
234 67
234 742
234 749
234 8
234 9
235 257
235 312
235 334
235 365
235 37
235 433
235 648
235 694
235 716
235 736
235 772
255 257
255 392
255 415
255 457
255 513
255 625
255 67
255 725
255 742
255 746
255 96
257 334
257 37
257 433
257 521
257 648
257 694
257 716
257 736
257 768
257 769
257 8
261 498
261 545
2678 472
27 418
277 295
277 366
277 465
277 466
277 472
277 48
277 502
277 630
277 66
277 731
277 756
277 96
28 29
28 528
28 529
28 626
28 630
28 657
28 674
28 703
28 754
28 756
288 388
288 529
288 574
288 663
288 698
288 699
288 704
288 718
288 719
288 8
288 9
29 473
29 501
29 528
29 529
29 657
29 674
29 754
29 756
29 77
2915 490
294 528
295 366
295 466
295 472
295 503
295 630
295 657
295 66
295 731
295 754
295 90
295 96
299 434
30 404
30 419
30 497
30 498
30 663
30 664
30 671
30 694
30 703
30 716
301 306
301 312
301 418
301 428
301 434
301 47
301 509
301 518
301 539
301 688
301 771
301 796
305 306
306 312
306 416
306 428
306 47
306 5
306 509
306 521
306 539
306 559
306 774
306 796
31 334
31 365
31 37
31 430
31 433
31 497
31 648
31 693
31 694
31 716
31 8
311 312
311 327
311 328
311 331
311 434
311 463
311 504
311 522
311 700
311 703
311 709
312 416
312 428
312 503
312 509
312 539
312 559
312 688
312 774
312 796
315 404
317 457
327 328
327 37
327 434
327 463
327 51
327 521
327 630
327 669
327 703
327 96
328 434
328 463
328 51
328 521
328 655
328 697
328 709
331 334
331 414
331 5
331 503
331 518
331 519
331 690
331 71
331 86
334 365
334 367
334 430
334 648
334 694
334 736
355 709
365 366
365 37
365 419
365 430
365 433
365 648
365 694
365 718
365 742
365 8
366 433
366 466
366 472
366 630
366 66
366 731
366 96
367 419
367 454
367 490
367 545
367 587
367 651
367 688
367 732
367 742
367 768
37 430
37 433
37 472
37 651
37 692
37 736
37 796
37 8
388 404
388 415
388 469
388 574
388 664
388 719
388 768
388 9
392 457
392 490
392 528
392 587
392 67
392 739
392 746
392 749
392 768
400 67
402 671
404 419
404 433
404 574
404 663
404 664
404 718
404 9
414 428
414 47
414 5
414 519
414 688
414 690
414 71
414 736
414 86
415 457
415 490
415 522
415 67
415 697
415 742
415 746
416 418
416 509
416 513
416 518
416 539
416 545
416 559
416 67
416 71
416 796
416 9
418 428
418 509
418 513
418 518
418 529
418 539
418 559
418 796
419 497
419 498
419 671
419 716
419 746
419 772
428 493
428 509
428 518
428 559
428 71
428 796
430 433
430 648
430 694
430 718
430 768
430 8
430 9
433 434
433 508
433 736
433 8
434 463
434 522
434 697
434 700
434 774
440 697
457 490
457 648
457 651
457 742
457 746
457 749
463 466
463 47
463 521
463 657
463 697
463 703
463 749
465 466
465 473
465 626
465 698
465 721
465 731
465 732
465 77
465 796
465 811
466 472
466 473
466 483
466 509
466 630
466 66
466 731
466 96
47 503
47 709
47 726
47 772
47 774
47 86
472 473
472 630
472 655
472 66
472 704
472 731
472 96
473 626
473 698
473 704
473 721
473 732
473 77
473 811
483 574
485 587
490 67
490 746
490 749
497 498
497 522
497 663
497 671
497 716
497 726
497 772
498 671
498 697
498 716
498 719
498 8
5 518
5 519
5 690
5 71
5 725
5 774
5 86
500 509
503 659
503 690
503 709
503 726
503 774
503 796
508 700
509 518
509 559
51 521
51 522
51 574
51 670
51 697
51 698
51 700
51 703
51 86
513 518
513 539
513 559
513 657
513 67
513 674
513 721
513 726
518 539
518 559
518 756
518 796
518 817
519 671
519 690
519 709
519 71
519 742
519 811
519 86
521 522
521 624
521 697
521 700
521 703
521 716
522 697
522 700
522 703
522 719
522 731
528 529
528 657
528 674
528 732
528 754
528 756
529 651
529 657
529 674
529 754
529 756
529 96
539 559
539 690
539 697
539 796
539 86
545 587
545 651
545 688
545 726
545 746
545 768
550 626
559 709
572 725
574 663
574 664
574 700
574 703
574 704
574 718
574 719
575 736
587 651
587 688
587 725
587 726
587 768
587 86
626 698
626 721
626 732
626 754
626 77
626 811
630 66
630 674
630 731
630 96
647 648
647 721
648 671
648 694
648 736
651 688
651 768
655 718
657 674
657 703
657 754
657 756
66 664
66 731
66 756
66 758
66 811
66 96
663 664
663 698
663 700
663 704
663 718
663 719
664 694
664 695
664 704
664 9
67 71
67 725
67 742
67 749
671 694
671 716
674 698
674 754
674 756
688 756
688 768
688 86
690 71
690 725
690 726
690 774
690 86
694 736
694 8
697 700
697 703
697 96
698 703
698 721
698 732
698 77
698 811
699 704
700 703
700 704
700 8
704 718
704 719
709 71
709 774
709 86
71 772
71 86
716 772
718 719
718 725
718 9
719 725
719 77
719 9
721 725
721 726
721 732
721 77
721 811
725 726
725 749
726 732
726 749
731 732
731 811
731 96
732 77
732 811
736 749
736 8
742 746
742 786
746 749
746 811
754 756
754 796
768 774
769 8
77 811
