1004 719
102 156
107 110
107 156
107 28
107 29
107 392
107 415
107 416
107 528
107 529
107 657
107 674
107 754
107 756
108 630
1092 255
110 28
110 29
110 528
110 529
110 657
110 674
110 694
110 754
110 756
110 77
110 96
128 196
128 388
128 404
128 415
128 647
128 651
128 663
128 664
128 67
128 704
128 719
128 9
129 201
129 204
129 229
129 257
129 306
129 47
129 503
129 519
129 559
129 690
129 709
129 774
129 86
140 164
140 202
140 277
140 367
140 388
140 414
140 5
140 522
140 545
140 587
140 651
140 688
140 768
140 774
141 147
141 235
147 193
147 234
147 255
147 392
147 490
147 647
147 648
147 67
147 746
147 749
147 8
149 539
156 157
156 288
156 465
156 473
156 626
156 698
156 721
156 732
156 77
156 811
156 96
157 207
157 234
157 311
157 327
157 328
157 434
157 463
157 521
157 697
157 703
157 768
164 283
164 367
164 457
164 51
164 545
164 587
164 651
164 688
164 690
164 746
164 768
17 472
17 716
178 331
180 392
193 255
193 317
193 415
193 457
193 490
193 509
193 726
193 736
193 742
193 746
193 749
196 288
196 388
196 404
196 490
196 664
196 704
196 718
196 719
196 742
196 746
196 768
196 9
201 301
202 772
204 305
204 392
204 416
204 47
204 5
204 503
204 690
204 709
204 71
204 725
204 774
207 700
229 231
229 30
229 416
229 419
229 428
229 497
229 498
229 671
229 703
229 716
229 772
229 9
231 30
231 312
231 328
231 419
231 497
231 498
231 651
231 671
231 709
231 716
231 772
234 235
234 255
234 392
234 415
234 490
234 67
234 693
234 742
234 749
234 769
234 796
235 257
235 277
235 31
235 334
235 365
235 415
235 433
235 518
235 648
235 694
235 736
235 8
244 742
253 257
255 257
255 315
255 365
255 415
255 430
255 457
255 67
255 742
255 746
255 768
257 28
257 334
257 365
257 37
257 648
257 694
257 736
257 8
261 466
27 365
277 295
277 366
277 466
277 472
277 513
277 528
277 630
277 66
277 731
277 754
277 758
277 96
28 29
28 465
28 501
28 528
28 529
28 657
28 674
28 754
28 756
288 388
288 521
288 574
288 663
288 665
288 704
288 718
288 719
288 721
288 9
29 295
29 473
29 528
29 529
29 657
29 674
29 709
29 754
29 756
29 77
2915 648
294 295
294 66
295 366
295 466
295 472
295 626
295 630
295 66
295 731
295 774
295 96
299 388
30 404
30 419
30 497
30 498
30 664
30 671
30 697
30 699
30 716
30 8
301 306
301 312
301 418
301 428
301 434
301 509
301 518
301 539
301 671
301 774
301 796
305 503
306 312
306 416
306 428
306 454
306 47
306 509
306 539
306 559
306 772
306 796
31 334
31 365
31 37
31 430
31 433
31 498
31 648
31 703
31 719
31 771
31 796
31 8
311 312
311 327
311 328
311 331
311 434
311 463
311 465
311 51
311 521
311 649
311 697
312 380
312 416
312 428
312 509
312 539
312 545
312 559
312 796
327 328
327 367
327 434
327 440
327 463
327 497
327 522
327 671
327 697
327 700
328 366
328 428
328 434
328 463
328 522
328 624
328 651
328 700
328 703
331 414
331 47
331 5
331 503
331 519
331 67
331 671
331 690
331 71
331 86
334 367
334 419
334 430
334 485
334 648
334 694
334 736
334 772
334 8
365 37
365 430
365 433
365 497
365 513
365 648
365 716
365 718
365 8
366 430
366 466
366 472
366 503
366 630
366 655
366 66
366 725
366 731
366 96
367 404
367 419
367 545
367 587
367 651
367 688
367 692
367 749
367 768
37 430
37 433
37 463
37 498
37 664
37 694
37 695
37 736
37 768
37 8
388 404
388 574
388 664
388 719
388 768
388 796
388 9
392 419
392 457
392 466
392 490
392 67
392 742
392 746
392 749
400 700
402 457
404 433
404 483
404 574
404 651
404 663
404 664
404 718
404 9
414 418
414 47
414 48
414 503
414 519
414 690
414 709
414 71
414 736
414 86
415 457
415 48
415 490
415 697
415 742
415 746
415 749
416 418
416 509
416 513
416 518
416 539
416 559
416 796
418 428
418 509
418 513
418 518
418 539
418 559
418 657
418 709
418 732
418 796
419 430
419 497
419 498
419 671
419 716
419 772
428 440
428 503
428 509
428 518
428 559
428 71
428 796
430 433
430 655
430 694
430 736
430 8
433 498
433 625
433 648
433 736
433 749
433 8
434 463
434 466
434 509
434 51
434 521
434 522
434 654
434 703
434 86
446 587
454 772
457 490
457 513
457 587
457 67
457 742
457 746
457 768
463 472
463 51
463 522
463 630
463 700
463 742
463 774
465 466
465 473
465 626
465 698
465 721
465 731
465 732
465 77
465 811
466 472
466 630
466 66
466 700
466 731
466 96
469 725
47 5
47 500
47 503
47 709
47 726
47 772
47 774
47 86
472 473
472 630
472 66
472 704
472 731
472 96
473 626
473 697
473 698
473 719
473 721
473 732
473 77
473 811
490 587
490 648
490 651
490 67
490 749
490 786
493 811
497 498
497 574
497 671
497 716
497 719
497 772
498 6
498 671
498 716
498 718
5 519
5 688
5 690
5 709
5 71
5 725
5 796
5 86
500 688
502 559
503 694
503 709
503 71
503 726
503 774
504 77
508 51
509 518
509 519
509 559
509 659
509 688
51 521
51 522
51 697
51 700
51 703
51 749
51 754
513 545
513 559
513 626
513 657
513 67
513 674
513 688
513 726
513 756
518 519
518 539
518 559
518 657
518 716
518 796
518 817
519 664
519 690
519 71
519 741
519 774
519 811
519 86
521 522
521 529
521 669
521 697
521 700
521 703
521 716
521 754
522 66
522 693
522 697
522 698
522 700
522 703
522 756
528 529
528 539
528 545
528 657
528 674
528 732
528 754
528 756
529 559
529 657
529 66
529 674
529 731
529 754
529 756
539 559
539 688
539 690
539 694
539 796
545 587
545 651
545 688
545 71
545 726
545 768
545 86
550 754
572 67
574 663
574 664
574 703
574 704
574 718
574 719
574 725
574 736
574 774
575 746
587 651
587 688
587 725
587 726
587 768
587 96
626 630
626 698
626 721
626 732
626 77
626 811
626 90
630 66
630 674
630 731
630 96
648 694
648 736
648 9
651 688
651 695
651 768
657 674
657 746
657 754
657 756
66 664
66 698
66 71
66 731
66 96
663 664
663 670
663 698
663 700
663 704
663 718
663 719
663 726
664 671
664 704
664 716
664 9
667 721
67 736
67 742
67 749
671 704
671 716
674 698
674 754
674 756
676 698
688 768
690 725
690 726
690 774
690 86
692 774
694 736
694 8
694 811
694 9
697 700
697 703
697 725
698 721
698 732
698 77
698 811
7 9
700 703
703 704
704 718
704 719
704 86
709 71
709 774
709 96
71 811
71 86
711 726
716 772
718 719
718 725
718 8
718 9
719 9
721 725
721 726
721 732
721 77
721 811
725 726
725 86
726 749
731 732
731 77
731 96
732 758
732 77
732 811
736 749
739 768
742 746
742 772
746 749
754 756
756 77
77 811
772 8
774 86
796 90
796 96
