1004 719
102 156
107 29
107 392
107 415
107 528
107 657
107 754
108 630
1092 255
110 107
110 28
110 529
110 756
110 77
128 388
128 404
128 415
128 67
128 704
128 719
129 204
129 229
129 257
129 306
129 503
129 519
129 559
129 709
140 164
140 277
140 367
140 388
140 5
140 522
140 768
140 774
141 147
141 235
147 234
147 67
147 746
147 749
147 8
149 539
156 107
156 157
156 626
156 721
156 732
156 811
156 96
157 234
157 328
157 434
157 463
157 697
164 367
164 457
164 587
164 651
164 688
164 690
17 472
17 716
178 331
180 392
193 147
193 255
193 736
193 742
193 749
196 128
196 490
196 664
196 718
196 719
196 742
196 746
196 9
201 129
201 301
202 140
204 392
204 416
204 47
204 690
204 71
204 725
204 774
207 157
207 700
229 129
229 30
229 416
229 419
229 428
229 498
229 703
229 772
231 229
231 312
231 328
231 497
231 671
231 709
231 716
234 157
234 255
234 392
234 415
234 490
234 796
235 234
235 257
235 31
235 518
235 694
235 736
235 8
244 742
253 257
255 147
255 257
255 365
255 457
255 67
255 742
255 768
257 235
257 28
257 334
257 365
257 37
257 648
261 466
27 365
277 235
277 472
277 513
277 528
277 66
277 731
277 96
28 107
28 29
28 528
28 657
28 756
283 164
288 156
288 196
288 388
288 521
288 574
288 663
288 721
29 110
29 473
29 529
29 674
29 754
29 77
2915 648
294 295
294 66
295 277
295 29
295 366
295 626
295 731
295 96
299 388
30 231
30 404
30 497
30 671
30 697
30 716
30 8
301 418
301 434
301 509
301 539
301 774
301 796
305 204
305 503
306 301
306 428
306 539
306 559
31 334
31 365
31 37
31 430
31 498
31 648
31 703
31 796
311 157
311 312
311 327
311 465
311 51
311 521
312 301
312 306
312 416
312 428
312 545
315 255
317 193
327 157
327 328
327 367
327 434
327 697
328 311
328 428
328 434
328 463
328 522
328 651
331 311
331 414
331 47
331 67
331 671
331 71
331 86
334 235
334 367
334 430
334 694
334 8
365 235
365 255
365 31
365 37
365 513
365 648
366 277
366 328
366 472
366 503
366 630
366 66
366 725
367 404
367 545
367 587
367 688
367 749
37 430
37 433
37 463
37 736
37 768
37 8
380 312
388 196
388 574
388 664
388 768
388 796
388 9
392 147
392 419
392 466
392 67
392 742
392 746
400 700
402 457
404 196
404 388
404 433
404 651
404 663
404 9
414 140
414 418
414 503
414 709
414 71
414 86
415 107
415 193
415 235
415 255
415 490
415 697
415 746
416 107
416 306
416 418
416 509
416 539
418 428
418 513
418 518
418 539
418 559
418 657
419 231
419 30
419 334
419 367
419 430
419 671
419 772
428 301
428 328
428 518
428 559
428 71
428 796
430 255
430 365
430 366
430 433
430 694
430 8
433 235
433 31
433 365
433 749
433 8
434 301
434 311
434 328
434 463
434 509
434 51
434 522
434 703
440 327
440 428
446 587
454 306
454 772
457 193
457 392
457 415
457 587
457 746
457 768
463 311
463 327
463 37
463 522
463 700
465 156
465 28
465 626
465 732
465 77
466 277
466 295
466 366
466 392
466 434
466 465
466 96
469 725
47 129
47 306
47 414
47 5
47 709
47 772
47 86
472 295
472 463
472 466
472 704
472 731
472 96
473 156
473 465
473 472
473 719
473 721
473 77
48 414
48 415
483 404
485 334
490 147
490 193
490 392
490 457
490 587
490 648
493 811
497 229
497 327
497 365
497 419
497 498
497 574
497 772
498 231
498 30
498 31
498 37
498 419
498 433
498 718
5 204
5 331
5 519
5 688
5 690
5 725
5 796
500 47
500 688
501 28
502 559
503 204
503 331
503 366
503 428
503 47
503 694
503 774
504 77
508 51
509 193
509 306
509 312
509 418
509 428
509 434
51 164
51 463
51 521
51 700
51 703
513 277
513 365
513 416
513 457
513 657
513 67
513 726
513 756
518 235
518 301
518 416
518 509
518 657
518 796
519 331
519 414
519 509
519 518
519 664
519 690
519 774
519 811
521 157
521 434
521 529
521 700
521 703
521 754
522 327
522 434
522 51
522 521
522 66
522 697
522 703
522 756
528 110
528 29
528 539
528 545
528 674
528 732
528 756
529 107
529 28
529 521
529 528
529 559
529 657
529 754
539 312
539 518
539 559
539 688
539 694
539 796
545 140
545 164
545 513
545 528
545 651
545 688
545 726
550 754
559 312
559 416
559 509
559 513
559 518
572 67
574 404
574 703
574 704
574 718
574 719
574 736
574 774
575 746
587 140
587 490
587 545
587 651
587 726
587 768
6 498
624 328
625 433
626 473
626 513
626 630
626 698
626 77
626 811
630 277
630 295
630 463
630 466
630 472
630 674
647 128
647 147
648 147
648 235
648 334
648 433
648 736
649 311
651 128
651 140
651 231
651 367
651 404
651 490
651 768
654 434
655 366
655 430
657 110
657 29
657 418
657 528
657 674
657 746
657 754
659 509
66 295
66 466
66 472
66 522
66 529
66 630
66 664
66 698
663 128
663 574
663 700
663 704
663 718
663 726
664 128
664 30
664 37
664 404
664 519
664 574
664 663
664 716
665 288
667 721
669 521
67 234
67 331
67 457
67 490
67 736
67 742
67 749
670 663
671 229
671 301
671 327
671 497
671 498
671 664
671 716
674 107
674 110
674 28
674 513
674 529
674 698
674 756
676 698
688 140
688 509
688 513
688 587
688 651
688 768
690 129
690 331
690 414
690 539
690 725
690 726
690 86
692 367
692 774
693 234
693 522
694 110
694 257
694 37
694 539
694 648
694 736
695 37
695 651
697 311
697 473
697 51
697 521
697 703
698 156
698 465
698 473
698 522
698 66
698 663
698 732
699 30
7 9
700 327
700 328
700 466
700 522
700 697
703 157
703 328
703 522
703 700
703 704
704 196
704 288
704 664
704 671
704 719
704 86
709 204
709 29
709 418
709 5
709 503
709 774
71 5
71 503
71 519
71 545
71 66
71 709
71 811
711 726
716 229
716 365
716 419
716 497
716 498
716 518
716 521
716 664
718 288
718 365
718 404
718 704
718 719
718 8
719 288
719 31
719 388
719 497
719 663
719 9
721 288
721 465
721 626
721 698
721 725
721 811
725 574
725 587
725 697
725 718
725 726
725 86
726 193
726 47
726 503
726 513
726 721
726 725
726 749
731 366
731 465
731 466
731 529
731 630
731 66
732 418
732 473
732 626
732 721
732 731
732 811
736 257
736 334
736 414
736 430
736 433
736 67
736 749
739 768
741 519
742 196
742 234
742 415
742 457
742 463
742 67
746 164
746 193
746 255
746 742
746 749
749 234
749 367
749 392
749 415
749 490
749 51
749 726
754 110
754 277
754 28
754 51
754 521
754 528
754 674
756 107
756 29
756 529
756 657
756 754
758 277
758 732
768 157
768 164
768 196
768 255
768 367
768 457
768 545
769 234
77 156
77 29
77 698
77 721
77 731
77 732
77 756
771 31
772 202
772 231
772 306
772 334
772 716
772 742
772 8
774 129
774 140
774 295
774 301
774 463
774 47
774 574
774 690
774 86
786 490
796 234
796 306
796 31
796 312
796 416
796 418
796 96
8 147
8 235
8 257
8 31
8 365
8 694
811 465
811 473
811 694
811 698
811 77
817 518
86 129
86 434
86 47
86 5
86 519
86 545
86 71
9 128
9 229
9 288
9 648
9 664
9 694
9 718
90 626
90 796
96 110
96 156
96 366
96 587
96 630
96 66
96 709
96 731
