1004 433
102 157
102 472
1068 457
107 518
107 528
107 657
107 732
107 754
108 630
1092 545
110 107
110 157
110 28
110 51
110 574
110 674
110 754
128 388
128 404
128 47
128 5
128 518
128 704
128 719
129 204
129 312
129 400
129 503
129 709
129 772
1320 255
1320 736
140 164
140 193
140 367
140 690
140 709
140 742
141 490
147 193
147 234
147 365
147 37
147 67
147 749
149 709
156 157
156 626
156 630
156 66
156 721
156 811
157 156
157 29
157 529
157 657
157 754
157 96
164 367
164 392
164 522
164 587
164 651
164 688
164 774
17 30
178 140
193 140
193 234
193 255
193 674
193 742
193 749
196 128
196 457
196 648
196 664
196 671
196 718
196 9
201 774
202 559
204 416
204 47
204 519
204 559
204 71
204 774
207 295
207 754
228 522
229 257
229 419
229 498
229 646
229 726
229 772
229 8
231 128
231 193
231 229
231 646
231 671
231 716
234 255
234 392
234 415
234 490
234 651
234 742
235 234
235 257
235 539
235 694
235 697
235 736
236 140
244 147
253 257
254 694
255 147
255 234
255 257
255 392
255 457
255 657
255 742
257 235
257 334
257 37
257 434
257 648
257 8
261 698
27 196
277 156
277 626
277 657
277 721
277 77
277 96
28 107
28 157
28 29
28 434
28 528
28 657
28 726
288 110
288 196
288 388
288 574
288 663
29 110
29 466
29 529
29 674
29 732
290 587
2915 648
294 463
294 721
295 365
295 366
295 457
295 670
295 71
295 731
295 77
299 204
30 231
30 463
30 497
30 529
30 671
30 716
301 28
301 418
301 509
301 518
301 796
305 306
306 301
306 400
306 509
306 539
306 559
306 726
31 37
31 430
31 498
31 518
31 648
31 697
311 312
311 328
311 521
311 698
311 703
311 719
312 306
312 416
312 418
312 503
312 509
314 430
315 235
315 31
317 768
327 311
327 51
327 522
327 698
327 768
328 327
328 503
328 51
328 522
328 700
328 768
331 204
331 334
331 414
331 503
331 587
331 71
331 725
331 86
334 235
334 31
334 367
334 434
334 545
334 694
346 277
346 671
355 749
365 147
365 235
365 31
365 37
365 697
366 288
366 301
366 472
366 630
366 670
366 746
367 231
367 545
367 587
367 664
367 688
37 147
37 430
37 433
37 529
37 736
37 8
380 67
388 196
388 559
388 574
388 664
388 768
388 9
392 147
392 457
392 67
392 690
392 746
392 768
400 164
400 414
400 418
400 5
400 503
400 736
400 774
402 419
402 706
404 193
404 196
404 30
404 388
404 663
404 9
414 129
414 140
414 419
414 5
414 518
414 66
414 71
414 86
415 193
415 255
415 327
415 513
415 67
415 746
416 129
416 306
416 418
416 428
416 698
416 796
416 8
418 428
418 430
418 463
418 513
418 518
418 559
418 8
419 231
419 255
419 30
419 404
419 414
419 430
419 646
419 772
428 301
428 312
428 463
428 465
428 700
428 796
43 742
43 772
430 334
430 365
430 418
430 433
430 716
430 8
433 257
433 31
433 365
433 718
433 8
434 128
434 235
434 648
434 694
434 697
446 5
446 86
454 234
457 193
457 367
457 415
457 746
457 749
463 110
463 312
463 416
463 509
463 518
463 796
465 156
465 277
465 366
465 626
465 66
465 731
466 107
466 277
466 29
466 465
466 473
466 67
466 670
466 721
469 428
47 128
47 129
47 147
47 306
47 331
47 414
47 709
47 725
472 295
472 37
472 519
472 670
472 704
472 731
473 156
473 277
473 465
473 472
473 700
473 703
473 721
48 301
483 528
483 646
483 719
485 519
489 193
490 147
490 164
490 392
490 415
490 457
490 694
490 736
493 156
494 626
497 229
497 288
497 327
497 365
497 419
497 498
497 772
498 231
498 30
498 31
498 37
498 419
498 519
498 718
498 772
5 129
5 231
5 331
5 519
5 694
5 709
501 28
501 465
502 732
503 204
503 312
503 331
503 47
503 5
503 725
503 774
504 312
504 796
508 466
508 700
509 416
509 418
509 428
509 539
509 688
509 700
51 110
51 311
51 498
51 522
51 700
51 703
51 768
513 415
513 416
513 522
513 657
513 67
513 726
518 306
518 31
518 416
518 539
518 796
519 331
519 388
519 400
519 414
519 47
519 498
519 539
521 29
521 327
521 328
521 51
521 522
522 164
522 311
522 698
522 700
522 703
522 704
522 768
528 110
528 29
528 674
528 703
528 756
528 77
529 107
529 28
529 37
529 528
529 657
529 754
539 235
539 301
539 312
539 463
539 559
539 746
545 140
545 164
545 334
545 513
545 651
545 688
545 86
550 756
559 301
559 312
559 428
559 513
559 518
572 71
574 288
574 328
574 366
574 404
574 704
574 718
574 719
574 721
575 746
587 140
587 31
587 545
587 651
587 690
587 718
587 742
6 37
61 415
624 51
624 697
625 334
626 466
626 66
626 756
626 77
626 811
626 96
630 295
630 472
630 626
630 674
630 706
630 71
630 726
632 234
632 521
646 277
646 30
646 430
646 490
646 497
646 498
646 671
647 29
647 697
648 147
648 235
648 334
648 365
648 736
649 328
650 509
651 140
651 367
651 415
651 466
651 47
651 690
654 129
655 434
655 9
657 110
657 255
657 29
657 674
657 688
657 732
657 756
659 414
66 277
66 416
66 466
66 473
66 664
66 756
66 811
663 128
663 51
663 574
663 704
663 718
663 96
664 128
664 404
664 463
664 574
664 663
664 772
665 473
667 107
667 731
669 327
669 367
67 234
67 255
67 466
67 490
67 509
67 725
67 749
670 288
670 473
670 630
670 706
670 726
670 731
671 196
671 229
671 235
671 497
671 498
671 521
671 716
674 107
674 110
674 157
674 513
674 529
674 742
674 756
676 663
676 670
683 688
683 725
688 140
688 428
688 434
688 587
688 651
688 657
688 690
688 768
690 164
690 367
690 539
690 545
690 725
692 529
693 651
694 257
694 430
694 490
694 648
694 736
695 404
695 503
697 365
697 366
697 37
697 430
697 433
697 663
697 8
698 328
698 416
698 51
698 521
698 663
698 703
698 768
698 796
699 497
700 311
700 327
700 428
700 509
700 51
700 521
700 670
700 698
703 327
703 328
703 433
703 521
703 522
703 528
703 700
704 196
704 288
704 433
704 664
704 719
704 796
706 254
706 295
706 366
706 472
706 574
706 646
709 204
709 29
709 503
709 731
709 774
709 811
709 86
71 235
71 400
71 5
71 519
71 630
71 709
71 742
71 86
711 331
711 365
716 229
716 419
716 497
716 646
716 694
716 9
718 288
718 404
718 671
718 704
718 719
719 288
719 31
719 311
719 388
719 663
719 9
721 418
721 465
721 574
721 626
721 725
721 811
721 96
725 204
725 587
725 626
725 726
725 749
726 129
726 196
726 28
726 513
726 539
726 716
726 721
726 725
731 156
731 366
731 630
731 706
731 709
731 77
731 796
732 110
732 157
732 28
732 528
732 731
732 756
736 257
736 334
736 433
736 434
736 490
736 509
736 749
739 690
741 726
742 140
742 147
742 415
742 457
742 545
742 587
742 67
742 674
746 193
746 255
746 490
746 698
746 742
748 229
749 234
749 392
749 490
749 513
749 746
754 28
754 465
754 528
754 529
754 674
754 732
754 77
756 107
756 157
756 29
756 365
756 529
756 66
756 754
758 77
758 96
768 311
768 317
768 521
768 688
768 700
768 703
769 388
769 8
77 255
77 472
77 513
77 626
77 630
77 66
77 732
771 311
772 129
772 231
772 30
772 334
772 671
772 716
772 8
774 129
774 301
774 331
774 428
774 47
774 86
786 392
796 306
796 463
796 528
796 539
796 559
796 698
8 257
8 31
8 365
8 416
8 418
8 434
8 694
811 295
811 465
811 466
811 473
811 703
811 96
817 545
86 164
86 257
86 400
86 503
86 519
86 71
9 128
9 288
9 518
9 648
9 664
9 718
90 811
96 156
96 466
96 473
96 529
96 66
96 663
96 719
