102 66
107 110
107 28
107 29
107 428
107 528
107 529
107 550
107 657
107 674
107 694
107 697
107 754
107 756
108 698
110 234
110 28
110 29
110 513
110 528
110 529
110 574
110 657
110 674
110 732
110 754
110 756
128 196
128 235
128 288
128 388
128 404
128 545
128 574
128 651
128 664
128 718
128 739
128 9
129 204
129 334
129 418
129 419
129 47
129 5
129 503
129 519
129 67
129 690
129 709
129 71
129 774
129 86
140 164
140 202
140 367
140 414
140 5
140 518
140 545
140 587
140 651
140 688
140 742
140 768
141 545
141 697
147 229
147 234
147 255
147 334
147 366
147 392
147 457
147 490
147 648
147 67
147 690
147 742
147 749
156 157
156 465
156 466
156 473
156 626
156 698
156 721
156 732
156 758
156 77
156 811
156 96
157 257
157 28
157 311
157 327
157 328
157 434
157 440
157 463
157 51
157 522
157 700
164 306
164 367
164 545
164 572
164 587
164 651
164 688
164 725
164 726
164 749
164 768
17 498
193 234
193 255
193 415
193 457
193 575
193 67
193 726
193 736
193 742
193 746
193 749
193 8
196 388
196 404
196 490
196 574
196 651
196 663
196 664
196 719
196 726
196 746
196 768
196 9
201 277
201 301
204 331
204 416
204 47
204 503
204 509
204 519
204 671
204 709
204 71
204 726
204 774
207 528
207 768
228 415
229 231
229 30
229 327
229 419
229 497
229 498
229 521
229 648
229 667
229 671
229 716
231 30
231 392
231 415
231 419
231 497
231 498
231 651
231 671
231 71
231 716
231 8
234 235
234 392
234 415
234 490
234 574
234 67
234 716
234 746
234 749
234 774
235 257
235 31
235 334
235 365
235 37
235 648
235 664
235 694
235 736
235 769
235 8
244 457
255 257
255 392
255 415
255 457
255 490
255 513
255 625
255 716
255 742
255 746
255 749
257 334
257 37
257 430
257 433
257 648
257 694
257 736
257 742
257 772
257 9
261 288
27 490
277 28
277 295
277 366
277 465
277 466
277 472
277 528
277 559
277 630
277 66
277 731
277 8
277 96
28 29
28 466
28 501
28 528
28 529
28 657
28 674
28 754
28 756
283 388
288 404
288 415
288 521
288 574
288 648
288 663
288 664
288 671
288 704
288 718
288 719
29 365
29 528
29 529
29 657
29 674
29 676
29 754
29 756
29 77
290 587
2915 648
294 295
294 465
295 366
295 416
295 466
295 472
295 528
295 630
295 66
295 731
295 754
295 96
299 327
30 37
30 404
30 419
30 497
30 498
30 521
30 663
30 671
30 716
30 725
301 306
301 312
301 416
301 509
301 518
301 519
301 539
301 559
301 587
301 688
301 796
305 503
305 559
306 312
306 416
306 418
306 428
306 47
306 518
306 559
306 659
306 774
306 796
31 365
31 37
31 430
31 433
31 498
31 648
31 654
31 657
31 694
31 731
31 736
31 8
311 312
311 327
311 328
311 434
311 463
311 465
311 504
311 522
311 700
311 703
311 709
312 418
312 428
312 441
312 503
312 509
312 518
312 559
312 688
312 703
312 796
315 430
327 328
327 367
327 388
327 434
327 463
327 51
327 521
327 587
327 703
328 434
328 463
328 498
328 508
328 51
328 521
328 651
328 697
328 709
331 414
331 428
331 47
331 5
331 519
331 690
331 709
331 71
331 725
331 742
331 86
334 365
334 367
334 430
334 433
334 498
334 648
334 670
334 694
334 736
355 749
365 37
365 430
365 433
365 671
365 694
365 718
365 8
365 96
366 463
366 466
366 472
366 483
366 497
366 630
366 66
366 697
366 731
366 96
367 415
367 419
367 545
367 587
367 651
367 688
367 690
367 768
37 430
37 433
37 648
37 718
37 754
37 8
37 86
380 67
388 404
388 663
388 664
388 694
388 704
388 718
388 768
388 9
392 415
392 419
392 490
392 559
392 67
392 746
392 749
392 768
392 786
400 726
402 651
402 709
404 433
404 664
404 693
404 694
404 704
404 719
404 9
414 47
414 5
414 503
414 509
414 519
414 559
414 688
414 71
414 774
414 86
415 457
415 466
415 67
415 742
415 746
416 418
416 428
416 509
416 513
416 518
416 539
416 545
416 559
418 428
418 47
418 509
418 513
418 518
418 539
418 736
418 796
419 497
419 498
419 522
419 648
419 671
419 692
419 716
428 493
428 518
428 539
428 559
428 690
428 700
428 796
430 433
430 648
430 718
430 768
430 8
430 9
433 434
433 508
433 736
433 749
433 8
434 454
434 463
434 473
434 519
434 522
434 528
434 697
434 700
457 490
457 513
457 587
457 651
457 742
457 746
457 749
463 483
463 521
463 522
463 657
463 697
463 703
463 716
465 466
465 473
465 626
465 698
465 721
465 732
465 77
465 811
466 472
466 509
466 630
466 66
466 731
466 96
469 509
47 493
47 503
47 559
47 709
47 774
47 86
472 473
472 630
472 655
472 66
472 699
472 704
472 731
472 96
473 550
473 626
473 630
473 698
473 704
473 721
473 732
473 77
473 811
488 671
490 5
490 664
490 67
490 746
490 749
497 498
497 5
497 663
497 671
497 703
497 716
497 719
498 671
498 716
498 8
5 519
5 539
5 709
5 71
5 774
5 86
500 742
501 732
503 518
503 519
503 690
503 698
503 709
503 774
503 86
508 51
509 518
509 539
509 559
509 796
51 521
51 522
51 697
51 698
51 700
51 703
51 725
51 754
513 539
513 559
513 657
513 674
513 721
513 725
513 726
518 539
518 703
518 71
519 587
519 695
519 71
519 774
519 86
521 522
521 669
521 697
521 700
521 703
521 8
522 529
522 697
522 700
522 703
522 756
522 9
528 529
528 657
528 66
528 674
528 754
528 756
529 550
529 657
529 674
529 754
529 756
529 77
529 96
539 559
539 690
539 796
539 817
545 587
545 651
545 688
545 709
545 746
545 768
559 796
574 663
574 703
574 704
574 716
574 718
574 719
574 725
574 9
587 651
587 688
587 726
587 768
624 663
624 703
626 630
626 698
626 704
626 721
626 732
626 77
626 796
626 811
626 90
630 66
630 674
630 731
630 756
630 90
630 96
648 694
648 736
651 688
651 768
655 664
655 700
657 674
657 754
657 756
66 731
66 732
66 811
66 96
663 700
663 704
663 718
663 719
663 9
664 718
664 719
664 742
664 9
67 726
67 742
67 749
67 77
67 86
671 697
671 716
674 726
674 754
674 756
676 719
688 749
688 768
688 811
690 71
690 726
690 736
690 774
690 86
691 736
694 721
694 736
694 8
697 700
697 703
697 725
698 700
698 721
698 725
698 732
698 77
698 811
7 716
700 703
700 704
704 718
704 719
704 9
709 71
709 774
71 796
71 86
716 9
718 719
718 725
719 726
719 732
719 77
721 725
721 726
721 732
721 77
721 811
725 726
725 741
731 732
731 77
731 811
731 96
732 77
732 811
736 8
742 746
742 749
746 774
746 811
754 756
756 96
77 811
771 796
796 86
