0 18
0 150
0 149
0 11
0 79
0 107
0 68
0 184
0 67
0 60
0 113
1 35
1 9
1 86
1 70
1 85
1 118
1 170
1 130
1 45
1 132
1 8
1 153
2 160
2 141
2 163
2 124
2 85
2 78
2 74
2 42
2 153
2 140
2 36
2 25
5 186
5 177
5 138
5 146
5 117
5 116
5 6
5 24
5 178
5 22
6 24
6 161
6 178
6 62
6 114
6 116
6 22
6 138
6 177
6 117
6 146
7 183
7 145
7 104
7 168
7 103
7 83
7 9
7 163
7 72
7 60
7 43
7 42
8 160
8 155
8 171
8 132
8 104
8 151
8 86
8 85
8 9
8 70
8 50
9 132
9 104
9 70
9 86
9 85
9 50
9 68
9 29
10 186
10 83
11 165
11 18
11 161
11 122
11 107
11 184
11 67
11 62
11 39
11 26
12 68
12 53
13 18
13 159
13 158
13 155
13 115
13 114
13 66
13 156
13 65
13 58
13 124
13 33
14 170
14 56
14 94
14 96
14 161
14 71
14 187
14 174
14 116
14 130
14 53
14 169
14 20
15 175
15 149
15 176
15 111
15 179
15 75
15 67
15 174
15 44
15 100
15 35
15 29
16 18
16 161
16 163
16 150
16 82
16 79
16 165
16 113
16 74
16 184
16 67
16 26
17 32
17 97
17 93
17 94
17 187
17 129
17 156
17 169
17 44
17 160
17 166
17 170
17 178
18 34
18 150
18 113
18 107
18 79
18 39
18 25
20 169
20 130
20 96
20 107
20 94
20 86
20 71
20 58
20 56
20 53
20 27
22 178
22 177
22 138
22 117
22 116
22 146
22 94
22 33
22 24
22 23
23 130
24 159
24 146
24 177
24 138
24 116
24 117
24 65
24 54
24 178
25 140
25 50
25 141
25 54
25 36
25 65
25 78
25 74
25 100
25 124
25 164
26 184
26 168
26 174
26 161
26 150
26 110
26 107
26 79
26 39
27 34
27 72
27 79
27 100
27 126
27 115
27 180
27 119
27 135
27 174
27 149
29 176
29 49
29 75
29 135
29 100
29 80
29 44
29 91
29 92
29 132
29 103
32 187
32 166
32 156
32 129
32 97
32 94
32 93
32 170
32 79
32 56
32 33
33 158
33 65
33 92
33 66
33 53
33 115
33 50
33 87
33 61
34 180
34 149
34 135
34 126
34 171
34 119
34 82
34 150
34 72
35 176
35 175
35 174
35 168
35 167
35 91
35 80
35 75
35 49
36 168
36 68
36 74
36 100
36 75
36 140
36 165
36 78
36 91
36 124
36 141
36 174
39 175
39 184
39 171
39 161
39 113
39 112
39 107
39 167
39 79
42 183
42 145
42 104
42 103
42 135
42 83
42 81
42 159
42 163
42 43
43 183
43 126
43 145
43 119
43 104
43 155
43 103
43 161
43 83
43 75
43 163
44 175
44 75
44 80
44 45
44 132
44 91
44 100
44 115
44 174
44 176
45 70
45 135
45 115
45 68
45 50
45 79
45 85
45 132
45 171
45 153
49 100
49 66
49 80
49 83
49 174
49 91
49 50
49 166
49 175
49 176
50 85
50 171
50 55
50 68
50 81
50 153
50 132
50 145
53 56
53 71
53 93
53 94
53 96
53 169
53 130
53 165
53 138
53 167
54 165
54 164
54 160
54 158
54 140
54 124
54 85
54 78
54 141
55 169
56 169
56 130
56 96
56 94
56 184
56 93
56 92
56 71
58 122
58 118
58 87
58 110
58 84
58 82
58 107
58 81
58 112
58 60
60 122
60 183
60 118
60 112
60 186
60 82
60 62
60 110
61 158
61 115
61 159
61 107
61 87
61 170
61 92
61 66
61 65
61 62
62 186
62 84
62 112
62 87
62 110
62 81
62 82
62 118
62 132
65 159
65 149
65 114
65 92
65 66
65 87
65 103
66 155
66 141
66 96
66 92
66 87
66 114
67 161
67 150
67 184
67 113
67 167
67 118
67 79
68 153
68 72
68 85
68 86
68 132
68 171
68 183
70 180
70 171
70 153
70 104
70 91
70 85
70 77
70 86
71 141
71 169
71 130
71 96
71 94
71 168
71 155
72 149
72 180
72 141
72 135
72 126
72 119
72 78
72 116
74 160
74 180
74 141
74 113
74 164
74 112
74 78
74 140
75 176
75 175
75 168
75 180
75 80
75 100
77 87
78 160
78 141
78 83
78 165
78 85
78 153
79 87
79 113
79 107
79 150
80 175
80 112
80 111
80 91
80 174
80 135
80 119
81 122
81 118
81 111
81 184
81 186
81 82
81 110
81 84
82 186
82 122
82 118
82 111
82 112
83 183
83 145
83 103
83 84
83 104
83 163
84 186
84 118
84 138
84 112
84 122
84 107
84 110
85 86
86 153
86 171
86 158
86 145
86 164
87 158
87 115
87 155
87 129
87 92
91 175
91 174
91 153
91 126
91 100
92 183
92 159
92 178
92 114
92 115
92 155
93 97
93 170
93 186
93 94
93 156
93 166
93 180
93 129
93 187
94 96
94 169
94 130
96 169
96 130
96 129
96 97
96 160
97 170
97 166
97 160
97 129
97 156
97 117
97 187
97 158
100 180
100 176
100 174
103 183
103 167
103 145
103 104
103 163
103 124
104 183
104 145
104 163
104 137
107 150
107 161
107 184
110 186
110 171
110 124
110 118
110 122
111 119
111 184
111 146
111 122
111 165
111 138
111 167
111 168
111 170
112 159
112 122
112 118
112 186
112 113
113 161
113 163
113 150
113 145
114 177
114 165
114 163
114 159
114 155
114 158
114 145
114 115
115 169
115 166
115 155
115 158
115 159
116 146
116 177
116 138
116 156
116 117
116 178
117 153
117 177
117 138
117 146
117 178
118 150
118 138
119 180
119 149
119 135
119 126
119 170
122 161
122 186
124 165
124 164
124 160
124 159
124 140
126 180
126 167
126 149
126 135
126 164
129 187
129 156
129 169
129 166
129 168
129 170
130 169
130 186
130 170
132 163
132 141
132 153
132 171
135 183
135 149
135 180
137 164
138 178
138 175
138 146
138 177
140 168
140 158
140 165
140 156
140 160
140 164
140 177
140 167
141 164
141 165
145 183
145 163
146 176
146 178
146 177
149 178
149 180
150 167
151 156
153 171
155 159
155 158
156 187
156 170
156 166
158 179
158 159
159 187
160 165
160 164
161 184
161 187
163 183
164 167
164 165
166 167
166 187
166 168
166 170
167 168
168 176
170 187
171 176
174 176
174 175
177 178