0 191
1 48
3 85
4 45
5 105
5 120
6 28
9 152
11 136
11 69
13 127
18 123
19 20
21 146
25 134
26 52
27 59
29 192
30 180
31 149
34 157
35 190
37 62
38 72
40 94
41 80
44 128
46 132
47 168
49 131
51 71
54 144
56 102
57 110
58 139
60 162
61 108
63 86
64 174
65 143
66 101
67 90
73 149
75 89
76 82
81 106
84 134
88 177
91 185
92 133
95 119
98 184
98 129
99 126
100 181
102 107
109 166
113 194
117 120
118 188
121 141
122 182
125 175
130 142
135 148
142 187
147 155
150 172
153 154
160 193
165 189
167 173
173 175
176 192