4 170
14 437
14 746
14 443
14 384
15 234
27 532
28 586
32 679
35 34
39 82
39 24
41 533
43 576
55 361
62 2566
66 69
74 2654
74 1634
74 2013
74 2389
75 2061
76 131
77 337
81 647
84 27
84 715
87 47
88 762
102 404
109 1074
109 884
114 171
123 553
132 346
140 323
146 17
163 2177
168 475
188 721
194 673
228 223
240 2308
245 172
246 560
260 2069
271 718
273 372
275 464
279 464
299 746
343 552
344 1671
344 1
378 2447
387 293
406 311
421 255
427 674
427 610
427 561
427 1760
427 83
430 2033
438 720
439 97
453 2092
453 706
454 386
462 187
477 229
478 754
485 711
490 5
504 702
509 314
509 669
514 506
533 777
534 313
538 487
540 543
544 435
552 1440
552 723
552 311
560 1375
565 1443
566 733
566 1447
567 182
569 2647
576 874
588 186
597 106
611 413
611 1755
611 2352
611 2260
611 2501
617 226
627 338
629 221
630 408
635 436
635 722
636 2233
638 722
638 1808
638 2045
642 484
642 697
649 2581
655 198
670 603
678 528
689 1826
696 368
698 1368
703 2233
704 376
729 67
734 213
745 561
745 91
745 962
747 234
747 666
747 315
747 703
747 724
747 526
747 353
747 349
747 362
747 610
750 244
763 241
764 1311
771 104
772 768
782 1532
784 845
793 1330
802 973
831 1550
839 872
849 1720
865 795
878 1472
878 1023
894 1255
895 1436
914 516
920 873
939 1242
946 1179
952 1064
955 1280
962 829
967 1394
967 957
969 954
970 1396
972 953
980 1488
988 1515
995 1232
1019 1403
1019 927
1023 1090
1038 1196
1050 1171
1050 1538
1052 1051
1059 1055
1107 1617
1113 1380
1114 1371
1120 2275
1123 1188
1136 1594
1136 1286
1151 1350
1153 1077
1153 765
1156 1013
1160 1166
1167 1331
1167 1330
1167 1332
1168 802
1174 1033
1174 1297
1174 1074
1176 2272
1193 1183
1196 840
1198 859
1203 605
1211 1247
1217 1349
1234 1226
1249 1054
1260 1104
1262 1104
1271 236
1282 1022
1282 1494
1285 968
1288 1056
1290 1226
1295 886
1302 1735
1309 1132
1319 1391
1321 1041
1328 927
1328 7
1333 1369
1333 1708
1359 1057
1360 1095
1367 817
1374 869
1384 1383
1387 1239
1393 1097
1393 1921
1409 958
1421 821
1429 1208
1434 1208
1453 1210
1453 1152
1461 1357
1463 1405
1463 1361
1464 1100
1464 1021
1484 1482
1491 1605
1491 903
1503 1415
1511 1357
1512 1671
1512 1087
1522 2419
1528 925
1536 1518
1541 1395
1542 801
1548 1374
1548 1291
1550 1624
1550 1419
1565 899
1569 1587
1586 1388
1600 946
1612 1517
1613 1162
1629 796
1633 1471
1636 245
1645 797
1648 1355
1658 884
1659 1652
1660 1083
1660 952
1672 903
1674 100
1682 1681
1693 1228
1706 1385
1713 2699
1714 1458
1761 2208
1798 2120
1804 2289
1805 2289
1805 1804
1810 1766
1815 2671
1817 2464
1818 2073
1820 2383
1827 596
1834 877
1837 2132
1843 2626
1848 2483
1850 2554
1853 2320
1853 1861
1854 1976
1859 360
1873 1998
1874 1920
1879 1760
1884 1885
1887 2258
1906 2421
1910 2488
1915 1981
1915 2497
1929 2349
1946 1030
1946 2516
1947 2557
1960 1949
1966 1825
1975 2689
1980 265
1981 2491
1989 1882
1994 2241
2006 1824
2009 2534
2020 1857
2025 2693
2037 1010
2041 1744
2045 2550
2047 2111
2055 2352
2056 271
2069 2434
2070 2640
2070 2602
2071 1809
2075 1855
2092 2015
2101 2470
2106 1750
2107 1865
2107 1953
2116 2125
2117 2639
2119 2154
2121 2212
2129 2454
2130 2030
2134 2644
2135 2023
2136 2148
2141 2345
2142 2096
2148 2136
2157 2565
2164 2094
2164 5
2175 2238
2187 2314
2189 1955
2191 362
2192 177
2192 1743
2205 1799
2207 79
2207 1786
2208 2313
2210 1808
2233 2201
2235 2208
2248 2296
2254 1890
2260 2501
2264 2519
2267 2196
2268 1753
2268 2445
2275 2445
2283 2284
2293 1937
2301 2588
2302 2111
2302 1880
2303 1951
2304 2297
2304 908
2307 1772
2312 2587
2321 2370
2337 2610
2342 497
2351 1772
2361 2216
2367 1833
2367 2577
2378 2050
2384 2460
2386 2387
2394 2427
2395 2665
2401 1988
2403 2581
2408 2145
2412 1758
2412 2255
2421 263
2421 1829
2422 2376
2423 2627
2423 2657
2432 1755
2437 2433
2456 1742
2459 553
2466 2240
2467 2468
2470 1230
2482 2645
2486 1970
2490 1807
2494 2063
2503 2358
2511 2083
2511 2320
2512 1930
2520 2359
2528 1858
2533 2517
2543 2440
2544 2568
2553 1875
2555 2560
2564 1785
2566 2531
2573 1942
2576 1051
2584 2632
2585 1830
2586 2113
2596 2669
2597 1698
2597 2256
2599 2162
2613 1756
2620 1972
2621 2105
2630 1826
2631 2601
2634 1876
2634 1197
2648 1889
2649 2436
2652 2308
2657 1161
2659 2077
2665 2395
2666 451
2666 2453
2668 2365
2678 2576
2679 2578
2689 2209
2692 1413