2 899
6 994
21 787
38 915
52 595
55 1004
65 998
65 873
65 910
82 853
84 780
87 626
96 881
107 834
107 704
107 837
121 792
121 890
157 668
181 383
211 636
211 928
231 871
238 622
258 831
263 897
269 657
280 574
285 774
321 904
327 894
350 861
353 770
376 985
377 960
377 659
377 959
377 961
377 839
380 680
381 948
393 382
393 761
408 993
411 864
411 784
412 888
412 884
414 916
414 603
414 449
417 795
452 830
462 701
462 561
466 893
495 606
506 827
516 762
521 583
524 72
543 688
560 775
560 1002
564 876
577 578
634 635
641 946
750 88
755 211
773 405
777 862
788 717
790 544
837 107
839 191
846 605
858 306
863 57
875 170
879 242
901 137
936 965
941 189
943 295
944 748
971 973
971 975
971 893
982 137
992 129
995 712