0 63
0 62
0 61
0 60
0 29
0 28
0 27
0 26
0 25
0 24
0 23
0 22
0 21
0 20
0 19
0 18
0 17
0 16
0 15
0 14
0 1
0 2
0 3
0 4
0 5
0 6
0 7
0 8
0 9
0 10
0 11
0 12
0 13
0 30
0 31
0 32
0 33
0 34
0 35
0 36
0 37
0 38
0 39
0 40
0 41
0 42
0 43
0 44
0 45
0 46
0 47
0 48
0 49
0 50
0 51
0 52
0 53
0 54
0 55
0 56
0 57
0 58
0 59
1 76
1 69
1 68
1 67
1 65
2 147
2 65
3 156
3 147
3 69
3 68
3 67
3 74
3 73
3 64
4 178
4 148
4 143
5 178
5 148
5 143
6 178
6 148
6 143
7 178
7 148
7 143
8 178
8 148
8 143
9 178
9 148
9 143
10 178
10 148
10 143
11 178
11 148
11 143
12 178
12 148
12 143
13 178
13 148
13 143
14 178
14 148
14 143
15 178
15 148
15 143
16 178
16 148
16 143
17 178
17 148
17 143
18 178
18 148
18 143
19 178
19 148
19 143
20 178
20 148
20 143
21 178
21 148
21 143
22 178
22 148
22 143
23 178
23 148
23 143
24 178
24 148
24 143
25 178
25 148
25 143
26 178
26 148
26 143
27 178
27 148
27 143
28 178
28 148
28 143
29 83
29 105
29 104
29 82
29 103
29 102
29 101
29 100
29 99
29 98
29 97
29 106
29 77
29 90
29 107
29 78
29 91
29 79
29 92
29 85
29 88
29 89
29 93
29 94
29 95
29 96
30 79
30 78
30 77
31 83
31 105
31 104
31 82
31 103
31 102
31 101
31 100
31 99
31 98
31 97
31 106
31 77
31 90
31 107
31 78
31 91
31 79
31 92
31 85
31 88
31 89
31 93
31 94
31 95
31 96
32 79
32 78
32 77
33 83
33 105
33 104
33 82
33 103
33 102
33 101
33 100
33 99
33 98
33 97
33 106
33 77
33 90
33 107
33 78
33 91
33 79
33 92
33 85
33 88
33 89
33 93
33 94
33 95
33 96
34 79
34 78
34 77
35 83
35 105
35 104
35 82
35 103
35 102
35 101
35 100
35 99
35 98
35 97
35 106
35 77
35 90
35 107
35 78
35 91
35 79
35 92
35 85
35 88
35 89
35 93
35 94
35 95
35 96
36 83
36 105
36 104
36 82
36 103
36 102
36 101
36 100
36 99
36 98
36 97
36 106
36 77
36 90
36 107
36 78
36 91
36 79
36 92
36 85
36 88
36 89
36 93
36 94
36 95
36 96
37 85
38 89
38 92
38 79
38 91
38 78
38 90
38 77
39 89
39 92
39 79
39 91
39 78
39 90
39 77
40 83
40 105
40 104
40 82
40 103
40 102
40 101
40 100
40 99
40 98
40 97
40 106
40 77
40 90
40 107
40 78
40 91
40 79
40 92
40 85
40 88
40 89
40 93
40 94
40 95
40 96
41 83
41 105
41 104
41 82
41 103
41 102
41 101
41 100
41 99
41 98
41 97
41 106
41 77
41 90
41 107
41 78
41 91
41 79
41 92
41 85
41 88
41 89
41 93
41 94
41 95
41 96
42 83
42 105
42 104
42 82
42 103
42 102
42 101
42 100
42 99
42 98
42 97
42 106
42 77
42 90
42 107
42 78
42 91
42 79
42 92
42 85
42 88
42 89
42 93
42 94
42 95
42 96
43 89
43 92
43 79
43 91
43 78
43 90
43 77
44 89
44 92
44 79
44 91
44 78
44 90
44 77
45 83
45 105
45 104
45 82
45 103
45 102
45 101
45 100
45 99
45 98
45 97
45 106
45 77
45 90
45 107
45 78
45 91
45 79
45 92
45 85
45 88
45 89
45 93
45 94
45 95
45 96
46 89
46 92
46 79
46 91
46 78
46 90
46 77
47 89
47 92
47 79
47 91
47 78
47 90
47 77
48 83
48 105
48 104
48 82
48 103
48 102
48 101
48 100
48 99
48 98
48 97
48 106
48 77
48 90
48 107
48 78
48 91
48 79
48 92
48 85
48 88
48 89
48 93
48 94
48 95
48 96
49 83
49 105
49 104
49 82
49 103
49 102
49 101
49 100
49 99
49 98
49 97
49 106
49 77
49 90
49 107
49 78
49 91
49 79
49 92
49 85
49 88
49 89
49 93
49 94
49 95
49 96
50 89
50 92
50 79
50 91
50 78
50 90
50 77
51 83
51 105
51 104
51 82
51 103
51 102
51 101
51 100
51 99
51 98
51 97
51 106
51 77
51 90
51 107
51 78
51 91
51 79
51 92
51 85
51 88
51 89
51 93
51 94
51 95
51 96
52 83
52 105
52 104
52 82
52 103
52 102
52 101
52 100
52 99
52 98
52 97
52 106
52 77
52 90
52 107
52 78
52 91
52 79
52 92
52 85
52 88
52 89
52 93
52 94
52 95
52 96
53 89
53 92
53 79
53 91
53 78
53 90
53 77
54 89
54 92
54 79
54 91
54 78
54 90
54 77
55 83
55 105
55 104
55 82
55 103
55 102
55 101
55 100
55 99
55 98
55 97
55 106
55 77
55 90
55 107
55 78
55 91
55 79
55 92
55 85
55 88
55 89
55 93
55 94
55 95
55 96
56 83
56 105
56 104
56 82
56 103
56 102
56 101
56 100
56 99
56 98
56 97
56 106
56 77
56 90
56 107
56 78
56 91
56 79
56 92
56 85
56 88
56 89
56 93
56 94
56 95
56 96
57 89
57 88
57 85
57 92
57 79
57 91
57 78
57 90
57 77
58 79
58 78
58 77
59 89
59 88
59 85
59 92
59 79
59 91
59 78
59 90
59 77
60 143
60 142
60 131
60 79
60 108
60 134
60 132
60 133
60 77
60 135
60 78
60 136
60 139
60 141
61 79
61 78
61 77
62 143
62 142
62 141
62 139
62 90
62 136
62 78
62 91
62 92
62 131
62 89
62 79
62 108
62 134
62 132
62 133
62 77
62 135
63 181
63 180
63 179
63 177
63 176
63 175
63 182
63 173
63 172
63 171
63 130
63 170
63 129
63 169
63 168
63 143
63 142
63 141
63 140
63 139
63 136
63 165
63 135
63 164
63 133
63 162
63 132
63 161
63 144
63 131
63 160
63 134
63 163
63 166
63 146
63 148
63 149
63 150
63 153
63 157
63 158
63 159
63 108
63 167
64 71
64 70
64 69
64 68
64 67
64 66
64 65
65 72
65 66
66 72
67 72
67 66
68 72
68 66
69 72
69 68
69 67
69 66
69 65
70 80
70 79
70 84
70 71
70 83
70 76
70 81
70 68
70 75
70 74
70 73
70 64
71 84
71 64
71 73
71 74
71 75
71 68
71 81
71 76
71 70
71 83
71 79
71 80
72 69
72 68
72 67
72 74
72 66
72 73
72 65
73 72
73 71
73 70
73 69
73 68
73 67
73 66
73 65
74 70
74 72
74 71
74 69
74 68
74 67
74 66
74 65
75 72
75 71
75 70
75 69
75 68
75 67
75 66
75 65
76 69
76 68
76 67
76 66
76 65
77 84
77 83
77 82
77 64
77 73
77 74
77 67
77 80
77 75
77 68
77 81
77 76
77 70
77 71
77 78
77 79
78 84
78 83
78 64
78 65
78 73
78 74
78 75
78 68
78 81
78 76
78 70
78 71
78 79
78 80
79 84
79 76
79 69
79 81
79 68
79 75
79 80
79 67
79 74
79 73
79 65
79 64
80 79
80 76
80 69
80 68
80 75
80 87
80 74
80 86
80 73
80 65
80 64
81 79
81 76
81 69
81 68
81 75
81 67
81 87
81 74
81 86
81 73
81 64
82 83
82 64
82 73
82 74
82 75
82 68
82 81
82 69
82 76
82 70
82 71
82 78
82 79
82 80
83 64
83 73
83 74
83 75
83 68
83 81
83 69
83 76
83 70
83 71
83 78
83 79
83 80
84 65
84 147
84 69
84 68
84 67
84 74
84 66
84 73
84 64
85 79
85 87
85 86
85 83
85 82
85 64
85 65
85 78
85 73
85 74
85 75
85 68
85 81
85 76
85 70
85 71
85 80
86 67
86 66
86 73
87 147
87 69
87 68
87 67
87 74
87 73
87 64
88 87
88 86
88 83
88 64
88 73
88 74
88 75
88 68
88 81
88 76
88 70
88 71
88 78
88 79
88 80
88 82
89 84
89 87
89 86
89 83
89 81
89 80
89 64
89 65
89 78
89 73
89 74
89 67
89 75
89 68
89 69
89 76
89 70
89 71
89 79
90 84
90 87
90 86
90 83
90 81
90 80
90 64
90 65
90 78
90 73
90 74
90 67
90 75
90 68
90 69
90 76
90 70
90 71
90 79
91 84
91 87
91 86
91 83
91 81
91 80
91 64
91 65
91 78
91 73
91 74
91 67
91 75
91 68
91 69
91 76
91 70
91 71
91 79
92 76
92 69
92 68
92 75
92 67
92 87
92 74
92 86
92 73
92 78
92 65
92 64
93 76
93 69
93 68
93 75
93 74
93 73
93 64
94 76
94 69
94 68
94 75
94 74
94 73
94 64
95 76
95 69
95 68
95 75
95 74
95 73
95 64
96 76
96 69
96 68
96 75
96 74
96 73
96 64
97 76
97 69
97 68
97 75
97 74
97 73
97 64
98 76
98 69
98 68
98 75
98 74
98 73
98 64
99 76
99 69
99 68
99 75
99 74
99 73
99 64
100 76
100 69
100 68
100 75
100 74
100 73
100 64
101 82
101 83
101 64
101 73
101 74
101 75
101 68
101 81
101 69
101 76
101 70
101 71
101 78
101 79
101 80
102 82
102 83
102 64
102 73
102 74
102 75
102 68
102 81
102 69
102 76
102 70
102 71
102 78
102 79
102 80
103 83
103 82
103 64
103 73
103 74
103 75
103 68
103 81
103 69
103 76
103 70
103 71
103 78
103 79
103 80
104 82
104 83
104 64
104 73
104 74
104 75
104 68
104 81
104 69
104 76
104 70
104 71
104 78
104 79
104 80
105 83
105 82
105 64
105 73
105 74
105 75
105 68
105 81
105 69
105 76
105 70
105 71
105 78
105 79
105 80
106 83
106 82
106 64
106 73
106 74
106 75
106 68
106 81
106 69
106 76
106 70
106 71
106 78
106 79
106 80
107 82
107 83
107 64
107 73
107 74
107 75
107 68
107 81
107 69
107 76
107 70
107 71
107 78
107 79
107 80
108 126
108 80
108 109
108 79
108 78
108 130
108 71
108 83
108 112
108 129
108 70
108 76
108 128
108 69
108 81
108 110
108 127
108 75
108 122
108 111
108 113
108 114
108 115
108 116
108 117
108 118
108 119
108 120
108 121
108 64
108 123
108 124
108 125
109 68
109 130
109 119
109 118
109 117
109 64
109 116
109 75
109 81
109 69
109 76
109 128
109 70
109 83
109 129
109 71
109 78
109 79
109 80
110 130
110 119
110 118
110 64
110 116
110 75
110 69
110 76
110 128
110 70
110 83
110 129
110 71
110 78
110 117
110 137
110 79
110 138
110 80
110 81
111 130
111 119
111 118
111 117
111 64
111 116
111 75
111 81
111 69
111 76
111 128
111 70
111 83
111 129
111 71
111 78
111 137
111 79
111 138
111 80
112 68
112 130
112 119
112 118
112 64
112 116
112 75
112 69
112 76
112 128
112 70
112 83
112 129
112 71
112 78
112 117
112 79
112 80
112 81
113 147
113 69
113 68
113 67
113 74
113 66
113 73
113 64
114 147
114 69
114 68
114 74
114 66
114 73
114 64
115 147
115 69
115 67
115 66
115 73
115 65
116 147
116 67
116 66
116 65
117 147
117 67
117 66
117 65
118 147
118 67
118 66
118 65
119 147
119 69
119 75
119 67
119 74
119 66
119 73
119 65
120 130
120 129
120 128
120 121
120 116
120 117
120 73
120 122
120 64
120 151
120 124
120 66
120 147
120 118
120 74
120 123
120 65
120 152
120 125
120 67
120 126
120 155
120 68
120 127
120 69
121 75
121 124
121 116
121 117
121 73
121 122
121 64
121 151
121 74
121 123
121 65
121 152
121 125
121 67
121 119
121 126
121 155
121 68
121 156
121 127
121 69
121 147
121 118
122 124
122 121
122 119
122 116
122 117
122 73
122 64
122 151
122 74
122 123
122 65
122 152
122 125
122 67
122 75
122 126
122 155
122 68
122 156
122 127
122 69
122 147
122 118
123 124
123 121
123 119
123 116
123 117
123 73
123 122
123 64
123 151
123 74
123 65
123 152
123 125
123 67
123 75
123 126
123 155
123 68
123 156
123 127
123 69
123 147
123 118
124 121
124 119
124 116
124 117
124 73
124 122
124 64
124 151
124 74
124 123
124 65
124 152
124 125
124 67
124 75
124 126
124 155
124 68
124 156
124 127
124 69
124 147
124 118
125 124
125 121
125 119
125 116
125 117
125 73
125 122
125 64
125 151
125 74
125 123
125 65
125 152
125 67
125 75
125 126
125 155
125 68
125 156
125 127
125 69
125 147
125 118
126 124
126 121
126 119
126 116
126 117
126 73
126 122
126 64
126 151
126 74
126 123
126 65
126 152
126 125
126 67
126 75
126 155
126 68
126 156
126 127
126 69
126 147
126 118
127 124
127 121
127 119
127 116
127 117
127 73
127 122
127 64
127 151
127 74
127 123
127 65
127 152
127 125
127 67
127 75
127 126
127 155
127 68
127 156
127 69
127 147
127 118
128 124
128 121
128 126
128 155
128 116
128 117
128 73
128 122
128 64
128 151
128 74
128 123
128 65
128 152
128 125
128 67
128 119
128 75
128 156
128 127
128 69
128 147
128 118
129 124
129 121
129 126
129 155
129 116
129 117
129 73
129 122
129 64
129 151
129 74
129 123
129 65
129 152
129 125
129 67
129 119
129 75
129 156
129 127
129 69
129 147
129 118
130 124
130 121
130 126
130 155
130 116
130 117
130 73
130 122
130 64
130 151
130 74
130 123
130 65
130 152
130 125
130 67
130 119
130 75
130 156
130 127
130 69
130 147
130 118
131 126
131 80
131 109
131 79
131 78
131 130
131 71
131 83
131 112
131 129
131 70
131 76
131 128
131 69
131 81
131 110
131 127
131 75
131 122
131 111
131 113
131 114
131 115
131 116
131 117
131 118
131 119
131 120
131 121
131 64
131 123
131 124
131 125
132 127
132 81
132 110
132 80
132 109
132 79
132 78
132 130
132 71
132 83
132 112
132 129
132 70
132 76
132 128
132 69
132 75
132 122
132 111
132 113
132 114
132 115
132 116
132 117
132 118
132 119
132 120
132 121
132 64
132 123
132 124
132 125
132 126
133 127
133 81
133 110
133 80
133 109
133 79
133 78
133 130
133 71
133 83
133 112
133 129
133 70
133 76
133 128
133 69
133 75
133 122
133 111
133 113
133 114
133 115
133 116
133 117
133 118
133 119
133 120
133 121
133 64
133 123
133 124
133 125
133 126
134 127
134 81
134 110
134 80
134 109
134 79
134 78
134 130
134 71
134 83
134 112
134 129
134 70
134 76
134 128
134 69
134 75
134 122
134 111
134 113
134 114
134 115
134 116
134 117
134 118
134 119
134 120
134 121
134 64
134 123
134 124
134 125
134 126
135 127
135 81
135 110
135 80
135 109
135 79
135 78
135 130
135 71
135 83
135 112
135 129
135 70
135 76
135 128
135 69
135 75
135 122
135 111
135 113
135 114
135 115
135 116
135 117
135 118
135 119
135 120
135 121
135 64
135 123
135 124
135 125
135 126
136 127
136 126
136 125
136 124
136 81
136 110
136 80
136 109
136 138
136 79
136 137
136 78
136 130
136 71
136 83
136 112
136 129
136 70
136 76
136 128
136 69
136 75
136 73
136 122
136 111
136 113
136 114
136 115
136 116
136 117
136 118
136 119
136 120
136 121
136 64
136 123
137 116
137 117
137 73
137 64
137 151
137 74
137 65
137 152
137 67
137 119
137 155
137 68
137 156
137 69
137 147
137 118
138 116
138 117
138 73
138 64
138 151
138 74
138 65
138 152
138 67
138 119
138 155
138 68
138 156
138 69
138 147
138 118
139 127
139 81
139 110
139 80
139 109
139 79
139 78
139 130
139 71
139 83
139 112
139 129
139 70
139 76
139 128
139 69
139 75
139 73
139 122
139 111
139 114
139 115
139 116
139 117
139 118
139 119
139 120
139 121
139 64
139 123
139 124
139 125
139 126
140 130
140 119
140 118
140 117
140 116
140 115
140 114
140 64
140 65
140 78
140 75
140 68
140 81
140 69
140 76
140 128
140 70
140 83
140 129
140 71
140 79
140 80
141 69
141 130
141 119
141 118
141 117
141 116
141 115
141 114
141 83
141 64
141 65
141 78
141 67
141 80
141 75
141 68
141 81
141 76
141 128
141 70
141 129
141 71
141 79
142 130
142 119
142 118
142 117
142 116
142 115
142 64
142 75
142 114
142 68
142 81
142 69
142 76
142 128
142 70
142 83
142 129
142 71
142 78
142 137
142 79
142 138
142 80
143 130
143 119
143 118
143 117
143 116
143 115
143 64
143 75
143 114
143 68
143 81
143 69
143 76
143 128
143 70
143 83
143 129
143 71
143 78
143 137
143 79
143 138
143 80
144 145
144 119
144 118
144 130
144 117
144 128
144 76
144 69
144 75
144 129
144 116
144 64
145 69
145 73
145 65
146 145
146 76
146 69
146 75
146 64
147 69
147 68
147 67
147 74
147 73
147 64
148 147
148 69
148 68
148 74
148 73
148 65
148 64
149 118
149 147
149 69
149 68
149 67
149 74
149 73
149 117
149 65
149 116
149 64
150 147
150 69
150 67
150 73
150 65
151 147
151 69
151 67
151 66
151 73
151 65
152 147
152 69
152 75
152 67
152 74
152 66
152 73
152 64
153 147
153 69
153 68
153 75
153 67
153 74
153 66
153 73
153 65
153 64
154 147
154 69
154 75
154 67
154 64
155 147
155 69
155 68
155 67
155 74
155 66
155 73
155 65
155 64
156 67
156 65
157 65
157 73
157 66
157 74
157 67
157 68
157 147
157 64
157 156
157 69
157 128
158 124
158 121
158 119
158 116
158 117
158 73
158 122
158 64
158 151
158 74
158 123
158 65
158 152
158 125
158 67
158 75
158 126
158 155
158 156
158 127
158 69
158 147
158 118
159 124
159 121
159 119
159 116
159 117
159 73
159 122
159 64
159 151
159 74
159 123
159 65
159 152
159 125
159 67
159 75
159 126
159 155
159 156
159 127
159 69
159 147
159 118
160 124
160 121
160 119
160 116
160 117
160 73
160 122
160 64
160 151
160 74
160 123
160 65
160 152
160 125
160 67
160 75
160 126
160 155
160 156
160 127
160 69
160 147
160 118
161 124
161 121
161 119
161 116
161 117
161 73
161 122
161 64
161 151
161 74
161 123
161 65
161 152
161 125
161 67
161 75
161 126
161 155
161 156
161 127
161 69
161 147
161 118
162 124
162 121
162 119
162 116
162 117
162 73
162 122
162 64
162 151
162 74
162 123
162 65
162 152
162 125
162 67
162 75
162 126
162 155
162 156
162 127
162 69
162 147
162 118
163 124
163 121
163 119
163 116
163 117
163 73
163 122
163 64
163 151
163 74
163 123
163 65
163 152
163 125
163 67
163 75
163 126
163 155
163 156
163 127
163 69
163 147
163 118
164 130
164 129
164 128
164 125
164 124
164 121
164 138
164 116
164 126
164 155
164 75
164 156
164 127
164 69
164 122
164 64
164 151
164 123
164 152
164 117
164 147
164 118
164 119
164 120
164 137
165 73
165 74
165 126
165 125
165 67
165 75
165 127
165 69
165 147
165 121
165 64
165 122
165 65
165 123
165 124
166 124
166 121
166 126
166 155
166 116
166 117
166 73
166 122
166 64
166 151
166 74
166 123
166 65
166 152
166 125
166 67
166 119
166 75
166 156
166 127
166 69
166 147
166 118
167 124
167 121
167 126
167 155
167 116
167 117
167 73
167 122
167 64
167 151
167 74
167 123
167 65
167 152
167 125
167 67
167 119
167 75
167 156
167 127
167 69
167 147
167 118
168 124
168 121
168 126
168 155
168 116
168 117
168 73
168 122
168 64
168 151
168 74
168 123
168 65
168 152
168 125
168 67
168 119
168 75
168 156
168 127
168 69
168 147
168 118
169 124
169 121
169 126
169 155
169 116
169 117
169 73
169 122
169 64
169 151
169 74
169 123
169 65
169 152
169 125
169 67
169 119
169 75
169 156
169 127
169 69
169 147
169 118
170 124
170 121
170 126
170 155
170 116
170 117
170 73
170 122
170 64
170 151
170 74
170 123
170 65
170 152
170 125
170 67
170 119
170 75
170 156
170 127
170 69
170 147
170 118
171 124
171 121
171 126
171 155
171 116
171 117
171 73
171 122
171 64
171 151
171 74
171 123
171 65
171 152
171 125
171 67
171 119
171 75
171 156
171 127
171 69
171 147
171 118
172 124
172 121
172 126
172 155
172 116
172 117
172 73
172 122
172 64
172 151
172 74
172 123
172 65
172 152
172 125
172 67
172 119
172 75
172 156
172 127
172 69
172 147
172 118
173 126
173 73
173 74
173 125
173 67
173 75
173 127
173 69
173 147
173 121
173 64
173 122
173 65
173 123
173 124
174 124
174 121
174 126
174 155
174 116
174 117
174 73
174 122
174 64
174 151
174 74
174 123
174 65
174 152
174 125
174 67
174 119
174 75
174 156
174 127
174 69
174 147
174 118
175 69
175 68
175 67
175 74
175 73
175 65
175 64
176 69
176 68
176 67
176 74
176 73
176 65
176 64
177 72
177 125
177 124
177 121
177 128
177 157
177 120
177 116
177 126
177 155
177 73
177 122
177 64
177 151
177 74
177 123
177 152
177 75
177 127
177 69
177 115
177 117
177 118
177 119
178 118
178 69
178 68
178 119
178 67
178 74
178 73
178 117
178 65
178 116
178 64
179 174
179 154
180 174
180 154
181 174
181 154
182 174
182 154