36 621
84 450
104 616
126 1207
155 75
159 979
168 173
181 689
190 10
271 272
272 7
278 10
297 7
297 10
305 421
312 421
362 162
376 29
408 4
441 82
524 93
534 980
552 18
552 10
553 37
558 2
558 10
563 36
574 575
577 634
584 42
589 590
589 75
604 1161
634 10
677 944
682 191
688 852
699 188
718 13
718 10
725 612
734 709
785 1068
788 677
803 805
828 1080
835 301
856 417
867 973
877 76
879 367
888 182
901 900
904 188
924 732
924 188
968 762
976 666
976 301
980 301
981 996
985 301
985 593
997 666
1004 762
1028 54
1030 794
1030 301
1031 301
1031 76
1034 913
1044 629
1044 301
1096 197
1113 586
1124 845
1128 76
1136 1182
1160 14
1188 185
1191 218
1192 783
1199 76
1218 147
1221 221
1223 223