8 544
15 234
15 1384
20 1446
30 679
35 34
39 24
41 533
62 2566
65 144
66 69
71 677
74 2013
84 27
87 47
90 680
109 884
114 171
123 553
131 154
132 346
140 323
143 111
146 17
157 716
163 2177
163 1807
163 1850
163 309
191 448
216 707
246 560
250 170
258 7
299 596
330 42
343 530
344 1
344 316
344 1087
345 2654
378 2447
398 1493
412 688
427 494
427 526
427 353
427 610
430 89
430 2033
438 720
455 374
462 187
471 1045
477 229
479 147
485 711
504 702
509 669
515 637
552 239
554 446
566 733
569 767
570 1922
575 491
576 293
576 1709
591 2468
611 368
611 2352
611 1755
617 226
629 221
638 1808
638 2045
642 484
642 697
655 198
664 978
668 1538
676 1014
687 110
703 2233
706 2015
712 1036
719 609
745 666
747 599
747 628
747 1871
764 1311
772 768
795 794
798 1360
802 973
820 1115
838 1458
847 1402
848 1400
849 1720
865 795
868 1837
878 1023
909 827
913 2332
914 516
917 850
955 1280
967 957
967 1394
969 954
970 1396
988 1515
1019 926
1029 1090
1029 2456
1046 1647
1052 1051
1120 2275
1136 935
1145 1323
1153 1675
1156 1013
1167 1332
1172 915
1172 798
1176 2272
1178 1688
1193 1183
1196 840
1202 1183
1211 1247
1217 1349
1271 236
1282 1494
1282 1022
1288 1056
1290 1226
1294 915
1302 1735
1307 1657
1313 1623
1355 1575
1383 1398
1392 1299
1421 821
1429 1208
1434 1208
1441 1638
1453 1152
1453 1665
1461 1357
1464 1021
1466 1650
1491 851
1491 1390
1498 782
1503 1276
1521 197
1523 813
1528 1487
1540 1443
1541 1395
1550 1419
1565 899
1569 1587
1581 1711
1586 1388
1613 1162
1621 1448
1629 796
1648 1355
1658 884
1659 1652
1660 952
1662 1036
1669 1236
1674 1680
1681 1682
1682 1681
1714 1458
1724 1492
1746 1948
1761 2208
1768 2257
1779 2007
1798 2120
1815 2671
1818 2073
1820 2383
1827 2224
1839 290
1843 2626
1845 862
1849 2163
1850 2554
1852 2592
1853 2320
1853 1861
1866 2272
1874 1920
1894 414
1906 2421
1910 2488
1915 1981
1941 1926
1946 1030
1975 2689
1981 2491
1994 2241
1996 1997
2006 1824
2013 2382
2024 737
2047 1880
2055 2352
2070 2640
2075 1855
2084 2615
2098 2156
2101 2470
2106 1750
2113 2623
2119 2154
2129 2454
2134 2644
2136 2148
2141 2345
2142 2096
2185 2109
2187 2314
2191 362
2192 177
2197 2213
2202 2638
2207 79
2207 1786
2251 2296
2254 1890
2268 1753
2269 2277
2275 411
2283 2284
2301 2588
2304 908
2307 1772
2337 2610
2361 1840
2367 2577
2386 2387
2395 2665
2401 1988
2412 2255
2412 1758
2423 1064
2470 1230
2481 1858
2486 1970
2490 1807
2492 1900
2494 2063
2503 2358
2511 2320
2511 2083
2512 1930
2528 1858
2533 2517
2538 2325
2543 2440
2544 2568
2573 1942
2576 1051
2581 2403
2583 947
2584 2632
2585 1830
2585 1809
2585 977
2586 2486
2586 2113
2597 1698
2597 2256
2599 2162
2612 724
2619 328
2620 1972
2627 1161
2634 1197
2649 2436
2666 2411
2678 2576
2678 2477
2684 2523
2706 1752