36 621
84 450
104 616
126 1207
155 75
159 979
168 173
181 689
278 10
297 7
301 888
310 421
340 272
376 29
401 362
418 52
441 82
524 10
524 93
552 18
553 37
558 2
563 10
563 36
575 574
577 634
584 42
590 25
604 1161
661 10
677 944
682 191
688 852
699 188
718 13
725 612
734 709
785 1068
788 677
803 805
828 1080
835 301
856 417
867 973
877 191
879 367
901 900
981 996
997 666
1024 762
1028 54
1034 913
1096 197
1117 223
1122 845
1128 76
1136 1182
1160 14
1188 185
1191 218
1192 783
1199 76
1210 188
1218 147
1221 221