1 505
2 558
4 408
7 272
7 297
10 278
10 190
10 297
10 558
14 1160
14 1216
16 20
19 207
25 590
29 376
31 447
36 563
36 621
37 553
42 584
48 725
54 1099
54 1028
54 596
76 1128
76 1031
76 968
76 1199
76 1004
76 1216
82 474
93 524
96 682
96 1186
104 616
126 1208
136 492
147 1218
155 401
159 979
168 173
170 434
181 689
182 888
182 1203
185 1188
188 1203
188 1210
188 699
191 877
197 1096
208 488
218 1191
221 1221
223 1223
231 232
235 296
251 252
269 1144
271 272
296 301
301 900
301 1003
301 725
301 570
305 421
312 421
332 333
362 401
367 879
386 601
407 485
417 856
450 1141
456 681
526 570
534 980
586 1113
593 985
604 1161
612 725
629 1044
666 997
666 976
677 788
677 944
688 852
709 734
783 1192
785 1068
794 1030
803 805
828 1080
845 1124
867 973
882 1045
899 900
911 1034
921 1088
981 996
1136 1182