0 63
0 62
0 61
0 60
0 29
0 28
0 27
0 26
0 25
0 24
0 23
0 22
0 21
0 20
0 19
0 18
0 17
0 16
0 15
0 14
0 1
0 2
0 3
0 4
0 5
0 6
0 7
0 8
0 9
0 10
0 11
0 12
0 13
0 30
0 31
0 32
0 33
0 34
0 35
0 36
0 37
0 38
0 39
0 40
0 41
0 42
0 43
0 44
0 45
0 46
0 47
0 48
0 49
0 50
0 51
0 52
0 53
0 54
0 55
0 56
0 57
0 58
0 59
1 76
1 69
1 68
1 67
1 65
2 147
2 65
3 147
3 69
3 68
3 67
3 74
3 73
3 64
3 156
4 178
4 148
4 143
5 178
5 148
5 143
6 178
6 148
6 143
7 178
7 148
7 143
8 178
8 148
8 143
9 178
9 148
9 143
10 178
10 148
10 143
11 178
11 148
11 143
12 178
12 148
12 143
13 178
13 148
13 143
14 178
14 148
14 143
15 178
15 148
15 143
16 178
16 148
16 143
17 178
17 148
17 143
18 178
18 148
18 143
19 178
19 148
19 143
20 178
20 148
20 143
21 178
21 148
21 143
22 178
22 148
22 143
23 178
23 148
23 143
24 178
24 148
24 143
25 178
25 148
25 143
26 178
26 148
26 143
27 178
27 148
27 143
28 178
28 148
28 143
29 83
29 105
29 104
29 82
29 103
29 102
29 101
29 100
29 99
29 98
29 97
29 96
29 107
29 78
29 91
29 106
29 77
29 90
29 79
29 92
29 85
29 88
29 89
29 93
29 94
29 95
30 79
30 77
30 78
31 83
31 105
31 104
31 82
31 103
31 102
31 101
31 100
31 99
31 98
31 97
31 96
31 107
31 78
31 91
31 106
31 77
31 90
31 79
31 92
31 85
31 88
31 89
31 93
31 94
31 95
32 79
32 77
32 78
33 83
33 105
33 104
33 82
33 103
33 102
33 101
33 100
33 99
33 98
33 97
33 96
33 107
33 78
33 91
33 106
33 77
33 90
33 79
33 92
33 85
33 88
33 89
33 93
33 94
33 95
34 79
34 77
34 78
35 83
35 105
35 104
35 82
35 103
35 102
35 101
35 100
35 99
35 98
35 97
35 96
35 107
35 78
35 91
35 106
35 77
35 90
35 79
35 92
35 85
35 88
35 89
35 93
35 94
35 95
36 83
36 105
36 104
36 82
36 103
36 102
36 101
36 100
36 99
36 98
36 97
36 96
36 107
36 78
36 91
36 106
36 77
36 90
36 79
36 92
36 85
36 88
36 89
36 93
36 94
36 95
38 89
38 92
38 79
38 90
38 77
38 91
38 78
39 89
39 92
39 79
39 90
39 77
39 91
39 78
40 83
40 105
40 104
40 82
40 103
40 102
40 101
40 100
40 99
40 98
40 97
40 96
40 107
40 78
40 91
40 106
40 77
40 90
40 79
40 92
40 85
40 88
40 89
40 93
40 94
40 95
41 83
41 105
41 104
41 82
41 103
41 102
41 101
41 100
41 99
41 98
41 97
41 96
41 107
41 78
41 91
41 106
41 77
41 90
41 79
41 92
41 85
41 88
41 89
41 93
41 94
41 95
42 83
42 105
42 104
42 82
42 103
42 102
42 101
42 100
42 99
42 98
42 97
42 96
42 107
42 78
42 91
42 106
42 77
42 90
42 79
42 92
42 85
42 88
42 89
42 93
42 94
42 95
43 89
43 92
43 79
43 90
43 77
43 91
43 78
44 89
44 92
44 79
44 90
44 77
44 91
44 78
45 83
45 105
45 104
45 82
45 103
45 102
45 101
45 100
45 99
45 98
45 97
45 96
45 107
45 78
45 91
45 106
45 77
45 90
45 79
45 92
45 85
45 88
45 89
45 93
45 94
45 95
46 89
46 92
46 79
46 90
46 77
46 91
46 78
47 89
47 92
47 79
47 90
47 77
47 91
47 78
48 83
48 105
48 104
48 82
48 103
48 102
48 101
48 100
48 99
48 98
48 97
48 96
48 107
48 78
48 91
48 106
48 77
48 90
48 79
48 92
48 85
48 88
48 89
48 93
48 94
48 95
49 83
49 105
49 104
49 82
49 103
49 102
49 101
49 100
49 99
49 98
49 97
49 96
49 107
49 78
49 91
49 106
49 77
49 90
49 79
49 92
49 85
49 88
49 89
49 93
49 94
49 95
50 89
50 92
50 79
50 90
50 77
50 91
50 78
51 83
51 105
51 104
51 82
51 103
51 102
51 101
51 100
51 99
51 98
51 97
51 96
51 107
51 78
51 91
51 106
51 77
51 90
51 79
51 92
51 85
51 88
51 89
51 93
51 94
51 95
52 83
52 105
52 104
52 82
52 103
52 102
52 101
52 100
52 99
52 98
52 97
52 96
52 107
52 78
52 91
52 106
52 77
52 90
52 79
52 92
52 85
52 88
52 89
52 93
52 94
52 95
53 89
53 92
53 79
53 90
53 77
53 91
53 78
54 89
54 92
54 79
54 90
54 77
54 91
54 78
55 83
55 105
55 104
55 82
55 103
55 102
55 101
55 100
55 99
55 98
55 97
55 96
55 107
55 78
55 91
55 106
55 77
55 90
55 79
55 92
55 85
55 88
55 89
55 93
55 94
55 95
56 83
56 105
56 104
56 82
56 103
56 102
56 101
56 100
56 99
56 98
56 97
56 96
56 107
56 78
56 91
56 106
56 77
56 90
56 79
56 92
56 85
56 88
56 89
56 93
56 94
56 95
57 89
57 88
57 85
57 92
57 79
57 90
57 77
57 91
57 78
58 79
58 77
58 78
59 89
59 88
59 85
59 92
59 79
59 90
59 77
59 91
59 78
60 143
60 142
60 131
60 79
60 108
60 134
60 132
60 133
60 77
60 135
60 78
60 136
60 139
60 141
61 79
61 77
61 78
62 143
62 142
62 141
62 139
62 136
62 78
62 91
62 135
62 77
62 90
62 92
62 131
62 89
62 79
62 108
62 134
62 132
62 133
63 181
63 180
63 179
63 176
63 175
63 182
63 173
63 172
63 171
63 130
63 170
63 129
63 169
63 168
63 142
63 141
63 140
63 139
63 136
63 165
63 135
63 164
63 133
63 162
63 132
63 161
63 131
63 160
63 134
63 163
63 167
63 108
63 166
63 143
63 177
63 144
63 146
63 148
63 149
63 150
63 153
63 157
63 158
63 159
64 165
64 173
64 178
64 177
64 176
64 175
64 174
64 172
64 171
64 170
64 129
64 169
64 168
64 167
64 128
64 166
64 164
64 163
64 162
64 161
64 160
64 159
64 158
64 127
64 126
64 125
64 124
64 123
64 122
64 121
64 138
64 137
64 157
64 120
64 130
64 155
64 84
64 87
64 147
64 154
64 103
64 102
64 101
64 93
64 152
64 81
64 140
64 80
64 139
64 92
64 91
64 90
64 149
64 94
64 153
64 65
64 78
64 95
64 66
64 79
64 96
64 67
64 97
64 68
64 98
64 69
64 99
64 70
64 100
64 71
64 77
64 136
64 85
64 144
64 88
64 89
64 148
64 82
64 141
64 104
64 105
64 106
64 107
64 83
64 142
64 108
64 131
64 132
64 133
64 134
64 135
64 143
64 109
64 110
64 111
64 112
64 146
64 113
64 114
65 148
65 156
65 178
65 145
65 176
65 175
65 174
65 173
65 172
65 171
65 116
65 115
65 141
65 140
65 150
65 91
65 92
65 151
65 149
65 90
65 89
65 120
65 123
65 153
65 66
65 125
65 117
65 119
65 79
65 138
65 72
65 73
65 74
65 75
65 69
65 128
65 76
65 130
65 78
65 137
65 118
65 84
65 155
65 157
65 121
65 122
65 124
65 126
65 127
65 158
65 159
65 160
65 161
65 162
65 163
65 165
65 166
65 167
65 168
65 169
65 129
65 170
66 157
66 120
66 119
66 118
66 117
66 116
66 114
66 151
66 152
66 73
66 115
66 86
66 153
66 72
66 74
66 84
66 113
66 67
66 75
66 68
66 155
66 69
66 76
67 156
67 178
67 176
67 175
67 174
67 173
67 172
67 171
67 170
67 116
67 152
67 113
67 115
67 86
67 141
67 150
67 91
67 92
67 151
67 149
67 90
67 123
67 77
67 119
67 73
67 74
67 153
67 125
67 117
67 79
67 138
67 72
67 75
67 69
67 128
67 76
67 118
67 89
67 154
67 147
67 87
67 84
67 155
67 130
67 121
67 120
67 157
67 137
67 122
67 124
67 126
67 127
67 158
67 159
67 160
67 161
67 162
67 163
67 165
67 166
67 167
67 168
67 169
67 129
68 178
68 176
68 175
68 127
68 126
68 125
68 124
68 123
68 122
68 121
68 138
68 137
68 97
68 96
68 155
68 94
68 153
68 81
68 140
68 80
68 92
68 91
68 90
68 149
68 89
68 148
68 85
68 79
68 93
68 77
68 73
68 74
68 75
68 95
68 88
68 147
68 72
68 98
68 157
68 69
68 76
68 99
68 70
68 71
68 78
68 100
68 101
68 102
68 103
68 82
68 141
68 104
68 105
68 106
68 107
68 83
68 142
68 143
68 84
68 113
68 114
68 87
68 120
69 178
69 145
69 177
69 176
69 175
69 174
69 173
69 172
69 171
69 170
69 129
69 169
69 168
69 167
69 166
69 165
69 164
69 163
69 162
69 161
69 160
69 159
69 158
69 127
69 126
69 125
69 124
69 123
69 122
69 121
69 138
69 137
69 157
69 120
69 130
69 155
69 84
69 87
69 147
69 154
69 119
69 153
69 152
69 151
69 115
69 100
69 99
69 81
69 140
69 80
69 139
69 92
69 91
69 150
69 90
69 149
69 89
69 148
69 93
69 102
69 73
69 132
69 74
69 133
69 75
69 134
69 94
69 95
69 128
69 79
69 96
69 97
69 98
69 101
69 72
69 131
69 76
69 135
69 103
69 82
69 141
69 104
69 105
69 106
69 107
69 83
69 142
69 108
69 136
69 143
69 109
69 110
69 111
69 112
69 144
69 146
69 113
69 114
70 112
70 111
70 110
70 109
70 131
70 139
70 80
70 79
70 108
70 71
70 142
70 83
70 135
70 76
70 105
70 140
70 81
70 134
70 75
70 104
70 133
70 74
70 103
70 132
70 73
70 102
70 136
70 77
70 106
70 143
70 84
70 78
70 107
70 85
70 88
70 89
70 90
70 91
70 101
70 141
70 82
71 112
71 111
71 110
71 109
71 131
71 108
71 139
71 80
71 79
71 135
71 76
71 105
71 140
71 81
71 134
71 75
71 104
71 133
71 74
71 103
71 132
71 73
71 102
71 136
71 77
71 106
71 142
71 83
71 143
71 84
71 78
71 107
71 85
71 88
71 89
71 90
71 91
71 101
71 141
71 82
72 176
72 175
72 75
72 74
72 177
72 73
73 178
73 145
73 177
73 176
73 175
73 174
73 173
73 172
73 171
73 170
73 129
73 169
73 168
73 167
73 128
73 166
73 165
73 163
73 162
73 161
73 160
73 159
73 158
73 127
73 126
73 125
73 124
73 123
73 122
73 102
73 93
73 152
73 81
73 80
73 139
73 92
73 151
73 91
73 150
73 90
73 149
73 89
73 148
73 94
73 153
73 78
73 137
73 95
73 79
73 138
73 96
73 155
73 97
73 98
73 157
73 99
73 100
73 101
73 85
73 77
73 136
73 88
73 147
73 103
73 82
73 104
73 105
73 106
73 107
73 83
73 86
73 113
73 114
73 115
73 119
73 87
73 84
73 130
73 121
73 120
74 178
74 177
74 176
74 175
74 174
74 173
74 172
74 171
74 170
74 129
74 169
74 168
74 167
74 128
74 166
74 165
74 163
74 162
74 161
74 160
74 159
74 158
74 102
74 93
74 152
74 81
74 80
74 92
74 91
74 90
74 149
74 89
74 148
74 94
74 153
74 124
74 78
74 137
74 95
74 125
74 79
74 138
74 96
74 155
74 126
74 97
74 127
74 98
74 157
74 99
74 100
74 101
74 85
74 77
74 88
74 147
74 103
74 82
74 104
74 105
74 106
74 107
74 83
74 113
74 114
74 119
74 87
74 84
74 130
74 121
74 120
74 122
74 123
75 121
75 177
75 174
75 173
75 172
75 171
75 130
75 170
75 129
75 169
75 168
75 167
75 128
75 166
75 165
75 164
75 163
75 162
75 161
75 160
75 159
75 158
75 127
75 126
75 125
75 124
75 123
75 102
75 93
75 152
75 81
75 140
75 80
75 139
75 92
75 91
75 90
75 89
75 94
75 153
75 78
75 95
75 154
75 79
75 96
75 97
75 98
75 99
75 100
75 101
75 131
75 85
75 144
75 77
75 136
75 88
75 103
75 82
75 141
75 104
75 105
75 106
75 107
75 83
75 142
75 108
75 132
75 133
75 134
75 135
75 143
75 109
75 110
75 111
75 112
75 146
75 119
75 122
76 79
76 146
76 112
76 111
76 110
76 109
76 143
76 135
76 134
76 133
76 132
76 131
76 108
76 142
76 83
76 107
76 106
76 105
76 104
76 141
76 82
76 103
76 88
76 144
76 85
76 100
76 99
76 136
76 77
76 98
76 97
76 96
76 95
76 78
76 94
76 89
76 90
76 91
76 92
76 139
76 80
76 140
76 81
76 93
76 101
76 102
77 79
77 78
77 81
77 80
77 82
77 83
77 84
78 82
78 141
78 101
78 92
78 91
78 90
78 89
78 88
78 85
78 84
78 143
78 83
78 142
78 81
78 140
78 106
78 136
78 102
78 132
78 103
78 133
78 104
78 134
78 105
78 135
78 79
78 80
78 139
78 107
78 108
78 131
78 109
78 110
78 111
78 112
79 82
79 141
79 101
79 91
79 90
79 89
79 88
79 85
79 84
79 143
79 81
79 140
79 80
79 139
79 106
79 136
79 102
79 132
79 103
79 133
79 104
79 134
79 105
79 135
79 107
79 83
79 142
79 108
79 131
79 109
79 110
79 111
79 112
80 112
80 111
80 110
80 109
80 143
80 140
80 139
80 131
80 108
80 132
80 102
80 89
80 88
80 85
80 91
80 107
80 90
80 136
80 106
80 133
80 103
80 134
80 104
80 135
80 105
80 86
80 87
80 101
80 141
80 82
80 142
80 83
81 112
81 111
81 110
81 109
81 143
81 140
81 139
81 131
81 108
81 133
81 103
81 132
81 102
81 89
81 88
81 85
81 91
81 107
81 90
81 136
81 106
81 134
81 104
81 135
81 105
81 86
81 87
81 101
81 141
81 82
81 142
81 83
82 102
82 107
82 101
82 103
82 104
82 85
82 106
82 105
82 83
82 88
83 112
83 111
83 110
83 109
83 143
83 131
83 141
83 102
83 132
83 89
83 101
83 88
83 85
83 91
83 107
83 103
83 133
83 90
83 136
83 106
83 104
83 134
83 105
83 135
83 108
83 139
83 140
83 142
84 90
84 91
84 147
84 89
85 86
85 87
86 92
86 91
86 90
86 89
86 88
87 88
87 147
87 89
87 90
87 91
87 92
108 126
108 109
108 130
108 112
108 129
108 128
108 110
108 127
108 122
108 111
108 113
108 114
108 115
108 116
108 117
108 118
108 119
108 120
108 121
108 123
108 124
108 125
109 130
109 119
109 118
109 117
109 116
109 129
109 128
109 131
109 132
109 135
109 136
109 139
109 133
109 134
110 130
110 119
110 118
110 117
110 116
110 138
110 129
110 137
110 131
110 132
110 135
110 128
110 136
110 139
110 133
110 134
111 130
111 119
111 118
111 117
111 116
111 138
111 129
111 128
111 137
111 131
111 132
111 135
111 136
111 139
111 133
111 134
112 130
112 119
112 118
112 117
112 116
112 129
112 131
112 132
112 135
112 128
112 136
112 139
112 133
112 134
113 147
113 134
113 133
113 135
113 136
113 131
113 132
114 147
114 134
114 131
114 132
114 133
114 135
114 136
114 139
114 140
114 141
114 142
114 143
115 177
115 147
115 134
115 131
115 132
115 133
115 135
115 136
115 139
115 140
115 141
115 142
115 143
116 178
116 177
116 174
116 172
116 130
116 129
116 128
116 166
116 164
116 163
116 162
116 161
116 160
116 159
116 158
116 127
116 143
116 142
116 141
116 171
116 140
116 170
116 139
116 169
116 136
116 168
116 138
116 135
116 133
116 132
116 131
116 134
116 167
116 137
116 144
116 149
116 120
116 123
116 125
116 124
116 126
116 147
116 121
116 122
117 178
117 177
117 174
117 172
117 130
117 129
117 128
117 166
117 164
117 163
117 162
117 161
117 160
117 159
117 158
117 127
117 143
117 142
117 141
117 171
117 140
117 170
117 139
117 169
117 136
117 168
117 138
117 135
117 133
117 132
117 131
117 134
117 167
117 137
117 144
117 149
117 120
117 123
117 125
117 124
117 126
117 147
117 121
117 122
118 178
118 177
118 174
118 172
118 130
118 129
118 128
118 166
118 164
118 163
118 162
118 161
118 160
118 159
118 158
118 127
118 143
118 142
118 141
118 171
118 140
118 170
118 139
118 169
118 136
118 168
118 138
118 135
118 133
118 132
118 131
118 134
118 167
118 137
118 144
118 149
118 120
118 123
118 125
118 124
118 126
118 147
118 121
118 122
119 178
119 177
119 174
119 172
119 130
119 129
119 166
119 164
119 163
119 162
119 161
119 160
119 159
119 158
119 127
119 123
119 143
119 142
119 141
119 171
119 140
119 170
119 139
119 169
119 136
119 168
119 138
119 135
119 133
119 131
119 132
119 134
119 167
119 137
119 144
119 124
119 125
119 126
119 128
119 147
119 121
119 122
120 164
120 130
120 129
120 131
120 152
120 123
120 151
120 122
120 132
120 139
120 136
120 135
120 133
120 124
120 134
120 125
120 127
120 155
120 126
120 128
120 177
120 147
120 121
121 174
121 173
121 172
121 171
121 130
121 170
121 129
121 169
121 168
121 166
121 165
121 164
121 163
121 162
121 161
121 160
121 159
121 158
121 156
121 131
121 152
121 123
121 151
121 122
121 132
121 139
121 136
121 135
121 133
121 134
121 167
121 126
121 125
121 127
121 155
121 128
121 177
121 147
121 124
122 174
122 173
122 172
122 171
122 130
122 170
122 129
122 169
122 168
122 166
122 165
122 164
122 163
122 162
122 161
122 160
122 159
122 158
122 156
122 125
122 124
122 152
122 123
122 151
122 139
122 136
122 135
122 133
122 131
122 132
122 134
122 167
122 126
122 127
122 155
122 128
122 177
122 147
123 174
123 173
123 172
123 171
123 130
123 170
123 129
123 169
123 168
123 166
123 165
123 164
123 163
123 162
123 161
123 160
123 159
123 158
123 156
123 125
123 152
123 151
123 139
123 136
123 135
123 133
123 131
123 132
123 134
123 167
123 126
123 127
123 155
123 128
123 177
123 147
123 124
124 174
124 173
124 172
124 171
124 130
124 170
124 129
124 169
124 168
124 166
124 165
124 164
124 163
124 162
124 161
124 160
124 159
124 158
124 156
124 125
124 151
124 139
124 152
124 136
124 135
124 133
124 131
124 132
124 134
124 167
124 126
124 127
124 155
124 128
124 177
124 147
125 174
125 173
125 172
125 171
125 130
125 170
125 129
125 169
125 168
125 166
125 165
125 164
125 163
125 162
125 161
125 160
125 159
125 158
125 156
125 139
125 152
125 136
125 151
125 135
125 133
125 131
125 132
125 134
125 167
125 126
125 127
125 155
125 128
125 177
125 147
126 174
126 173
126 172
126 171
126 130
126 170
126 129
126 169
126 168
126 166
126 165
126 164
126 163
126 162
126 161
126 160
126 159
126 158
126 156
126 155
126 147
126 139
126 152
126 136
126 151
126 135
126 133
126 131
126 132
126 134
126 167
126 127
126 128
126 177
127 174
127 173
127 172
127 171
127 130
127 170
127 129
127 169
127 168
127 166
127 165
127 164
127 163
127 162
127 161
127 160
127 159
127 158
127 156
127 155
127 147
127 139
127 152
127 136
127 151
127 135
127 133
127 131
127 132
127 134
127 167
127 128
127 177
128 156
128 155
128 147
128 177
128 143
128 142
128 141
128 140
128 139
128 136
128 135
128 164
128 133
128 131
128 132
128 134
128 144
128 157
128 151
128 152
129 156
129 155
129 147
129 143
129 142
129 141
129 140
129 139
129 136
129 135
129 164
129 133
129 131
129 132
129 134
129 144
129 151
129 152
130 156
130 155
130 147
130 143
130 142
130 141
130 140
130 139
130 136
130 135
130 164
130 133
130 131
130 132
130 134
130 144
130 151
130 152
136 138
136 137
137 164
137 147
137 142
137 143
137 152
137 151
137 155
137 156
138 164
138 147
138 142
138 143
138 152
138 151
138 155
138 156
144 145
145 146
147 171
147 170
147 169
147 168
147 167
147 166
147 165
147 164
147 163
147 162
147 161
147 160
147 159
147 158
147 151
147 174
147 150
147 153
147 173
147 152
147 172
147 149
147 148
147 154
147 155
147 157
151 177
151 174
151 172
151 171
151 170
151 166
151 167
151 160
151 158
151 159
151 161
151 162
151 163
151 164
151 168
151 169
152 177
152 174
152 172
152 171
152 170
152 169
152 166
152 162
152 161
152 167
152 160
152 158
152 159
152 163
152 164
152 168
154 182
154 180
154 179
154 181
155 177
155 174
155 172
155 171
155 170
155 169
155 168
155 166
155 161
155 167
155 160
155 158
155 159
155 162
155 163
155 164
156 158
156 167
156 166
156 157
156 159
156 160
156 161
156 162
156 163
156 164
156 168
156 169
156 170
156 171
156 172
156 174
157 177
174 182
174 179
174 180
174 181