1 344
4 170
7 1328
8 435
9 481
14 393
14 443
14 746
14 384
14 596
15 234
17 146
24 269
24 39
26 2612
27 84
27 532
28 586
30 679
32 679
39 82
40 761
41 533
41 94
45 1102
46 867
53 1439
55 361
58 1762
61 240
62 2566
63 739
66 2359
67 729
68 2007
71 677
74 2654
74 1634
74 2013
76 131
77 337
79 2207
79 438
81 647
84 715
88 762
90 680
94 126
97 439
98 945
102 404
106 597
108 570
109 884
109 171
110 687
111 350
113 747
114 171
119 228
122 1094
123 553
126 2208
132 346
135 418
135 654
140 323
147 479
152 1383
157 393
163 2177
163 1650
163 1807
163 346
165 432
168 475
169 576
170 250
177 2192
187 462
188 721
221 629
229 477
236 1271
240 2652
240 2308
241 763
246 560
247 1603
259 320
271 2056
271 718
275 464
279 464
284 389
285 1148
287 549
291 487
293 576
293 387
299 746
313 534
314 509
315 747
316 1519
318 1173
330 574
338 627
344 1087
344 2031
345 2389
345 377
351 1285
353 427
362 2191
364 365
365 590
373 2649
376 704
378 2447
406 2307
407 2439
408 630
413 611
417 2326
424 571
427 1399
427 526
427 2383
427 1760
427 674
427 1999
427 2574
427 1405
427 665
430 2033
436 635
438 720
445 2092
447 630
450 646
453 706
461 747
468 2219
470 638
478 568
484 642
485 711
487 538
493 747
496 1896
504 702
506 514
508 523
509 669
516 914
517 859
525 1624
528 678
531 1424
531 2187
533 777
539 883
540 543
552 1397
553 2459
568 843
570 1922
576 874
576 1246
576 726
583 1377
589 1509
591 2155
609 719
609 747
611 1265
611 1755
611 2352
612 1514
628 747
635 660
636 2233
638 2045
638 1808
642 697
648 693
666 745
684 1425
689 1826
703 2233
723 1459
724 2612
724 747
737 2024
768 772
782 1532
788 2419
793 1330
794 795
795 865
796 1629
797 1645
802 1168
802 973
803 1439
817 1367
821 1421
830 1252
834 1520
838 1458
839 872
840 1196
844 1396
849 1720
850 917
851 1491
857 2060
878 1023
878 1472
884 1658
886 1295
888 1731
894 1255
895 1436
899 1565
903 1491
904 1733
907 1252
908 2304
910 1589
915 1294
915 1172
918 1252
925 1532
939 1242
947 2583
950 1147
952 1064
952 1660
954 969
955 1280
956 2470
958 1409
967 1561
967 1394
968 1285
973 993
977 1234
979 1979
980 1488
983 1302
984 1048
988 1515
992 1354
995 1232
995 2139
997 1271
1005 1313
1021 1464
1022 1282
1023 1090
1029 1090
1029 2456
1030 1946
1033 1174
1036 1662
1038 1196
1039 1354
1040 1354
1041 1321
1050 1492
1050 1171
1051 1052
1051 2576
1054 1249
1055 1059
1057 1359
1065 1279
1069 1096
1077 1153
1083 1660
1085 1292
1088 1565
1095 1360
1097 1393
1099 1178
1100 1464
1103 1579
1104 1262
1104 1260
1112 2415
1112 1403
1114 1371
1120 2275
1120 1677
1123 1188
1125 1496
1132 1309
1145 1323
1151 1350
1152 1453
1153 1410
1153 1219
1153 1675
1161 2324
1161 1702
1162 1613
1167 1332
1167 1331
1167 1330
1174 1297
1176 2272
1183 1193
1183 1202
1197 2634
1198 1703
1199 1550
1199 1702
1208 1429
1208 1434
1211 2129
1217 1349
1227 1236
1228 1693
1239 1387
1247 2454
1249 2402
1252 1634
1252 1477
1260 2090
1263 2380
1282 1494
1285 1382
1291 1548
1299 1392
1301 1954
1304 1354
1313 1623
1313 1655
1313 1382
1314 1529
1325 2170
1333 1708
1333 1369
1337 2300
1346 1604
1354 1695
1355 1648
1357 1511
1357 1461
1370 2692
1383 1398
1383 1384
1385 1653
1385 1706
1390 1491
1399 1463
1405 1463
1406 1463
1415 1503
1417 1421
1441 1638
1443 1540
1448 1621
1453 1665
1458 1714
1466 1650
1471 1633
1474 1728
1475 1642
1482 1484
1487 1532
1487 1528
1489 2217
1491 1605
1492 1724
1495 2065
1518 1536
1538 1724
1558 2564
1569 1721
1569 1609
1569 1587
1573 2687
1575 2535
1652 1659
1681 1682
1698 2597
1716 1978
1742 2456
1743 2192
1749 2164
1750 2106
1751 2691
1752 2706
1753 2268
1755 2432
1756 2613
1758 2412
1759 2698
1760 1879
1761 2208
1764 1765
1766 1810
1768 2257
1772 2351
1772 2307
1773 2545
1779 2007
1780 2007
1782 2328
1785 2564
1786 2207
1789 2469
1798 2120
1799 2205
1807 2490
1808 2210
1809 2071
1809 2585
1815 2671
1817 2464
1818 2073
1820 2569
1820 2383
1824 2006
1825 1966
1826 2630
1827 2224
1833 2367
1834 1905
1840 2361
1843 2626
1848 2483
1849 2163
1853 2320
1853 1861
1855 2075
1856 2421
1857 2020
1858 2528
1858 2481
1866 2272
1874 1920
1875 2553
1875 2439
1876 2634
1880 2302
1881 2158
1882 1989
1883 2177
1889 2648
1892 2131
1895 2140
1900 2492
1903 2612
1910 2488
1915 2497
1915 1981
1916 2400
1925 2392
1929 2349
1935 2499
1937 2293
1939 2307
1946 2516
1947 2557
1949 1960
1951 2303
1955 2189
1969 2051
1970 2486
1972 2620
1975 2689
1976 2482
1981 2491
1983 2078
1987 2607
1992 2510
1994 2241
1996 1997
2005 2345
2010 2447
2013 2382
2023 2135
2025 2693
2030 2130
2033 2622
2036 2696
2043 2270
2045 2550
2047 2111
2055 2352
2056 2095
2069 2434
2070 2640
2070 2602
2078 2406
2080 2609
2083 2511
2084 2615
2090 2530
2096 2142
2101 2470
2105 2621
2109 2185
2111 2302
2113 2586
2113 2623
2119 2154
2121 2212
2136 2148
2141 2345
2143 2181
2145 2408
2149 2189
2153 2699
2157 2565
2162 2599
2170 2237
2184 2398
2186 2321
2187 2321
2187 2314
2189 2365
2190 2365
2191 2275
2196 2267
2201 2233
2208 2234
2208 2313
2208 2235
2209 2689
2237 2274
2238 2271
2240 2466
2243 2244
2245 2471
2254 2281
2256 2597
2264 2519
2269 2277
2273 2360
2275 2522
2278 2284
2279 2579
2283 2284
2297 2304
2301 2588
2308 2652
2312 2587
2320 2511
2321 2370
2324 2326
2325 2538
2336 2579
2337 2610
2344 2707
2359 2520
2365 2668
2367 2577
2389 2421
2394 2427
2395 2665
2411 2666
2415 2530
2423 2627
2433 2437
2436 2649
2440 2543
2448 2526
2459 2606
2467 2468
2477 2678
2486 2586
2492 2547
2523 2684
2531 2566
2544 2568
2555 2560
2576 2678
2584 2632
2596 2669
2601 2631
2612 2625
2637 2652