2 899
5 902
5 763
5 716
6 994
12 996
21 787
38 915
52 595
55 1004
57 863
65 998
65 873
65 910
72 524
82 853
84 780
87 626
88 750
96 881
107 834
107 704
107 837
121 792
121 890
129 992
137 982
137 901
145 999
157 668
170 875
181 383
189 941
191 824
211 636
211 755
211 928
215 650
231 871
238 622
242 879
258 831
258 1003
263 897
269 657
271 737
280 574
285 774
295 943
306 858
321 904
327 894
350 861
353 770
376 985
377 960
377 959
377 659
377 961
380 680
381 948
382 393
393 761
405 773
408 993
411 864
411 784
412 884
412 888
414 449
414 603
414 916
417 795
452 830
462 701
462 463
462 561
495 606
495 673
506 827
516 762
521 583
543 688
544 790
553 554
560 775
560 1002
564 876
577 578
605 846
611 938
634 635
641 946
712 995
717 788
748 944
777 862
936 965
971 973
971 975