0 99
0 97
0 95
0 93
0 91
0 89
0 85
0 84
0 83
0 81
0 79
0 78
0 76
0 70
0 69
0 68
0 67
0 64
0 63
0 62
0 61
0 60
0 29
0 27
0 26
0 24
0 21
0 19
0 14
0 2
0 3
0 8
0 12
0 13
0 30
0 32
0 34
0 37
0 38
0 40
0 45
0 47
0 48
0 52
0 53
0 54
0 56
0 58
1 99
1 95
1 93
1 89
1 88
1 87
1 86
1 83
1 81
1 80
1 79
1 78
1 77
1 76
1 72
1 71
1 70
1 67
1 66
1 64
1 63
1 28
1 26
1 19
1 17
1 16
1 29
1 2
1 6
1 7
1 8
1 9
1 12
1 38
1 40
1 41
1 42
1 43
1 46
1 47
1 49
1 50
1 51
1 56
1 57
2 95
2 93
2 90
2 89
2 87
2 86
2 84
2 79
2 76
2 75
2 73
2 71
2 69
2 68
2 67
2 66
2 65
2 64
2 63
2 62
2 60
2 27
2 26
2 24
2 23
2 22
2 20
2 17
2 14
2 59
2 13
2 4
2 7
2 10
2 30
2 31
2 32
2 33
2 38
2 39
2 40
2 41
2 42
2 43
2 44
2 45
2 47
2 48
2 58
3 97
3 96
3 95
3 92
3 91
3 90
3 89
3 85
3 83
3 79
3 78
3 77
3 76
3 71
3 70
3 69
3 68
3 67
3 66
3 65
3 63
3 61
3 60
3 28
3 26
3 24
3 23
3 21
3 20
3 19
3 13
3 4
3 7
3 8
3 9
3 30
3 31
3 32
3 34
3 36
3 37
3 39
3 40
3 41
3 42
3 44
3 47
3 49
3 53
3 54
3 55
3 56
3 57
3 58
4 99
4 97
4 95
4 94
4 92
4 90
4 89
4 87
4 86
4 85
4 84
4 80
4 78
4 76
4 75
4 74
4 72
4 67
4 66
4 64
4 61
4 60
4 28
4 26
4 25
4 24
4 22
4 21
4 18
4 15
4 13
4 5
4 8
4 9
4 11
4 30
4 31
4 32
4 33
4 36
4 37
4 39
4 40
4 42
4 46
4 50
4 51
4 55
4 56
4 57
4 58
5 99
5 98
5 97
5 96
5 95
5 92
5 89
5 88
5 87
5 85
5 84
5 83
5 82
5 81
5 79
5 78
5 74
5 71
5 70
5 67
5 65
5 63
5 62
5 61
5 26
5 25
5 24
5 21
5 19
5 15
5 59
5 13
5 6
5 9
5 12
5 30
5 31
5 32
5 37
5 41
5 43
5 45
5 47
5 52
5 53
5 54
5 57
6 98
6 97
6 95
6 94
6 92
6 90
6 87
6 86
6 84
6 83
6 81
6 80
6 78
6 75
6 74
6 73
6 72
6 71
6 70
6 67
6 65
6 64
6 63
6 62
6 60
6 28
6 27
6 26
6 24
6 19
6 17
6 16
6 15
6 14
6 59
6 7
6 8
6 9
6 11
6 31
6 37
6 42
6 44
6 49
6 52
6 53
6 55
6 56
6 57
6 58
7 99
7 98
7 97
7 96
7 95
7 94
7 93
7 91
7 90
7 89
7 88
7 87
7 86
7 83
7 82
7 81
7 80
7 77
7 75
7 74
7 73
7 68
7 67
7 66
7 65
7 64
7 63
7 28
7 27
7 26
7 25
7 22
7 20
7 19
7 18
7 16
7 29
7 59
7 13
7 33
7 37
7 39
7 40
7 41
7 47
7 48
7 49
7 52
7 55
7 56
7 57
8 99
8 94
8 91
8 89
8 86
8 85
8 84
8 80
8 78
8 77
8 76
8 74
8 73
8 72
8 70
8 69
8 68
8 66
8 64
8 60
8 27
8 25
8 24
8 21
8 20
8 19
8 16
8 14
8 59
8 9
8 11
8 30
8 32
8 36
8 40
8 44
8 45
8 49
8 50
8 52
8 56
9 98
9 96
9 95
9 94
9 92
9 91
9 90
9 89
9 84
9 79
9 78
9 76
9 75
9 74
9 72
9 67
9 66
9 64
9 63
9 62
9 60
9 28
9 25
9 22
9 15
9 14
9 29
9 11
9 12
9 30
9 32
9 33
9 36
9 37
9 39
9 40
9 46
9 47
9 48
9 50
9 52
9 53
9 54
9 55
10 99
10 93
10 92
10 91
10 89
10 86
10 83
10 82
10 78
10 75
10 74
10 72
10 71
10 70
10 69
10 67
10 66
10 62
10 61
10 28
10 27
10 26
10 23
10 22
10 21
10 20
10 18
10 16
10 59
10 13
10 35
10 40
10 41
10 44
10 47
10 54
11 99
11 94
11 93
11 92
11 91
11 89
11 77
11 76
11 73
11 70
11 69
11 68
11 67
11 66
11 65
11 63
11 61
11 60
11 28
11 27
11 26
11 24
11 23
11 21
11 20
11 18
11 16
11 15
11 12
11 30
11 33
11 36
11 38
11 39
11 41
11 42
11 45
11 46
11 47
11 49
11 50
11 53
11 57
11 58
12 99
12 98
12 94
12 93
12 87
12 86
12 84
12 83
12 82
12 81
12 79
12 78
12 75
12 72
12 71
12 70
12 67
12 65
12 60
12 26
12 25
12 23
12 22
12 20
12 18
12 17
12 16
12 15
12 59
12 30
12 32
12 37
12 38
12 39
12 43
12 48
12 49
12 50
12 53
12 54
12 55
13 99
13 97
13 94
13 91
13 89
13 88
13 87
13 83
13 82
13 81
13 78
13 74
13 72
13 71
13 69
13 68
13 65
13 64
13 62
13 28
13 25
13 24
13 21
13 19
13 18
13 17
13 16
13 15
13 14
13 29
13 59
13 30
13 32
13 34
13 35
13 36
13 37
13 38
13 40
13 41
13 43
13 44
13 45
13 46
13 47
13 48
13 49
13 51
13 52
13 55
13 56
13 58
14 99
14 97
14 96
14 94
14 93
14 91
14 90
14 87
14 84
14 83
14 82
14 80
14 78
14 76
14 75
14 67
14 63
14 61
14 28
14 26
14 25
14 24
14 23
14 18
14 16
14 15
14 59
14 31
14 32
14 37
14 38
14 41
14 47
14 48
14 52
14 53
14 54
14 58
15 97
15 96
15 95
15 91
15 90
15 88
15 86
15 83
15 82
15 81
15 80
15 79
15 77
15 75
15 72
15 69
15 68
15 67
15 66
15 64
15 63
15 61
15 60
15 27
15 26
15 25
15 24
15 23
15 22
15 21
15 20
15 19
15 17
15 16
15 59
15 34
15 35
15 36
15 37
15 38
15 39
15 40
15 42
15 48
15 50
15 51
15 53
15 55
15 56
15 57
16 98
16 97
16 91
16 89
16 88
16 86
16 84
16 83
16 82
16 80
16 75
16 74
16 71
16 69
16 65
16 28
16 26
16 25
16 24
16 21
16 20
16 59
16 34
16 35
16 41
16 42
16 44
16 46
16 48
16 49
16 52
16 53
16 56
17 96
17 95
17 94
17 93
17 92
17 91
17 90
17 88
17 87
17 85
17 79
17 78
17 77
17 75
17 74
17 72
17 67
17 65
17 63
17 27
17 26
17 25
17 23
17 19
17 18
17 59
17 35
17 36
17 38
17 39
17 41
17 42
17 45
17 47
17 50
17 51
17 53
17 54
17 55
17 58
18 98
18 97
18 96
18 94
18 90
18 89
18 87
18 83
18 80
18 74
18 72
18 70
18 68
18 67
18 64
18 63
18 62
18 28
18 27
18 26
18 21
18 29
18 32
18 33
18 35
18 37
18 38
18 39
18 48
18 49
18 50
18 51
18 52
18 56
19 99
19 96
19 95
19 94
19 92
19 91
19 90
19 87
19 83
19 82
19 79
19 78
19 74
19 73
19 67
19 65
19 64
19 61
19 60
19 28
19 26
19 23
19 22
19 20
19 29
19 33
19 34
19 35
19 38
19 39
19 40
19 43
19 44
19 46
19 52
19 54
19 58
20 99
20 96
20 95
20 94
20 93
20 88
20 87
20 84
20 83
20 82
20 79
20 78
20 77
20 73
20 63
20 60
20 23
20 22
20 21
20 29
20 31
20 32
20 33
20 37
20 38
20 39
20 43
20 44
20 49
20 52
21 99
21 98
21 97
21 96
21 94
21 91
21 90
21 89
21 88
21 86
21 85
21 83
21 82
21 78
21 73
21 72
21 71
21 68
21 67
21 66
21 65
21 64
21 28
21 27
21 26
21 23
21 59
21 30
21 32
21 38
21 39
21 40
21 43
21 44
21 49
21 51
21 52
21 54
21 57
22 99
22 97
22 96
22 95
22 91
22 90
22 88
22 86
22 85
22 83
22 80
22 79
22 78
22 75
22 74
22 68
22 67
22 62
22 27
22 26
22 24
22 30
22 32
22 33
22 34
22 35
22 37
22 41
22 42
22 43
22 47
22 48
22 49
22 51
22 54
22 58
23 98
23 95
23 94
23 91
23 87
23 85
23 82
23 81
23 78
23 76
23 73
23 72
23 71
23 70
23 69
23 68
23 64
23 63
23 27
23 24
23 30
23 31
23 32
23 33
23 34
23 35
23 38
23 41
23 43
23 44
23 45
23 47
23 48
23 51
23 52
23 53
23 54
23 55
23 56
23 57
24 99
24 98
24 97
24 96
24 95
24 93
24 92
24 91
24 87
24 86
24 85
24 83
24 75
24 74
24 70
24 64
24 63
24 62
24 61
24 28
24 27
24 26
24 29
24 59
24 33
24 34
24 37
24 39
24 45
24 46
24 47
24 49
24 53
24 55
24 58
25 99
25 97
25 96
25 91
25 90
25 89
25 88
25 87
25 86
25 84
25 82
25 81
25 75
25 71
25 67
25 66
25 61
25 27
25 26
25 30
25 32
25 37
25 38
25 39
25 40
25 42
25 50
25 52
25 54
25 56
25 57
26 99
26 97
26 96
26 94
26 92
26 91
26 90
26 88
26 86
26 85
26 84
26 83
26 82
26 80
26 78
26 76
26 74
26 72
26 70
26 67
26 66
26 65
26 64
26 62
26 28
26 27
26 29
26 59
26 32
26 33
26 36
26 38
26 39
26 40
26 42
26 44
26 51
26 56
26 57
26 58
27 96
27 93
27 91
27 90
27 88
27 87
27 82
27 77
27 76
27 72
27 71
27 69
27 65
27 64
27 62
27 28
27 30
27 31
27 34
27 35
27 37
27 38
27 42
27 46
27 47
27 51
27 52
27 53
27 54
27 55
27 56
28 99
28 97
28 95
28 94
28 89
28 83
28 81
28 78
28 75
28 73
28 71
28 69
28 68
28 67
28 64
28 63
28 62
28 59
28 34
28 35
28 36
28 38
28 39
28 40
28 41
28 42
28 43
28 46
28 47
28 49
28 51
28 52
28 53
29 99
29 98
29 95
29 94
29 93
29 92
29 90
29 89
29 88
29 86
29 84
29 83
29 77
29 74
29 69
29 68
29 67
29 65
29 64
29 61
29 30
29 39
29 40
29 41
29 43
29 45
29 46
29 48
29 49
29 56
30 99
30 97
30 95
30 94
30 93
30 90
30 88
30 87
30 85
30 81
30 80
30 77
30 76
30 75
30 70
30 69
30 68
30 66
30 65
30 61
30 60
30 32
30 33
30 34
30 38
30 39
30 43
30 45
30 46
30 47
30 49
30 51
30 52
30 55
30 56
30 57
30 58
31 94
31 92
31 89
31 88
31 85
31 84
31 83
31 82
31 80
31 77
31 75
31 74
31 73
31 70
31 68
31 67
31 66
31 62
31 59
31 32
31 33
31 37
31 38
31 43
31 48
31 49
31 52
31 54
31 56
31 57
31 58
32 98
32 96
32 94
32 92
32 88
32 86
32 81
32 77
32 76
32 75
32 73
32 69
32 68
32 60
32 59
32 34
32 35
32 37
32 39
32 42
32 43
32 44
32 47
32 48
32 50
32 55
33 99
33 98
33 96
33 95
33 94
33 92
33 91
33 90
33 87
33 84
33 82
33 81
33 80
33 76
33 75
33 74
33 73
33 71
33 70
33 66
33 65
33 64
33 63
33 62
33 60
33 34
33 39
33 40
33 41
33 42
33 43
33 44
33 46
33 48
33 50
33 51
33 52
33 53
33 54
33 55
33 56
33 57
34 99
34 98
34 95
34 93
34 87
34 86
34 84
34 83
34 81
34 80
34 79
34 77
34 73
34 70
34 68
34 66
34 61
34 60
34 59
34 35
34 36
34 37
34 38
34 43
34 44
34 45
34 47
34 49
34 52
34 55
35 99
35 98
35 97
35 96
35 90
35 89
35 88
35 87
35 86
35 83
35 82
35 79
35 78
35 77
35 73
35 72
35 69
35 66
35 63
35 62
35 59
35 37
35 41
35 43
35 44
35 46
35 47
35 49
35 50
35 51
35 52
35 53
35 57
35 58
36 98
36 97
36 95
36 90
36 89
36 87
36 86
36 84
36 82
36 78
36 77
36 75
36 73
36 72
36 71
36 70
36 67
36 66
36 65
36 63
36 62
36 61
36 37
36 38
36 39
36 40
36 41
36 42
36 44
36 45
36 46
36 49
36 50
36 55
37 98
37 96
37 93
37 92
37 91
37 88
37 87
37 83
37 79
37 78
37 71
37 61
37 60
37 38
37 39
37 42
37 43
37 44
37 45
37 46
37 50
37 51
37 52
37 53
37 54
37 55
37 56
37 57
37 58
38 99
38 97
38 96
38 94
38 93
38 92
38 91
38 90
38 89
38 86
38 84
38 83
38 82
38 78
38 77
38 76
38 75
38 74
38 73
38 72
38 70
38 68
38 65
38 64
38 63
38 61
38 60
38 40
38 42
38 43
38 44
38 45
38 47
38 49
38 53
38 54
38 57
39 98
39 97
39 96
39 95
39 92
39 90
39 89
39 88
39 87
39 86
39 85
39 84
39 82
39 78
39 77
39 74
39 69
39 68
39 67
39 65
39 63
39 61
39 60
39 59
39 41
39 45
39 46
39 47
39 49
39 51
39 52
39 53
39 56
39 57
40 98
40 96
40 95
40 93
40 90
40 89
40 88
40 86
40 82
40 79
40 75
40 73
40 71
40 70
40 65
40 63
40 62
40 61
40 59
40 44
40 46
40 47
40 48
40 49
40 52
40 56
41 97
41 96
41 95
41 93
41 92
41 91
41 90
41 89
41 85
41 79
41 78
41 75
41 72
41 71
41 69
41 64
41 62
41 61
41 59
41 44
41 47
41 48
41 52
41 54
41 57
41 58
42 98
42 97
42 94
42 92
42 89
42 86
42 85
42 84
42 83
42 81
42 80
42 75
42 73
42 72
42 67
42 66
42 64
42 62
42 51
42 53
42 55
42 56
43 94
43 93
43 92
43 91
43 90
43 89
43 87
43 86
43 85
43 84
43 82
43 80
43 79
43 78
43 77
43 75
43 74
43 72
43 71
43 70
43 65
43 64
43 62
43 60
43 59
43 44
43 45
43 47
43 53
43 57
44 99
44 98
44 97
44 96
44 94
44 93
44 89
44 88
44 85
44 84
44 79
44 76
44 74
44 73
44 72
44 71
44 68
44 65
44 62
44 45
44 46
44 47
44 48
44 52
44 53
44 54
44 55
44 57
44 58
45 97
45 96
45 95
45 93
45 89
45 88
45 84
45 83
45 81
45 79
45 74
45 72
45 71
45 70
45 69
45 64
45 63
45 61
45 50
45 51
45 52
45 53
45 56
45 57
46 97
46 94
46 92
46 90
46 86
46 85
46 82
46 77
46 75
46 69
46 68
46 66
46 64
46 63
46 62
46 59
46 47
46 48
46 53
46 55
46 56
47 95
47 90
47 85
47 84
47 82
47 81
47 80
47 79
47 78
47 76
47 75
47 74
47 69
47 67
47 63
47 61
47 50
47 52
47 53
47 56
48 99
48 98
48 97
48 96
48 94
48 93
48 92
48 90
48 89
48 88
48 87
48 85
48 83
48 82
48 80
48 77
48 75
48 74
48 73
48 72
48 71
48 68
48 67
48 65
48 64
48 62
48 61
48 51
48 53
48 55
48 56
49 98
49 96
49 95
49 94
49 93
49 92
49 90
49 89
49 87
49 84
49 81
49 79
49 75
49 72
49 71
49 70
49 69
49 68
49 66
49 64
49 60
49 59
49 50
49 52
49 53
49 54
49 55
49 56
49 57
50 96
50 95
50 93
50 91
50 84
50 80
50 79
50 74
50 71
50 70
50 68
50 67
50 66
50 65
50 59
50 51
50 53
51 97
51 94
51 92
51 91
51 90
51 89
51 86
51 85
51 84
51 83
51 82
51 77
51 76
51 75
51 74
51 72
51 70
51 66
51 64
51 61
51 59
51 53
51 56
51 58
52 99
52 98
52 97
52 96
52 94
52 93
52 92
52 90
52 88
52 87
52 86
52 83
52 82
52 81
52 76
52 75
52 74
52 72
52 71
52 69
52 67
52 65
52 64
52 63
52 62
52 61
52 60
53 98
53 97
53 96
53 95
53 94
53 93
53 92
53 91
53 90
53 89
53 86
53 84
53 82
53 81
53 78
53 73
53 72
53 68
53 65
53 64
53 63
53 61
53 60
53 54
53 55
53 57
53 58
54 98
54 90
54 86
54 85
54 80
54 74
54 71
54 70
54 66
54 62
54 60
54 59
54 55
54 56
55 96
55 93
55 92
55 90
55 88
55 85
55 81
55 78
55 77
55 76
55 75
55 74
55 72
55 69
55 68
55 66
55 64
55 63
55 62
55 57
56 97
56 96
56 94
56 93
56 86
56 85
56 84
56 83
56 82
56 80
56 74
56 73
56 72
56 70
56 69
56 68
56 64
56 63
56 62
56 57
57 99
57 96
57 90
57 87
57 86
57 83
57 79
57 78
57 77
57 76
57 74
57 72
57 71
57 70
57 69
57 66
57 60
57 58
58 99
58 98
58 97
58 96
58 88
58 80
58 78
58 77
58 73
58 72
58 71
58 70
58 68
58 66
58 65
58 64
58 62
58 60
59 96
59 95
59 93
59 91
59 89
59 88
59 84
59 81
59 80
59 79
59 78
59 77
59 76
59 72
59 71
59 69
59 68
59 67
59 66
59 60
60 99
60 97
60 96
60 95
60 94
60 93
60 92
60 89
60 80
60 78
60 74
60 73
60 70
60 67
60 65
60 61
61 97
61 95
61 94
61 93
61 91
61 90
61 89
61 88
61 86
61 85
61 83
61 81
61 80
61 78
61 76
61 74
61 73
61 72
61 71
61 70
61 69
61 68
61 63
61 62
62 99
62 96
62 94
62 91
62 90
62 89
62 84
62 83
62 82
62 81
62 77
62 76
62 75
62 73
62 68
62 67
63 98
63 96
63 92
63 90
63 87
63 86
63 85
63 84
63 83
63 82
63 80
63 79
63 78
63 77
63 76
63 67
63 65
63 64
64 98
64 97
64 92
64 91
64 90
64 89
64 88
64 87
64 86
64 85
64 81
64 80
64 78
64 76
64 73
64 70
64 69
64 68
64 67
65 99
65 93
65 90
65 88
65 87
65 86
65 85
65 83
65 82
65 79
65 77
65 76
65 75
65 72
65 71
65 68
65 67
66 94
66 91
66 89
66 88
66 87
66 86
66 85
66 84
66 83
66 78
66 77
66 76
66 69
66 67
67 95
67 94
67 93
67 90
67 86
67 85
67 84
67 82
67 79
67 78
67 76
67 74
67 68
68 98
68 97
68 94
68 93
68 91
68 89
68 87
68 85
68 82
68 80
68 79
68 76
68 75
68 74
68 72
68 70
68 69
69 99
69 98
69 95
69 92
69 90
69 89
69 87
69 86
69 84
69 82
69 81
69 75
69 73
69 72
70 98
70 95
70 94
70 90
70 89
70 87
70 85
70 83
70 80
70 79
70 78
70 76
70 75
70 74
70 73
71 98
71 97
71 96
71 95
71 94
71 92
71 89
71 88
71 87
71 84
71 83
71 82
71 80
71 78
71 77
71 75
71 73
71 72
72 97
72 94
72 91
72 84
72 83
72 81
72 80
72 79
72 77
72 74
73 99
73 98
73 94
73 93
73 92
73 89
73 88
73 86
73 85
73 80
73 79
73 78
73 76
73 75
73 74
74 96
74 92
74 91
74 87
74 85
74 81
74 80
74 79
74 78
74 76
74 75
75 98
75 96
75 93
75 92
75 91
75 90
75 88
75 86
75 85
75 83
75 80
75 79
75 78
75 77
76 98
76 95
76 94
76 92
76 91
76 90
76 87
76 85
76 82
76 81
76 78
76 77
77 97
77 95
77 94
77 89
77 88
77 87
77 86
77 85
77 83
78 99
78 97
78 96
78 87
78 86
78 83
78 82
78 81
78 80
79 97
79 96
79 93
79 91
79 87
79 85
79 84
79 83
79 80
80 98
80 96
80 93
80 92
80 87
80 86
80 84
80 83
81 96
81 95
81 93
81 92
81 91
81 90
81 89
81 88
81 85
81 84
81 83
81 82
82 99
82 97
82 95
82 93
82 90
82 89
82 85
82 84
82 83
83 99
83 97
83 94
83 92
83 90
83 89
83 88
83 87
83 86
83 84
84 99
84 98
84 97
84 95
84 94
84 93
84 91
84 89
84 87
84 86
84 85
85 96
85 94
85 93
85 90
85 89
85 87
85 86
86 98
86 88
86 87
87 99
87 97
87 96
87 90
87 89
87 88
88 97
88 93
88 91
88 89
89 92
89 91
90 99
90 98
90 97
90 96
90 95
90 94
91 99
91 95
92 99
92 95
92 94
93 95
93 94
94 98
94 97
94 96
94 95
95 99
95 98
96 98
97 99