0 198
0 194
0 193
0 189
0 188
0 187
0 184
0 183
0 180
0 178
0 177
0 176
0 175
0 174
0 172
0 171
0 170
0 169
0 164
0 163
0 160
0 159
0 158
0 157
0 156
0 153
0 150
0 146
0 144
0 143
0 141
0 140
0 139
0 138
0 136
0 135
0 134
0 130
0 129
0 59
0 56
0 55
0 53
0 51
0 48
0 45
0 43
0 42
0 39
0 36
0 13
0 10
0 8
0 7
0 4
0 2
0 1
0 16
0 17
0 18
0 19
0 20
0 21
0 22
0 23
0 25
0 27
0 29
0 60
0 61
0 62
0 66
0 70
0 73
0 74
0 75
0 76
0 80
0 81
0 82
0 83
0 85
0 86
0 87
0 88
0 90
0 91
0 92
0 93
0 94
0 96
0 97
0 100
0 101
0 102
0 107
0 108
0 110
0 111
0 113
0 114
0 118
0 120
0 121
0 122
0 123
0 124
0 127
1 198
1 197
1 195
1 193
1 192
1 190
1 189
1 188
1 186
1 185
1 184
1 183
1 182
1 180
1 178
1 177
1 174
1 173
1 171
1 166
1 162
1 161
1 160
1 158
1 156
1 153
1 150
1 148
1 146
1 142
1 140
1 138
1 137
1 136
1 134
1 130
1 57
1 56
1 55
1 54
1 52
1 50
1 49
1 47
1 45
1 42
1 35
1 33
1 31
1 30
1 12
1 11
1 10
1 9
1 7
1 5
1 4
1 59
1 15
1 16
1 19
1 23
1 25
1 27
1 28
1 60
1 64
1 66
1 68
1 69
1 70
1 80
1 81
1 85
1 86
1 87
1 89
1 90
1 93
1 94
1 95
1 96
1 97
1 98
1 99
1 102
1 104
1 105
1 106
1 107
1 109
1 112
1 113
1 116
1 117
1 118
1 120
1 122
1 123
1 125
2 198
2 193
2 191
2 190
2 187
2 186
2 185
2 183
2 182
2 180
2 178
2 177
2 176
2 175
2 174
2 172
2 170
2 169
2 168
2 167
2 166
2 163
2 162
2 161
2 154
2 153
2 152
2 151
2 150
2 149
2 142
2 141
2 138
2 135
2 134
2 133
2 130
2 129
2 128
2 56
2 55
2 53
2 50
2 49
2 46
2 45
2 44
2 40
2 35
2 33
2 32
2 12
2 11
2 9
2 13
2 59
2 29
2 14
2 15
2 16
2 17
2 21
2 22
2 23
2 24
2 26
2 61
2 62
2 63
2 64
2 66
2 67
2 69
2 72
2 73
2 74
2 75
2 78
2 79
2 84
2 85
2 86
2 88
2 89
2 92
2 93
2 94
2 96
2 98
2 101
2 102
2 104
2 106
2 107
2 109
2 111
2 112
2 113
2 116
2 117
2 119
2 120
2 121
2 122
2 123
2 124
2 125
2 126
3 198
3 196
3 195
3 193
3 192
3 186
3 184
3 182
3 181
3 180
3 178
3 176
3 171
3 168
3 164
3 162
3 161
3 160
3 159
3 157
3 156
3 153
3 152
3 151
3 150
3 149
3 147
3 146
3 143
3 142
3 140
3 139
3 138
3 132
3 129
3 128
3 58
3 57
3 56
3 55
3 52
3 49
3 48
3 46
3 45
3 41
3 39
3 38
3 33
3 32
3 30
3 9
3 7
3 13
3 127
3 29
3 17
3 18
3 19
3 23
3 24
3 25
3 60
3 61
3 64
3 65
3 68
3 69
3 72
3 74
3 76
3 77
3 82
3 84
3 86
3 87
3 90
3 92
3 95
3 100
3 105
3 106
3 107
3 108
3 109
3 110
3 112
3 114
3 115
3 118
3 119
3 125
4 198
4 197
4 196
4 192
4 191
4 190
4 189
4 185
4 184
4 183
4 181
4 180
4 178
4 176
4 174
4 173
4 172
4 171
4 170
4 169
4 168
4 167
4 165
4 163
4 161
4 159
4 158
4 157
4 155
4 154
4 152
4 150
4 148
4 147
4 146
4 145
4 144
4 138
4 137
4 136
4 135
4 134
4 133
4 132
4 128
4 58
4 57
4 56
4 55
4 54
4 52
4 49
4 48
4 46
4 43
4 42
4 41
4 37
4 36
4 34
4 33
4 30
4 10
4 9
4 5
4 59
4 127
4 14
4 16
4 17
4 18
4 20
4 21
4 24
4 26
4 60
4 61
4 67
4 68
4 69
4 73
4 74
4 75
4 77
4 79
4 80
4 81
4 86
4 87
4 90
4 97
4 100
4 102
4 104
4 105
4 106
4 108
4 110
4 113
4 115
4 117
4 119
4 121
4 123
4 125
4 126
5 196
5 190
5 184
5 181
5 180
5 178
5 177
5 175
5 174
5 171
5 170
5 166
5 163
5 161
5 160
5 159
5 158
5 157
5 156
5 155
5 154
5 152
5 150
5 149
5 147
5 145
5 144
5 142
5 141
5 138
5 137
5 136
5 135
5 131
5 129
5 128
5 56
5 55
5 52
5 51
5 50
5 48
5 46
5 44
5 41
5 40
5 37
5 34
5 33
5 32
5 31
5 30
5 10
5 8
5 7
5 127
5 29
5 19
5 22
5 23
5 24
5 25
5 26
5 61
5 62
5 65
5 66
5 67
5 69
5 72
5 74
5 75
5 77
5 79
5 81
5 83
5 86
5 88
5 89
5 91
5 92
5 94
5 97
5 98
5 102
5 103
5 105
5 107
5 109
5 111
5 112
5 114
5 115
5 116
5 120
5 122
5 123
5 124
6 197
6 195
6 193
6 192
6 189
6 187
6 185
6 183
6 182
6 181
6 180
6 179
6 178
6 175
6 173
6 172
6 170
6 169
6 168
6 166
6 164
6 163
6 162
6 161
6 159
6 158
6 157
6 156
6 155
6 153
6 151
6 147
6 146
6 145
6 137
6 136
6 135
6 134
6 132
6 131
6 130
6 129
6 58
6 57
6 55
6 53
6 51
6 50
6 49
6 47
6 46
6 43
6 41
6 40
6 38
6 35
6 33
6 32
6 11
6 7
6 13
6 59
6 127
6 16
6 18
6 19
6 20
6 21
6 22
6 28
6 60
6 61
6 62
6 64
6 65
6 67
6 68
6 71
6 75
6 77
6 78
6 81
6 85
6 88
6 90
6 91
6 92
6 93
6 96
6 97
6 99
6 101
6 102
6 107
6 108
6 110
6 112
6 115
6 117
6 118
6 119
6 122
6 124
6 125
6 126
7 198
7 196
7 195
7 194
7 189
7 188
7 186
7 185
7 184
7 183
7 182
7 177
7 173
7 169
7 167
7 164
7 163
7 161
7 159
7 158
7 156
7 154
7 150
7 149
7 145
7 144
7 143
7 141
7 140
7 137
7 136
7 135
7 133
7 129
7 57
7 56
7 55
7 53
7 51
7 50
7 47
7 46
7 45
7 43
7 39
7 38
7 12
7 11
7 10
7 9
7 59
7 29
7 16
7 17
7 18
7 19
7 26
7 27
7 61
7 63
7 67
7 69
7 70
7 74
7 75
7 76
7 78
7 79
7 81
7 85
7 90
7 91
7 92
7 96
7 98
7 99
7 105
7 106
7 109
7 110
7 111
7 113
7 114
7 115
7 116
7 117
7 118
7 119
7 120
7 121
7 124
8 199
8 198
8 194
8 193
8 192
8 191
8 188
8 186
8 185
8 184
8 182
8 176
8 172
8 170
8 169
8 168
8 162
8 161
8 159
8 158
8 156
8 152
8 150
8 149
8 148
8 146
8 145
8 144
8 143
8 136
8 135
8 134
8 133
8 131
8 57
8 56
8 53
8 50
8 49
8 46
8 44
8 40
8 38
8 37
8 34
8 32
8 11
8 10
8 13
8 59
8 29
8 14
8 15
8 17
8 24
8 26
8 28
8 60
8 61
8 62
8 63
8 68
8 69
8 70
8 71
8 72
8 74
8 78
8 80
8 82
8 84
8 85
8 90
8 92
8 94
8 97
8 98
8 100
8 101
8 102
8 105
8 109
8 110
8 111
8 112
8 117
8 118
8 125
9 199
9 198
9 196
9 195
9 194
9 191
9 190
9 184
9 179
9 177
9 175
9 168
9 166
9 165
9 163
9 162
9 161
9 160
9 159
9 158
9 157
9 156
9 155
9 154
9 151
9 147
9 146
9 145
9 144
9 143
9 142
9 140
9 138
9 137
9 134
9 131
9 130
9 128
9 58
9 57
9 54
9 53
9 52
9 50
9 46
9 43
9 41
9 40
9 39
9 38
9 36
9 35
9 33
9 32
9 31
9 12
9 11
9 13
9 15
9 18
9 19
9 20
9 22
9 24
9 25
9 26
9 27
9 28
9 60
9 61
9 62
9 63
9 64
9 66
9 67
9 68
9 70
9 71
9 72
9 73
9 74
9 76
9 77
9 79
9 82
9 83
9 86
9 88
9 89
9 91
9 92
9 93
9 94
9 95
9 96
9 97
9 99
9 101
9 103
9 105
9 106
9 107
9 108
9 109
9 110
9 112
9 113
9 114
9 119
9 120
9 121
9 122
9 123
9 124
9 125
10 198
10 197
10 196
10 195
10 194
10 192
10 191
10 190
10 189
10 187
10 184
10 183
10 179
10 178
10 176
10 175
10 174
10 165
10 164
10 160
10 159
10 157
10 155
10 153
10 152
10 151
10 150
10 149
10 148
10 144
10 141
10 140
10 138
10 137
10 136
10 135
10 134
10 132
10 131
10 130
10 58
10 55
10 52
10 50
10 48
10 46
10 45
10 43
10 40
10 39
10 37
10 36
10 35
10 32
10 31
10 30
10 12
10 11
10 13
10 29
10 18
10 20
10 23
10 24
10 25
10 61
10 67
10 71
10 73
10 74
10 76
10 77
10 78
10 79
10 80
10 81
10 82
10 84
10 88
10 90
10 92
10 94
10 95
10 97
10 101
10 102
10 103
10 104
10 109
10 110
10 113
10 115
10 116
10 118
10 119
10 120
10 121
10 124
10 126
11 199
11 198
11 197
11 194
11 191
11 189
11 188
11 186
11 185
11 181
11 176
11 175
11 174
11 173
11 171
11 169
11 168
11 167
11 166
11 163
11 158
11 157
11 155
11 153
11 151
11 150
11 149
11 148
11 147
11 145
11 144
11 140
11 138
11 136
11 134
11 131
11 130
11 128
11 58
11 57
11 55
11 54
11 53
11 52
11 51
11 49
11 48
11 43
11 42
11 38
11 37
11 36
11 34
11 13
11 127
11 14
11 16
11 17
11 18
11 19
11 20
11 21
11 22
11 26
11 28
11 60
11 61
11 68
11 69
11 70
11 71
11 74
11 75
11 78
11 79
11 82
11 83
11 84
11 85
11 86
11 88
11 90
11 93
11 95
11 98
11 99
11 100
11 101
11 103
11 104
11 105
11 106
11 107
11 108
11 109
11 110
11 111
11 112
11 113
11 116
11 119
11 121
11 122
12 198
12 197
12 194
12 191
12 190
12 188
12 187
12 185
12 179
12 177
12 175
12 174
12 169
12 167
12 162
12 161
12 160
12 159
12 157
12 156
12 154
12 153
12 152
12 150
12 149
12 148
12 143
12 139
12 138
12 136
12 135
12 133
12 132
12 129
12 55
12 52
12 51
12 48
12 46
12 45
12 43
12 42
12 40
12 39
12 38
12 35
12 34
12 59
12 29
12 17
12 19
12 20
12 21
12 22
12 23
12 24
12 27
12 28
12 62
12 63
12 66
12 67
12 69
12 70
12 80
12 89
12 91
12 92
12 97
12 98
12 100
12 101
12 102
12 103
12 116
12 118
12 124
12 125
12 126
13 198
13 197
13 196
13 193
13 192
13 191
13 190
13 180
13 176
13 175
13 174
13 172
13 170
13 168
13 167
13 166
13 164
13 162
13 161
13 157
13 155
13 153
13 152
13 151
13 149
13 148
13 144
13 142
13 140
13 139
13 138
13 137
13 133
13 132
13 129
13 128
13 57
13 56
13 54
13 52
13 50
13 49
13 43
13 40
13 39
13 38
13 37
13 36
13 35
13 34
13 33
13 32
13 31
13 59
13 127
13 29
13 18
13 19
13 23
13 24
13 26
13 27
13 28
13 60
13 63
13 65
13 67
13 72
13 74
13 75
13 76
13 77
13 78
13 83
13 84
13 86
13 89
13 91
13 92
13 93
13 94
13 98
13 99
13 101
13 103
13 106
13 109
13 111
13 112
13 113
13 114
13 116
13 117
13 120
13 121
13 122
13 126
14 199
14 196
14 193
14 191
14 187
14 184
14 182
14 181
14 176
14 173
14 170
14 169
14 168
14 166
14 165
14 162
14 160
14 158
14 157
14 156
14 154
14 152
14 149
14 147
14 145
14 144
14 143
14 141
14 139
14 137
14 136
14 135
14 132
14 131
14 130
14 129
14 57
14 56
14 55
14 54
14 52
14 49
14 47
14 45
14 38
14 37
14 36
14 35
14 34
14 33
14 32
14 31
14 30
14 127
14 29
14 16
14 18
14 21
14 23
14 24
14 28
14 60
14 63
14 64
14 65
14 66
14 67
14 68
14 70
14 73
14 74
14 76
14 77
14 78
14 79
14 83
14 86
14 87
14 89
14 90
14 91
14 92
14 93
14 94
14 97
14 98
14 99
14 102
14 105
14 106
14 109
14 110
14 112
14 114
14 115
14 117
14 118
14 121
14 122
14 124
15 197
15 194
15 192
15 190
15 189
15 187
15 186
15 184
15 181
15 180
15 174
15 173
15 171
15 170
15 166
15 165
15 163
15 161
15 159
15 158
15 155
15 153
15 152
15 149
15 145
15 144
15 140
15 138
15 136
15 134
15 133
15 132
15 131
15 129
15 58
15 57
15 56
15 55
15 54
15 53
15 51
15 49
15 48
15 43
15 40
15 39
15 37
15 36
15 33
15 32
15 31
15 59
15 127
15 29
15 16
15 17
15 22
15 23
15 24
15 25
15 26
15 27
15 63
15 64
15 69
15 71
15 72
15 73
15 74
15 75
15 76
15 78
15 81
15 82
15 86
15 87
15 89
15 93
15 95
15 96
15 99
15 100
15 102
15 105
15 106
15 107
15 108
15 110
15 112
15 113
15 114
15 115
15 117
15 118
15 119
15 120
15 123
15 124
15 126
16 198
16 197
16 196
16 193
16 192
16 191
16 190
16 188
16 186
16 183
16 181
16 180
16 178
16 177
16 174
16 172
16 169
16 160
16 158
16 157
16 156
16 154
16 150
16 146
16 144
16 142
16 138
16 137
16 136
16 135
16 134
16 129
16 56
16 54
16 53
16 52
16 50
16 49
16 48
16 47
16 45
16 44
16 32
16 30
16 127
16 29
16 17
16 19
16 21
16 24
16 25
16 27
16 28
16 61
16 64
16 66
16 72
16 75
16 78
16 79
16 83
16 87
16 90
16 91
16 92
16 94
16 96
16 97
16 100
16 101
16 106
16 107
16 108
16 111
16 112
16 114
16 116
16 118
16 119
16 124
16 126
17 199
17 197
17 193
17 192
17 191
17 190
17 188
17 186
17 184
17 181
17 180
17 179
17 178
17 177
17 176
17 175
17 174
17 173
17 172
17 170
17 169
17 165
17 162
17 161
17 160
17 159
17 158
17 154
17 152
17 146
17 145
17 143
17 141
17 140
17 139
17 138
17 137
17 136
17 134
17 133
17 132
17 128
17 56
17 54
17 49
17 48
17 46
17 42
17 40
17 39
17 38
17 37
17 33
17 30
17 18
17 19
17 24
17 26
17 28
17 64
17 66
17 71
17 73
17 75
17 78
17 79
17 80
17 85
17 86
17 88
17 89
17 90
17 91
17 92
17 97
17 100
17 104
17 108
17 110
17 112
17 118
17 124
18 196
18 195
18 194
18 193
18 192
18 191
18 190
18 187
18 185
18 184
18 181
18 177
18 176
18 175
18 174
18 172
18 168
18 165
18 164
18 161
18 160
18 159
18 156
18 155
18 154
18 153
18 152
18 151
18 150
18 146
18 143
18 142
18 141
18 140
18 139
18 138
18 134
18 131
18 130
18 128
18 58
18 57
18 56
18 54
18 52
18 51
18 49
18 48
18 44
18 39
18 34
18 31
18 29
18 19
18 21
18 22
18 23
18 24
18 28
18 64
18 65
18 68
18 69
18 70
18 71
18 76
18 78
18 80
18 81
18 83
18 84
18 85
18 87
18 90
18 92
18 93
18 94
18 95
18 97
18 98
18 99
18 100
18 101
18 104
18 109
18 110
18 111
18 112
18 113
18 115
18 116
18 117
18 118
18 120
18 121
18 123
18 124
18 125
19 199
19 198
19 197
19 196
19 195
19 194
19 193
19 190
19 186
19 185
19 182
19 180
19 174
19 172
19 171
19 170
19 168
19 163
19 162
19 156
19 152
19 148
19 145
19 144
19 143
19 141
19 140
19 139
19 136
19 135
19 132
19 129
19 128
19 58
19 55
19 54
19 53
19 52
19 51
19 50
19 47
19 45
19 44
19 41
19 40
19 38
19 36
19 35
19 30
19 29
19 20
19 22
19 23
19 26
19 28
19 64
19 65
19 66
19 68
19 71
19 72
19 73
19 74
19 77
19 78
19 79
19 82
19 84
19 86
19 87
19 88
19 90
19 91
19 97
19 98
19 105
19 108
19 109
19 111
19 113
19 114
19 115
19 116
19 118
19 119
19 126
20 197
20 196
20 195
20 193
20 189
20 188
20 186
20 178
20 177
20 176
20 173
20 170
20 168
20 167
20 166
20 165
20 164
20 163
20 162
20 161
20 160
20 158
20 155
20 152
20 149
20 148
20 146
20 144
20 143
20 142
20 141
20 139
20 135
20 133
20 129
20 128
20 56
20 54
20 53
20 52
20 51
20 50
20 49
20 47
20 45
20 39
20 36
20 35
20 34
20 33
20 30
20 29
20 21
20 22
20 23
20 26
20 27
20 28
20 70
20 71
20 74
20 75
20 76
20 81
20 84
20 85
20 88
20 89
20 93
20 94
20 95
20 97
20 99
20 100
20 103
20 105
20 110
20 112
20 116
20 117
20 118
20 120
20 122
20 123
20 125
20 126
21 199
21 197
21 194
21 190
21 189
21 188
21 187
21 186
21 185
21 182
21 181
21 179
21 175
21 173
21 169
21 165
21 162
21 161
21 160
21 159
21 156
21 151
21 146
21 144
21 143
21 141
21 139
21 135
21 134
21 133
21 132
21 131
21 128
21 57
21 56
21 55
21 54
21 52
21 45
21 42
21 38
21 37
21 34
21 30
21 59
21 23
21 25
21 28
21 60
21 61
21 62
21 63
21 64
21 66
21 67
21 69
21 70
21 71
21 72
21 73
21 76
21 77
21 78
21 80
21 82
21 83
21 85
21 86
21 87
21 88
21 89
21 90
21 91
21 98
21 99
21 100
21 101
21 105
21 106
21 110
21 111
21 112
21 116
21 118
21 120
21 125
21 126
22 199
22 197
22 196
22 195
22 193
22 192
22 190
22 187
22 186
22 185
22 182
22 179
22 177
22 175
22 174
22 172
22 171
22 166
22 165
22 164
22 163
22 161
22 158
22 156
22 155
22 154
22 153
22 151
22 150
22 146
22 144
22 142
22 141
22 137
22 136
22 130
22 128
22 54
22 53
22 51
22 49
22 47
22 44
22 42
22 41
22 39
22 32
22 30
22 127
22 24
22 26
22 28
22 60
22 62
22 64
22 69
22 70
22 71
22 72
22 73
22 74
22 76
22 79
22 80
22 82
22 83
22 86
22 88
22 91
22 94
22 98
22 101
22 102
22 103
22 106
22 108
22 109
22 110
22 113
22 114
22 116
22 119
22 120
22 121
22 124
22 125
22 126
23 198
23 197
23 194
23 193
23 191
23 189
23 188
23 186
23 185
23 184
23 183
23 176
23 175
23 173
23 170
23 168
23 166
23 165
23 164
23 163
23 162
23 159
23 158
23 156
23 155
23 154
23 151
23 149
23 146
23 142
23 141
23 139
23 136
23 135
23 134
23 130
23 58
23 53
23 52
23 51
23 50
23 45
23 42
23 39
23 34
23 31
23 59
23 60
23 61
23 62
23 63
23 64
23 65
23 66
23 67
23 68
23 69
23 70
23 71
23 72
23 73
23 75
23 77
23 78
23 79
23 80
23 83
23 85
23 87
23 89
23 91
23 92
23 97
23 99
23 101
23 102
23 104
23 105
23 111
23 114
23 115
23 122
23 123
23 124
23 125
24 198
24 197
24 195
24 192
24 191
24 190
24 189
24 185
24 183
24 182
24 181
24 179
24 178
24 177
24 176
24 175
24 174
24 173
24 169
24 165
24 163
24 162
24 160
24 159
24 158
24 156
24 155
24 154
24 153
24 149
24 147
24 146
24 143
24 142
24 141
24 140
24 139
24 138
24 135
24 133
24 55
24 53
24 52
24 50
24 48
24 47
24 46
24 44
24 42
24 41
24 40
24 38
24 37
24 35
24 33
24 32
24 30
24 59
24 25
24 26
24 27
24 60
24 62
24 64
24 68
24 80
24 81
24 82
24 83
24 84
24 85
24 87
24 88
24 91
24 93
24 94
24 95
24 96
24 98
24 99
24 100
24 102
24 110
24 112
24 113
24 115
24 120
24 122
24 124
24 125
25 199
25 198
25 192
25 188
25 186
25 185
25 184
25 182
25 177
25 175
25 174
25 173
25 172
25 169
25 168
25 163
25 160
25 156
25 155
25 153
25 152
25 149
25 148
25 147
25 146
25 143
25 142
25 139
25 136
25 135
25 133
25 132
25 131
25 130
25 129
25 58
25 57
25 55
25 52
25 51
25 50
25 48
25 45
25 44
25 42
25 41
25 39
25 37
25 36
25 33
25 31
25 59
25 27
25 28
25 60
25 61
25 62
25 63
25 65
25 66
25 69
25 73
25 75
25 79
25 83
25 84
25 86
25 90
25 93
25 94
25 95
25 96
25 97
25 98
25 99
25 100
25 102
25 103
25 104
25 105
25 106
25 110
25 112
25 114
25 116
25 117
25 123
25 124
26 197
26 196
26 195
26 193
26 192
26 188
26 187
26 186
26 185
26 184
26 183
26 181
26 174
26 173
26 171
26 169
26 167
26 165
26 162
26 159
26 156
26 154
26 153
26 152
26 149
26 147
26 146
26 142
26 141
26 140
26 139
26 137
26 136
26 134
26 132
26 131
26 58
26 56
26 53
26 46
26 45
26 43
26 42
26 41
26 38
26 37
26 36
26 127
26 60
26 61
26 65
26 66
26 67
26 69
26 71
26 72
26 76
26 77
26 80
26 82
26 83
26 84
26 86
26 87
26 90
26 93
26 96
26 98
26 99
26 100
26 101
26 103
26 104
26 105
26 106
26 110
26 111
26 112
26 113
26 114
26 118
26 119
26 122
26 123
26 125
26 126
27 199
27 198
27 197
27 196
27 193
27 192
27 191
27 190
27 189
27 186
27 183
27 182
27 181
27 180
27 177
27 175
27 170
27 169
27 168
27 166
27 163
27 162
27 159
27 156
27 154
27 153
27 145
27 142
27 141
27 140
27 139
27 136
27 134
27 132
27 131
27 129
27 58
27 57
27 56
27 55
27 54
27 53
27 52
27 51
27 49
27 45
27 43
27 40
27 39
27 38
27 35
27 32
27 31
27 30
27 59
27 29
27 28
27 60
27 62
27 64
27 68
27 69
27 70
27 71
27 74
27 75
27 76
27 79
27 80
27 90
27 91
27 93
27 95
27 97
27 98
27 104
27 106
27 107
27 109
27 113
27 116
27 117
27 119
27 120
27 122
27 124
27 125
27 126
28 199
28 195
28 194
28 193
28 190
28 189
28 186
28 184
28 183
28 181
28 180
28 176
28 174
28 173
28 171
28 165
28 159
28 156
28 153
28 147
28 146
28 144
28 143
28 142
28 139
28 137
28 136
28 135
28 133
28 132
28 131
28 58
28 56
28 54
28 53
28 52
28 50
28 49
28 46
28 45
28 44
28 43
28 42
28 40
28 34
28 33
28 31
28 59
28 127
28 29
28 60
28 61
28 64
28 67
28 68
28 70
28 71
28 75
28 78
28 81
28 82
28 87
28 88
28 89
28 90
28 91
28 93
28 94
28 96
28 98
28 101
28 105
28 107
28 110
28 112
28 114
28 115
28 116
28 118
28 122
28 123
28 124
28 125
29 199
29 197
29 195
29 194
29 193
29 192
29 188
29 186
29 185
29 184
29 183
29 181
29 180
29 179
29 178
29 177
29 176
29 174
29 172
29 170
29 169
29 168
29 167
29 165
29 162
29 157
29 155
29 150
29 148
29 147
29 146
29 145
29 143
29 140
29 136
29 133
29 131
29 130
29 128
29 57
29 55
29 53
29 51
29 50
29 46
29 45
29 44
29 43
29 42
29 40
29 39
29 38
29 37
29 33
29 32
29 31
29 30
29 59
29 127
29 60
29 61
29 62
29 65
29 67
29 69
29 72
29 74
29 76
29 78
29 82
29 83
29 86
29 88
29 92
29 93
29 94
29 95
29 96
29 99
29 102
29 103
29 104
29 105
29 109
29 110
29 115
29 117
29 121
29 122
29 123
29 126
30 199
30 197
30 196
30 195
30 193
30 192
30 190
30 188
30 187
30 186
30 185
30 182
30 180
30 175
30 174
30 172
30 170
30 162
30 160
30 151
30 150
30 147
30 143
30 140
30 139
30 138
30 136
30 133
30 129
30 57
30 56
30 54
30 52
30 48
30 46
30 43
30 42
30 41
30 37
30 35
30 33
30 127
30 60
30 61
30 62
30 66
30 67
30 68
30 71
30 72
30 75
30 76
30 82
30 83
30 87
30 88
30 89
30 90
30 91
30 93
30 94
30 95
30 96
30 98
30 99
30 100
30 104
30 106
30 107
30 108
30 109
30 110
30 111
30 115
30 117
30 120
30 123
30 124
30 126
31 198
31 195
31 193
31 192
31 190
31 189
31 188
31 187
31 181
31 180
31 177
31 176
31 175
31 173
31 171
31 168
31 166
31 165
31 163
31 162
31 160
31 159
31 158
31 155
31 153
31 150
31 149
31 148
31 147
31 145
31 139
31 137
31 134
31 133
31 132
31 129
31 128
31 58
31 56
31 55
31 53
31 50
31 44
31 43
31 41
31 40
31 38
31 36
31 35
31 33
31 32
31 59
31 127
31 63
31 65
31 68
31 69
31 71
31 72
31 75
31 76
31 78
31 79
31 80
31 81
31 82
31 83
31 85
31 87
31 88
31 92
31 93
31 94
31 96
31 98
31 99
31 101
31 102
31 107
31 108
31 109
31 112
31 113
31 116
31 117
31 120
31 121
31 123
31 125
32 199
32 197
32 196
32 194
32 193
32 189
32 188
32 185
32 184
32 180
32 178
32 177
32 176
32 174
32 173
32 172
32 163
32 162
32 158
32 157
32 156
32 154
32 153
32 152
32 151
32 148
32 145
32 141
32 140
32 138
32 137
32 135
32 132
32 129
32 58
32 57
32 54
32 52
32 51
32 49
32 48
32 47
32 46
32 42
32 41
32 40
32 39
32 33
32 60
32 64
32 65
32 66
32 67
32 70
32 72
32 73
32 76
32 80
32 83
32 85
32 86
32 90
32 95
32 97
32 99
32 101
32 106
32 108
32 111
32 112
32 113
32 114
32 115
32 117
32 122
32 123
32 125
33 199
33 198
33 196
33 194
33 193
33 189
33 188
33 185
33 184
33 182
33 176
33 175
33 170
33 165
33 164
33 160
33 159
33 158
33 157
33 156
33 155
33 154
33 153
33 150
33 147
33 146
33 145
33 141
33 140
33 139
33 138
33 135
33 134
33 129
33 58
33 57
33 56
33 55
33 54
33 51
33 50
33 49
33 48
33 47
33 42
33 40
33 39
33 38
33 36
33 59
33 61
33 62
33 65
33 67
33 69
33 74
33 75
33 80
33 83
33 84
33 86
33 87
33 91
33 92
33 95
33 96
33 97
33 98
33 100
33 101
33 103
33 104
33 106
33 109
33 112
33 113
33 115
33 119
33 122
33 123
33 124
33 125
33 126
34 198
34 196
34 195
34 192
34 191
34 190
34 188
34 185
34 184
34 182
34 181
34 179
34 177
34 173
34 171
34 169
34 168
34 167
34 166
34 163
34 161
34 160
34 159
34 158
34 157
34 156
34 154
34 153
34 152
34 151
34 149
34 148
34 144
34 140
34 137
34 135
34 133
34 132
34 129
34 58
34 57
34 55
34 54
34 52
34 51
34 48
34 39
34 38
34 36
34 35
34 127
34 62
34 67
34 68
34 69
34 70
34 72
34 73
34 74
34 75
34 77
34 78
34 80
34 83
34 84
34 88
34 90
34 91
34 92
34 94
34 96
34 102
34 103
34 104
34 105
34 106
34 108
34 109
34 110
34 111
34 112
34 113
34 116
34 119
34 120
34 122
34 123
34 125
35 199
35 197
35 196
35 195
35 192
35 190
35 188
35 187
35 185
35 184
35 181
35 180
35 178
35 176
35 174
35 171
35 169
35 166
35 165
35 164
35 162
35 161
35 158
35 156
35 155
35 153
35 151
35 150
35 149
35 148
35 143
35 141
35 140
35 139
35 135
35 134
35 129
35 128
35 57
35 53
35 50
35 48
35 47
35 42
35 41
35 59
35 60
35 61
35 62
35 63
35 67
35 68
35 69
35 70
35 73
35 74
35 76
35 80
35 82
35 83
35 84
35 86
35 87
35 88
35 92
35 93
35 94
35 96
35 97
35 99
35 100
35 101
35 103
35 104
35 107
35 109
35 110
35 112
35 118
35 119
36 197
36 196
36 195
36 193
36 189
36 188
36 187
36 183
36 181
36 180
36 179
36 178
36 177
36 174
36 173
36 167
36 165
36 163
36 162
36 159
36 158
36 157
36 155
36 152
36 148
36 146
36 143
36 142
36 134
36 133
36 132
36 129
36 128
36 57
36 55
36 52
36 51
36 49
36 47
36 46
36 44
36 42
36 41
36 37
36 127
36 60
36 61
36 62
36 64
36 66
36 67
36 68
36 70
36 71
36 73
36 75
36 76
36 78
36 80
36 81
36 87
36 88
36 89
36 90
36 92
36 93
36 94
36 95
36 96
36 98
36 100
36 101
36 104
36 105
36 106
36 108
36 112
36 113
36 118
36 119
36 121
36 124
36 125
36 126
37 199
37 198
37 197
37 194
37 189
37 186
37 183
37 182
37 181
37 180
37 179
37 178
37 175
37 174
37 170
37 169
37 166
37 164
37 160
37 158
37 157
37 155
37 154
37 152
37 149
37 146
37 145
37 144
37 142
37 141
37 140
37 139
37 138
37 137
37 136
37 133
37 132
37 131
37 129
37 128
37 56
37 53
37 51
37 47
37 46
37 45
37 44
37 40
37 38
37 60
37 61
37 62
37 65
37 66
37 68
37 71
37 75
37 76
37 81
37 83
37 84
37 87
37 88
37 93
37 96
37 101
37 102
37 105
37 106
37 108
37 110
37 112
37 116
37 117
37 118
37 119
37 122
37 124
38 198
38 195
38 194
38 192
38 188
38 187
38 185
38 183
38 182
38 180
38 177
38 176
38 174
38 170
38 168
38 167
38 166
38 165
38 164
38 162
38 161
38 160
38 159
38 158
38 157
38 156
38 153
38 152
38 150
38 145
38 143
38 141
38 139
38 135
38 130
38 54
38 53
38 52
38 51
38 50
38 44
38 43
38 42
38 40
38 59
38 127
38 63
38 65
38 66
38 67
38 70
38 72
38 73
38 74
38 75
38 76
38 78
38 80
38 81
38 84
38 86
38 87
38 88
38 89
38 92
38 93
38 94
38 98
38 99
38 101
38 102
38 104
38 105
38 106
38 108
38 109
38 112
38 113
38 114
38 116
38 117
38 121
38 122
38 125
39 199
39 198
39 197
39 196
39 193
39 190
39 188
39 185
39 183
39 182
39 181
39 179
39 177
39 175
39 173
39 172
39 169
39 166
39 164
39 163
39 162
39 160
39 156
39 155
39 154
39 153
39 148
39 143
39 140
39 139
39 136
39 134
39 133
39 132
39 129
39 128
39 58
39 57
39 56
39 53
39 51
39 50
39 49
39 48
39 60
39 61
39 64
39 66
39 70
39 71
39 75
39 76
39 77
39 78
39 81
39 83
39 84
39 85
39 87
39 91
39 94
39 96
39 99
39 101
39 102
39 103
39 104
39 105
39 108
39 114
39 117
39 118
39 120
39 123
39 125
39 126
40 196
40 192
40 191
40 190
40 189
40 188
40 187
40 186
40 184
40 183
40 181
40 179
40 177
40 176
40 173
40 172
40 171
40 169
40 166
40 158
40 157
40 156
40 155
40 149
40 148
40 146
40 144
40 143
40 142
40 141
40 140
40 139
40 136
40 135
40 134
40 132
40 131
40 130
40 128
40 58
40 56
40 55
40 52
40 51
40 50
40 49
40 47
40 46
40 45
40 42
40 59
40 127
40 66
40 67
40 68
40 71
40 74
40 80
40 81
40 82
40 83
40 84
40 86
40 88
40 89
40 90
40 94
40 95
40 101
40 104
40 105
40 106
40 107
40 108
40 109
40 111
40 112
40 114
40 119
40 123
40 125
41 197
41 194
41 192
41 184
41 181
41 180
41 179
41 178
41 177
41 176
41 175
41 173
41 169
41 168
41 164
41 163
41 162
41 161
41 160
41 156
41 155
41 152
41 151
41 150
41 148
41 147
41 145
41 144
41 142
41 141
41 135
41 131
41 128
41 56
41 54
41 53
41 51
41 50
41 46
41 59
41 61
41 63
41 64
41 68
41 70
41 71
41 72
41 74
41 75
41 80
41 83
41 85
41 87
41 90
41 91
41 93
41 94
41 95
41 96
41 97
41 101
41 103
41 104
41 105
41 110
41 112
41 114
41 117
41 118
41 119
41 120
41 121
41 122
41 124
41 125
41 126
42 197
42 196
42 195
42 194
42 193
42 192
42 191
42 190
42 186
42 185
42 172
42 170
42 169
42 167
42 166
42 165
42 162
42 161
42 159
42 158
42 157
42 156
42 151
42 149
42 146
42 145
42 144
42 142
42 140
42 139
42 138
42 137
42 133
42 131
42 129
42 128
42 58
42 57
42 52
42 50
42 49
42 47
42 59
42 127
42 60
42 62
42 63
42 69
42 76
42 78
42 82
42 84
42 85
42 86
42 88
42 90
42 92
42 94
42 95
42 96
42 97
42 99
42 100
42 105
42 106
42 107
42 108
42 109
42 115
42 116
42 119
42 121
42 124
43 199
43 197
43 196
43 192
43 191
43 189
43 187
43 185
43 184
43 183
43 181
43 179
43 178
43 175
43 174
43 173
43 172
43 170
43 168
43 167
43 166
43 165
43 164
43 163
43 162
43 160
43 158
43 156
43 155
43 153
43 152
43 149
43 145
43 144
43 143
43 142
43 140
43 139
43 135
43 133
43 132
43 130
43 129
43 57
43 55
43 52
43 44
43 127
43 60
43 62
43 64
43 65
43 67
43 69
43 71
43 72
43 75
43 77
43 78
43 80
43 82
43 83
43 84
43 86
43 88
43 93
43 94
43 98
43 100
43 104
43 105
43 109
43 113
43 114
43 116
43 117
43 119
43 121
44 198
44 191
44 190
44 188
44 187
44 184
44 183
44 182
44 180
44 179
44 178
44 176
44 175
44 174
44 171
44 170
44 169
44 167
44 166
44 164
44 163
44 162
44 161
44 158
44 156
44 154
44 151
44 150
44 146
44 144
44 143
44 142
44 141
44 137
44 136
44 132
44 129
44 128
44 57
44 55
44 53
44 51
44 50
44 48
44 47
44 59
44 60
44 63
44 64
44 66
44 68
44 70
44 71
44 75
44 78
44 79
44 80
44 84
44 85
44 87
44 90
44 93
44 94
44 96
44 97
44 98
44 99
44 100
44 101
44 103
44 104
44 105
44 106
44 107
44 108
44 111
44 112
44 115
44 116
44 117
44 118
44 120
44 123
44 124
44 125
44 126
45 199
45 196
45 189
45 187
45 184
45 182
45 180
45 179
45 177
45 175
45 172
45 171
45 170
45 168
45 167
45 162
45 157
45 155
45 152
45 148
45 145
45 140
45 138
45 136
45 132
45 130
45 129
45 58
45 54
45 52
45 51
45 50
45 49
45 48
45 46
45 60
45 61
45 63
45 64
45 68
45 69
45 74
45 75
45 76
45 78
45 84
45 85
45 87
45 88
45 90
45 91
45 93
45 94
45 95
45 96
45 97
45 98
45 99
45 100
45 102
45 105
45 106
45 108
45 112
45 114
45 116
45 117
45 119
45 120
45 121
45 123
45 125
45 126
46 198
46 197
46 193
46 192
46 189
46 188
46 187
46 186
46 185
46 183
46 182
46 177
46 176
46 175
46 174
46 168
46 167
46 166
46 165
46 163
46 160
46 159
46 158
46 156
46 155
46 154
46 153
46 152
46 150
46 149
46 147
46 146
46 145
46 144
46 143
46 142
46 141
46 140
46 138
46 130
46 129
46 128
46 58
46 57
46 54
46 53
46 50
46 47
46 59
46 63
46 67
46 68
46 72
46 75
46 76
46 79
46 82
46 83
46 85
46 87
46 89
46 90
46 91
46 93
46 94
46 95
46 97
46 98
46 99
46 102
46 104
46 105
46 108
46 109
46 110
46 113
46 114
46 116
46 117
46 119
46 122
46 123
46 124
46 126
47 196
47 195
47 194
47 190
47 187
47 185
47 184
47 183
47 182
47 181
47 179
47 174
47 170
47 169
47 167
47 166
47 163
47 161
47 156
47 155
47 154
47 151
47 149
47 147
47 146
47 145
47 143
47 142
47 141
47 135
47 133
47 132
47 131
47 130
47 128
47 58
47 57
47 54
47 52
47 51
47 59
47 127
47 62
47 63
47 65
47 67
47 71
47 74
47 76
47 78
47 81
47 85
47 86
47 89
47 90
47 91
47 93
47 95
47 96
47 98
47 99
47 100
47 101
47 102
47 104
47 106
47 108
47 109
47 110
47 115
47 116
47 117
47 118
47 119
47 120
47 123
47 124
47 126
48 199
48 198
48 196
48 195
48 194
48 192
48 190
48 185
48 183
48 182
48 181
48 176
48 174
48 173
48 171
48 170
48 169
48 167
48 158
48 156
48 155
48 154
48 152
48 150
48 148
48 147
48 146
48 144
48 141
48 137
48 135
48 133
48 132
48 131
48 58
48 56
48 55
48 54
48 53
48 52
48 49
48 59
48 127
48 61
48 71
48 72
48 73
48 74
48 75
48 76
48 77
48 79
48 85
48 87
48 88
48 93
48 94
48 96
48 97
48 99
48 100
48 101
48 105
48 106
48 107
48 111
48 114
48 117
48 119
48 120
48 122
48 124
48 125
49 199
49 197
49 196
49 195
49 194
49 193
49 187
49 185
49 184
49 181
49 180
49 178
49 173
49 172
49 170
49 169
49 167
49 166
49 164
49 161
49 159
49 157
49 155
49 153
49 152
49 150
49 149
49 145
49 144
49 143
49 140
49 136
49 134
49 133
49 132
49 131
49 128
49 58
49 57
49 55
49 54
49 53
49 52
49 51
49 50
49 60
49 65
49 67
49 68
49 71
49 74
49 75
49 77
49 78
49 79
49 80
49 83
49 84
49 85
49 86
49 91
49 92
49 94
49 97
49 98
49 99
49 101
49 102
49 103
49 104
49 105
49 110
49 113
49 114
49 116
49 118
49 119
49 122
49 125
49 126
50 198
50 196
50 191
50 187
50 185
50 183
50 179
50 178
50 177
50 173
50 172
50 167
50 161
50 157
50 154
50 151
50 150
50 148
50 147
50 146
50 145
50 142
50 140
50 139
50 137
50 135
50 134
50 132
50 130
50 129
50 58
50 55
50 53
50 52
50 51
50 63
50 64
50 66
50 67
50 68
50 69
50 73
50 75
50 76
50 79
50 82
50 83
50 85
50 88
50 90
50 92
50 95
50 96
50 97
50 98
50 102
50 104
50 105
50 106
50 107
50 108
50 109
50 111
50 112
50 114
50 115
50 116
50 118
50 119
50 120
51 199
51 197
51 196
51 194
51 193
51 191
51 190
51 186
51 185
51 181
51 177
51 175
51 172
51 170
51 167
51 166
51 165
51 164
51 163
51 162
51 161
51 159
51 158
51 157
51 153
51 152
51 150
51 149
51 147
51 146
51 144
51 143
51 140
51 138
51 136
51 135
51 134
51 129
51 128
51 58
51 55
51 65
51 67
51 68
51 69
51 71
51 72
51 73
51 74
51 75
51 76
51 77
51 78
51 79
51 81
51 86
51 88
51 89
51 90
51 93
51 94
51 96
51 98
51 99
51 103
51 104
51 105
51 108
51 109
51 111
51 112
51 120
51 121
51 122
51 126
52 197
52 195
52 193
52 192
52 191
52 186
52 185
52 184
52 182
52 181
52 179
52 178
52 177
52 175
52 172
52 164
52 163
52 162
52 161
52 159
52 157
52 156
52 155
52 152
52 151
52 150
52 146
52 144
52 143
52 142
52 140
52 138
52 137
52 136
52 133
52 130
52 128
52 55
52 54
52 53
52 127
52 60
52 64
52 68
52 69
52 70
52 74
52 75
52 76
52 77
52 79
52 81
52 82
52 83
52 85
52 86
52 89
52 90
52 95
52 96
52 97
52 101
52 102
52 107
52 110
52 111
52 114
52 115
52 116
52 117
52 118
52 125
52 126
53 198
53 197
53 193
53 191
53 188
53 187
53 185
53 182
53 181
53 178
53 177
53 174
53 172
53 171
53 168
53 166
53 165
53 164
53 163
53 162
53 161
53 159
53 155
53 153
53 152
53 151
53 150
53 147
53 146
53 144
53 142
53 136
53 134
53 132
53 131
53 130
53 128
53 58
53 59
53 127
53 60
53 63
53 66
53 67
53 68
53 69
53 72
53 74
53 75
53 80
53 81
53 82
53 83
53 85
53 86
53 87
53 88
53 89
53 90
53 91
53 92
53 93
53 95
53 98
53 99
53 101
53 102
53 105
53 108
53 112
53 113
53 115
53 117
53 118
53 119
54 199
54 195
54 188
54 186
54 185
54 184
54 179
54 178
54 176
54 171
54 170
54 169
54 167
54 163
54 162
54 155
54 154
54 152
54 149
54 147
54 146
54 141
54 140
54 137
54 136
54 135
54 133
54 130
54 57
54 56
54 55
54 60
54 62
54 63
54 66
54 67
54 68
54 70
54 76
54 77
54 86
54 88
54 89
54 90
54 91
54 93
54 94
54 95
54 96
54 98
54 107
54 108
54 111
54 112
54 113
54 115
54 117
54 119
54 121
54 122
55 198
55 195
55 194
55 193
55 192
55 190
55 189
55 185
55 183
55 181
55 177
55 175
55 174
55 172
55 170
55 168
55 165
55 164
55 163
55 160
55 154
55 153
55 151
55 150
55 149
55 147
55 144
55 142
55 138
55 136
55 133
55 128
55 58
55 57
55 56
55 59
55 127
55 61
55 66
55 68
55 70
55 71
55 74
55 76
55 77
55 79
55 81
55 82
55 83
55 84
55 86
55 87
55 88
55 90
55 92
55 93
55 94
55 96
55 101
55 104
55 106
55 108
55 110
55 111
55 112
55 117
55 118
55 120
55 121
55 123
55 125
55 126
56 198
56 194
56 191
56 185
56 184
56 183
56 182
56 180
56 179
56 177
56 176
56 173
56 172
56 168
56 167
56 166
56 165
56 164
56 163
56 161
56 153
56 146
56 144
56 143
56 141
56 138
56 136
56 133
56 132
56 131
56 129
56 128
56 58
56 57
56 60
56 61
56 62
56 65
56 68
56 70
56 71
56 72
56 73
56 75
56 77
56 78
56 79
56 80
56 82
56 83
56 84
56 88
56 89
56 91
56 95
56 98
56 99
56 100
56 102
56 105
56 109
56 111
56 112
56 118
56 119
56 120
56 122
56 123
56 124
57 197
57 196
57 194
57 193
57 189
57 187
57 186
57 182
57 180
57 175
57 172
57 169
57 168
57 166
57 165
57 164
57 163
57 162
57 159
57 156
57 154
57 152
57 151
57 148
57 147
57 145
57 144
57 143
57 141
57 138
57 136
57 135
57 131
57 130
57 129
57 59
57 127
57 60
57 61
57 62
57 65
57 67
57 68
57 69
57 70
57 71
57 72
57 73
57 74
57 75
57 76
57 77
57 78
57 79
57 80
57 83
57 84
57 86
57 89
57 90
57 93
57 94
57 95
57 97
57 102
57 103
57 104
57 105
57 107
57 109
57 110
57 112
57 115
57 117
57 119
57 124
58 199
58 197
58 196
58 195
58 194
58 193
58 191
58 189
58 185
58 180
58 179
58 178
58 177
58 176
58 174
58 170
58 167
58 165
58 163
58 162
58 161
58 160
58 159
58 154
58 153
58 151
58 150
58 148
58 143
58 142
58 141
58 140
58 139
58 133
58 131
58 128
58 59
58 127
58 60
58 61
58 62
58 67
58 69
58 70
58 71
58 72
58 74
58 78
58 80
58 81
58 84
58 85
58 86
58 87
58 89
58 90
58 91
58 92
58 95
58 96
58 97
58 99
58 104
58 107
58 111
58 115
58 118
58 119
58 120
58 123
59 197
59 195
59 194
59 193
59 191
59 190
59 186
59 183
59 180
59 177
59 176
59 171
59 170
59 169
59 168
59 167
59 166
59 165
59 164
59 162
59 161
59 160
59 156
59 155
59 153
59 152
59 151
59 149
59 148
59 147
59 146
59 145
59 144
59 141
59 138
59 137
59 136
59 135
59 134
59 133
59 132
59 130
59 127
59 61
59 63
59 64
59 68
59 73
59 76
59 83
59 86
59 89
59 91
59 92
59 95
59 96
59 97
59 98
59 99
59 102
59 103
59 104
59 105
59 106
59 107
59 108
59 110
59 112
59 117
59 118
59 119
59 120
59 124
59 126
60 199
60 198
60 197
60 196
60 194
60 192
60 189
60 187
60 185
60 182
60 181
60 180
60 177
60 175
60 173
60 170
60 168
60 164
60 163
60 162
60 161
60 158
60 157
60 154
60 151
60 150
60 144
60 143
60 142
60 140
60 134
60 130
60 129
60 128
60 127
60 61
60 63
60 65
60 66
60 67
60 68
60 69
60 71
60 75
60 83
60 84
60 100
60 101
60 103
60 104
60 109
60 111
60 113
60 114
60 115
60 118
60 122
60 124
60 125
61 199
61 198
61 196
61 192
61 188
61 187
61 186
61 185
61 183
61 181
61 180
61 179
61 178
61 174
61 170
61 169
61 168
61 167
61 165
61 164
61 162
61 161
61 158
61 157
61 155
61 152
61 151
61 150
61 148
61 147
61 145
61 143
61 142
61 140
61 139
61 137
61 132
61 128
61 62
61 63
61 64
61 65
61 69
61 70
61 72
61 73
61 75
61 76
61 77
61 78
61 79
61 82
61 86
61 87
61 90
61 92
61 93
61 94
61 95
61 100
61 101
61 102
61 103
61 104
61 107
61 108
61 110
61 111
61 112
61 114
61 117
61 118
61 122
61 126
62 199
62 198
62 196
62 194
62 193
62 192
62 188
62 186
62 185
62 183
62 182
62 176
62 174
62 173
62 168
62 164
62 163
62 161
62 160
62 156
62 152
62 149
62 147
62 140
62 137
62 135
62 133
62 130
62 129
62 128
62 127
62 63
62 64
62 65
62 66
62 68
62 69
62 70
62 72
62 73
62 75
62 79
62 80
62 81
62 84
62 86
62 87
62 88
62 90
62 92
62 96
62 98
62 99
62 104
62 108
62 110
62 111
62 112
62 113
62 115
62 117
62 118
62 121
62 122
62 123
63 199
63 195
63 193
63 192
63 191
63 190
63 189
63 188
63 186
63 185
63 184
63 183
63 181
63 180
63 179
63 175
63 174
63 173
63 171
63 170
63 165
63 164
63 159
63 158
63 157
63 155
63 152
63 151
63 149
63 148
63 146
63 142
63 141
63 140
63 139
63 133
63 132
63 130
63 129
63 128
63 65
63 66
63 73
63 74
63 75
63 77
63 79
63 82
63 83
63 87
63 89
63 92
63 99
63 103
63 107
63 108
63 115
63 116
63 117
63 118
63 119
63 123
64 198
64 195
64 193
64 191
64 189
64 184
64 183
64 178
64 174
64 171
64 170
64 166
64 165
64 164
64 163
64 162
64 161
64 160
64 157
64 156
64 148
64 146
64 144
64 143
64 142
64 141
64 139
64 138
64 137
64 131
64 128
64 66
64 67
64 70
64 74
64 75
64 79
64 82
64 83
64 84
64 85
64 88
64 89
64 92
64 93
64 94
64 95
64 96
64 98
64 100
64 103
64 105
64 108
64 112
64 121
64 122
64 123
64 124
65 199
65 196
65 194
65 192
65 191
65 190
65 189
65 187
65 185
65 183
65 178
65 177
65 175
65 174
65 172
65 171
65 170
65 169
65 165
65 163
65 160
65 158
65 157
65 156
65 151
65 149
65 148
65 146
65 143
65 140
65 139
65 138
65 136
65 134
65 131
65 130
65 129
65 127
65 66
65 67
65 69
65 71
65 72
65 73
65 74
65 75
65 79
65 80
65 81
65 82
65 84
65 85
65 88
65 89
65 90
65 93
65 97
65 98
65 99
65 102
65 106
65 108
65 111
65 112
65 113
65 115
65 117
65 118
65 119
65 121
65 122
65 123
65 126
66 198
66 196
66 195
66 194
66 193
66 191
66 190
66 189
66 187
66 186
66 184
66 183
66 182
66 181
66 179
66 177
66 176
66 174
66 172
66 171
66 170
66 168
66 166
66 165
66 163
66 160
66 156
66 155
66 150
66 147
66 146
66 145
66 143
66 140
66 138
66 134
66 133
66 131
66 68
66 71
66 73
66 76
66 78
66 79
66 81
66 87
66 88
66 89
66 91
66 92
66 93
66 94
66 96
66 97
66 99
66 100
66 101
66 102
66 103
66 104
66 105
66 108
66 109
66 111
66 112
66 114
66 115
66 118
66 120
66 122
66 124
66 125
67 199
67 198
67 197
67 194
67 193
67 192
67 191
67 190
67 189
67 188
67 186
67 183
67 182
67 181
67 177
67 174
67 171
67 168
67 166
67 161
67 160
67 159
67 158
67 156
67 155
67 153
67 150
67 147
67 146
67 144
67 141
67 140
67 137
67 135
67 132
67 131
67 130
67 69
67 70
67 73
67 75
67 76
67 78
67 81
67 90
67 91
67 92
67 95
67 98
67 102
67 103
67 105
67 109
67 114
67 115
67 116
67 121
67 126
68 199
68 198
68 197
68 196
68 195
68 194
68 191
68 189
68 188
68 187
68 186
68 185
68 183
68 182
68 180
68 178
68 177
68 176
68 175
68 174
68 170
68 168
68 167
68 163
68 162
68 161
68 159
68 157
68 156
68 153
68 151
68 150
68 149
68 148
68 147
68 146
68 145
68 144
68 142
68 140
68 139
68 132
68 130
68 127
68 70
68 71
68 72
68 73
68 74
68 75
68 76
68 78
68 79
68 80
68 82
68 84
68 86
68 87
68 90
68 91
68 92
68 93
68 94
68 96
68 97
68 99
68 100
68 103
68 105
68 108
68 113
68 115
68 118
68 123
68 125
69 199
69 195
69 194
69 189
69 188
69 187
69 186
69 181
69 179
69 178
69 176
69 174
69 173
69 172
69 171
69 170
69 169
69 165
69 164
69 163
69 157
69 156
69 154
69 151
69 150
69 147
69 145
69 144
69 141
69 140
69 139
69 137
69 136
69 135
69 134
69 133
69 130
69 129
69 127
69 70
69 75
69 78
69 79
69 81
69 82
69 83
69 87
69 88
69 89
69 92
69 95
69 97
69 98
69 99
69 104
69 105
69 106
69 107
69 108
69 109
69 114
69 115
69 119
69 120
69 121
69 124
69 125
70 198
70 196
70 195
70 191
70 189
70 188
70 187
70 186
70 185
70 182
70 181
70 180
70 179
70 177
70 175
70 173
70 172
70 170
70 169
70 165
70 164
70 163
70 160
70 159
70 158
70 155
70 154
70 151
70 149
70 147
70 146
70 145
70 143
70 140
70 139
70 137
70 136
70 133
70 131
70 127
70 71
70 72
70 73
70 74
70 75
70 77
70 78
70 79
70 82
70 84
70 87
70 90
70 91
70 92
70 93
70 96
70 97
70 98
70 100
70 101
70 102
70 103
70 105
70 106
70 107
70 111
70 113
70 118
70 119
70 121
70 123
71 197
71 196
71 193
71 192
71 191
71 188
71 187
71 183
71 182
71 181
71 180
71 179
71 176
71 172
71 171
71 168
71 167
71 166
71 165
71 163
71 162
71 161
71 160
71 159
71 157
71 155
71 153
71 152
71 151
71 150
71 148
71 145
71 144
71 143
71 139
71 138
71 136
71 134
71 133
71 132
71 131
71 130
71 129
71 128
71 127
71 72
71 73
71 76
71 77
71 79
71 82
71 83
71 84
71 86
71 87
71 88
71 89
71 92
71 97
71 98
71 99
71 101
71 102
71 103
71 107
71 110
71 113
71 114
71 116
71 122
71 123
71 124
71 126
72 197
72 193
72 192
72 191
72 185
72 183
72 182
72 180
72 176
72 175
72 174
72 171
72 170
72 168
72 167
72 165
72 164
72 163
72 161
72 160
72 158
72 156
72 153
72 152
72 151
72 150
72 147
72 146
72 145
72 143
72 137
72 136
72 135
72 134
72 132
72 129
72 127
72 73
72 74
72 75
72 76
72 77
72 78
72 79
72 82
72 83
72 86
72 87
72 88
72 89
72 93
72 95
72 96
72 98
72 100
72 101
72 104
72 106
72 107
72 108
72 109
72 111
72 116
72 119
72 120
72 121
72 122
72 123
72 124
72 126
73 196
73 195
73 194
73 192
73 190
73 188
73 187
73 186
73 182
73 181
73 179
73 175
73 171
73 170
73 169
73 166
73 165
73 163
73 162
73 161
73 159
73 157
73 155
73 154
73 150
73 149
73 145
73 143
73 136
73 133
73 131
73 128
73 75
73 76
73 78
73 83
73 86
73 89
73 90
73 91
73 95
73 96
73 97
73 99
73 101
73 104
73 107
73 108
73 111
73 112
73 113
73 115
73 116
73 117
73 118
73 119
73 120
73 122
73 126
74 199
74 198
74 197
74 196
74 195
74 193
74 191
74 190
74 189
74 188
74 187
74 186
74 181
74 179
74 175
74 174
74 173
74 172
74 171
74 170
74 168
74 167
74 164
74 161
74 160
74 158
74 156
74 155
74 154
74 151
74 150
74 147
74 145
74 142
74 141
74 140
74 138
74 136
74 133
74 132
74 130
74 129
74 128
74 127
74 75
74 76
74 78
74 79
74 82
74 84
74 85
74 86
74 89
74 92
74 93
74 102
74 103
74 104
74 105
74 106
74 107
74 108
74 109
74 110
74 111
74 115
74 117
74 118
74 119
74 121
74 123
74 124
74 126
75 197
75 196
75 195
75 193
75 192
75 191
75 190
75 188
75 183
75 182
75 181
75 180
75 179
75 177
75 175
75 171
75 168
75 165
75 162
75 161
75 160
75 159
75 157
75 156
75 147
75 146
75 143
75 141
75 137
75 135
75 134
75 132
75 130
75 129
75 128
75 77
75 81
75 82
75 84
75 85
75 86
75 88
75 89
75 90
75 93
75 95
75 96
75 99
75 101
75 103
75 104
75 105
75 106
75 108
75 109
75 111
75 112
75 114
75 115
75 116
75 117
75 118
75 119
75 123
75 124
75 126
76 199
76 196
76 193
76 191
76 190
76 189
76 187
76 186
76 185
76 178
76 177
76 175
76 174
76 173
76 171
76 170
76 167
76 160
76 159
76 157
76 154
76 152
76 151
76 148
76 147
76 146
76 143
76 138
76 135
76 134
76 131
76 127
76 77
76 79
76 81
76 82
76 83
76 84
76 85
76 86
76 89
76 90
76 91
76 93
76 94
76 99
76 101
76 107
76 108
76 110
76 111
76 112
76 113
76 117
76 118
76 119
76 120
76 121
76 123
76 124
76 126
77 199
77 197
77 196
77 195
77 194
77 192
77 191
77 190
77 189
77 187
77 185
77 183
77 182
77 179
77 177
77 171
77 169
77 168
77 167
77 164
77 162
77 161
77 158
77 156
77 154
77 152
77 151
77 150
77 149
77 147
77 146
77 142
77 141
77 140
77 134
77 132
77 131
77 130
77 128
77 79
77 81
77 83
77 84
77 85
77 86
77 88
77 89
77 91
77 92
77 93
77 98
77 101
77 103
77 105
77 110
77 112
77 114
77 117
77 118
77 124
78 197
78 194
78 193
78 190
78 189
78 186
78 183
78 182
78 181
78 179
78 174
78 173
78 172
78 170
78 167
78 166
78 162
78 159
78 158
78 157
78 156
78 155
78 152
78 150
78 148
78 146
78 145
78 143
78 142
78 141
78 140
78 138
78 137
78 132
78 129
78 128
78 79
78 80
78 83
78 85
78 86
78 87
78 88
78 89
78 90
78 91
78 93
78 94
78 97
78 99
78 100
78 101
78 102
78 103
78 104
78 106
78 111
78 113
78 115
78 117
78 118
78 119
78 123
78 125
79 199
79 197
79 196
79 195
79 194
79 192
79 189
79 187
79 184
79 182
79 181
79 180
79 179
79 178
79 177
79 176
79 175
79 174
79 172
79 169
79 167
79 164
79 159
79 157
79 156
79 155
79 154
79 153
79 152
79 151
79 149
79 147
79 144
79 142
79 140
79 136
79 135
79 134
79 133
79 132
79 128
79 82
79 86
79 87
79 94
79 99
79 100
79 102
79 103
79 104
79 105
79 106
79 107
79 108
79 110
79 111
79 113
79 114
79 115
79 116
79 117
79 118
79 119
79 120
79 121
79 124
79 126
80 198
80 197
80 195
80 192
80 191
80 190
80 186
80 185
80 184
80 183
80 181
80 180
80 179
80 178
80 176
80 175
80 171
80 169
80 168
80 166
80 163
80 161
80 160
80 157
80 156
80 155
80 152
80 151
80 146
80 144
80 141
80 140
80 137
80 134
80 133
80 132
80 130
80 81
80 84
80 85
80 88
80 89
80 90
80 91
80 92
80 94
80 97
80 98
80 99
80 100
80 101
80 103
80 105
80 110
80 112
80 117
80 118
80 120
80 124
81 197
81 193
81 191
81 189
81 188
81 187
81 186
81 185
81 184
81 183
81 181
81 180
81 177
81 168
81 166
81 164
81 162
81 161
81 160
81 159
81 158
81 157
81 156
81 153
81 151
81 150
81 149
81 148
81 147
81 146
81 145
81 144
81 143
81 142
81 141
81 140
81 136
81 135
81 133
81 131
81 130
81 128
81 83
81 84
81 86
81 88
81 90
81 92
81 94
81 95
81 96
81 100
81 101
81 102
81 103
81 104
81 110
81 115
81 116
81 117
81 118
81 119
81 123
81 124
82 199
82 198
82 197
82 196
82 195
82 194
82 192
82 188
82 187
82 186
82 185
82 183
82 181
82 179
82 178
82 177
82 174
82 173
82 172
82 171
82 170
82 168
82 166
82 165
82 162
82 161
82 159
82 158
82 157
82 156
82 154
82 151
82 146
82 142
82 140
82 139
82 136
82 132
82 131
82 127
82 85
82 86
82 88
82 89
82 90
82 94
82 95
82 96
82 97
82 100
82 101
82 106
82 107
82 108
82 109
82 111
82 114
82 115
82 116
82 120
82 121
82 122
82 123
82 124
82 125
83 198
83 197
83 195
83 194
83 191
83 190
83 188
83 186
83 184
83 183
83 182
83 180
83 179
83 178
83 177
83 176
83 174
83 173
83 172
83 171
83 170
83 168
83 166
83 165
83 164
83 163
83 160
83 157
83 156
83 155
83 153
83 152
83 151
83 150
83 149
83 145
83 143
83 139
83 136
83 134
83 131
83 127
83 86
83 88
83 90
83 92
83 94
83 104
83 106
83 109
83 112
83 115
83 116
83 119
83 120
83 122
83 123
83 125
84 199
84 194
84 192
84 187
84 186
84 183
84 179
84 173
84 172
84 171
84 170
84 169
84 163
84 162
84 161
84 159
84 158
84 155
84 153
84 152
84 151
84 148
84 147
84 145
84 144
84 142
84 138
84 136
84 135
84 134
84 133
84 131
84 130
84 88
84 90
84 92
84 93
84 95
84 96
84 97
84 100
84 103
84 105
84 106
84 108
84 111
84 112
84 117
84 118
84 119
84 121
84 122
84 123
84 124
84 126
85 199
85 197
85 195
85 194
85 190
85 187
85 186
85 184
85 180
85 177
85 176
85 174
85 173
85 172
85 171
85 170
85 169
85 167
85 166
85 165
85 161
85 158
85 157
85 156
85 153
85 150
85 149
85 148
85 142
85 140
85 139
85 135
85 133
85 131
85 130
85 129
85 128
85 87
85 88
85 89
85 91
85 93
85 94
85 95
85 96
85 97
85 104
85 105
85 106
85 107
85 108
85 110
85 111
85 113
85 114
85 116
85 117
85 119
85 121
85 123
85 124
86 199
86 196
86 192
86 190
86 187
86 185
86 184
86 182
86 180
86 178
86 176
86 175
86 173
86 171
86 170
86 165
86 163
86 162
86 161
86 159
86 158
86 156
86 153
86 152
86 151
86 149
86 147
86 146
86 145
86 143
86 142
86 141
86 139
86 134
86 132
86 131
86 129
86 128
86 127
86 89
86 92
86 94
86 99
86 101
86 102
86 104
86 108
86 109
86 111
86 113
86 117
86 119
86 120
86 121
86 122
86 123
86 126
87 197
87 195
87 194
87 193
87 192
87 191
87 190
87 189
87 188
87 187
87 186
87 183
87 180
87 178
87 177
87 176
87 175
87 174
87 172
87 170
87 169
87 167
87 165
87 164
87 163
87 162
87 161
87 159
87 157
87 155
87 152
87 151
87 150
87 144
87 143
87 141
87 138
87 137
87 135
87 132
87 131
87 130
87 129
87 128
87 89
87 90
87 91
87 92
87 96
87 97
87 101
87 102
87 105
87 107
87 108
87 110
87 112
87 115
87 119
87 120
87 121
87 122
87 123
87 124
88 199
88 198
88 197
88 196
88 193
88 192
88 191
88 190
88 189
88 187
88 185
88 176
88 173
88 172
88 169
88 168
88 167
88 166
88 163
88 162
88 160
88 158
88 156
88 152
88 148
88 147
88 145
88 144
88 142
88 141
88 140
88 139
88 138
88 135
88 134
88 133
88 132
88 130
88 127
88 89
88 90
88 91
88 93
88 94
88 95
88 96
88 97
88 98
88 100
88 101
88 102
88 103
88 104
88 105
88 106
88 109
88 110
88 111
88 112
88 116
88 117
88 118
88 121
88 122
88 123
89 197
89 196
89 191
89 190
89 189
89 188
89 187
89 186
89 184
89 183
89 181
89 180
89 179
89 178
89 177
89 176
89 175
89 174
89 173
89 169
89 163
89 162
89 161
89 160
89 156
89 155
89 154
89 153
89 152
89 151
89 150
89 149
89 147
89 145
89 143
89 142
89 139
89 137
89 136
89 135
89 133
89 131
89 130
89 127
89 90
89 93
89 96
89 97
89 98
89 99
89 101
89 102
89 104
89 105
89 106
89 107
89 109
89 112
89 113
89 115
89 120
89 124
89 125
89 126
90 199
90 198
90 197
90 195
90 193
90 190
90 189
90 186
90 183
90 181
90 180
90 178
90 177
90 176
90 175
90 174
90 173
90 171
90 170
90 168
90 167
90 164
90 160
90 159
90 157
90 152
90 151
90 145
90 143
90 142
90 141
90 139
90 137
90 136
90 135
90 134
90 133
90 132
90 131
90 129
90 127
90 95
90 98
90 100
90 108
90 110
90 112
90 113
90 114
90 116
90 117
90 122
90 124
90 126
91 198
91 197
91 195
91 193
91 192
91 189
91 188
91 187
91 186
91 184
91 180
91 179
91 178
91 177
91 174
91 173
91 172
91 169
91 168
91 165
91 164
91 161
91 160
91 158
91 157
91 156
91 155
91 152
91 148
91 145
91 143
91 142
91 141
91 140
91 138
91 137
91 135
91 134
91 133
91 128
91 93
91 94
91 95
91 97
91 98
91 99
91 101
91 102
91 103
91 107
91 108
91 109
91 112
91 113
91 114
91 116
91 117
91 121
91 123
91 126
92 197
92 196
92 194
92 193
92 192
92 191
92 190
92 189
92 188
92 185
92 183
92 182
92 180
92 176
92 174
92 173
92 172
92 171
92 169
92 166
92 165
92 162
92 161
92 159
92 156
92 154
92 153
92 152
92 151
92 148
92 147
92 144
92 143
92 142
92 141
92 139
92 135
92 133
92 130
92 129
92 127
92 93
92 94
92 97
92 100
92 101
92 102
92 103
92 106
92 107
92 109
92 110
92 111
92 113
92 114
92 115
92 116
92 117
92 118
92 119
92 120
92 123
93 199
93 197
93 196
93 194
93 193
93 191
93 189
93 188
93 185
93 184
93 183
93 182
93 179
93 177
93 176
93 174
93 171
93 170
93 169
93 168
93 161
93 159
93 156
93 155
93 154
93 153
93 152
93 150
93 149
93 143
93 139
93 138
93 134
93 130
93 128
93 127
93 94
93 96
93 98
93 100
93 101
93 104
93 106
93 108
93 109
93 111
93 112
93 113
93 114
93 115
93 116
93 117
93 119
93 120
93 123
94 199
94 198
94 196
94 195
94 194
94 192
94 191
94 189
94 188
94 187
94 184
94 183
94 181
94 177
94 176
94 175
94 174
94 172
94 170
94 167
94 165
94 162
94 157
94 156
94 155
94 154
94 153
94 151
94 149
94 148
94 146
94 143
94 142
94 139
94 136
94 134
94 133
94 130
94 128
94 127
94 95
94 97
94 98
94 100
94 101
94 102
94 104
94 106
94 109
94 110
94 111
94 113
94 114
94 115
94 116
94 117
94 118
94 119
94 122
94 124
94 125
94 126
95 199
95 198
95 197
95 194
95 193
95 192
95 191
95 190
95 188
95 182
95 181
95 180
95 179
95 178
95 177
95 171
95 169
95 168
95 166
95 165
95 164
95 159
95 154
95 153
95 152
95 151
95 150
95 147
95 146
95 144
95 141
95 140
95 139
95 136
95 130
95 129
95 128
95 97
95 103
95 104
95 108
95 109
95 112
95 113
95 115
95 117
95 119
95 123
95 125
96 198
96 195
96 189
96 186
96 185
96 183
96 178
96 177
96 176
96 173
96 170
96 168
96 167
96 166
96 165
96 163
96 162
96 161
96 160
96 157
96 156
96 155
96 153
96 152
96 150
96 149
96 145
96 142
96 141
96 140
96 137
96 135
96 132
96 128
96 100
96 102
96 105
96 106
96 109
96 112
96 114
96 117
96 121
96 122
97 194
97 193
97 192
97 191
97 190
97 189
97 181
97 180
97 179
97 177
97 174
97 173
97 170
97 169
97 167
97 165
97 164
97 163
97 162
97 160
97 159
97 158
97 157
97 155
97 154
97 151
97 149
97 148
97 144
97 143
97 141
97 140
97 139
97 136
97 135
97 134
97 133
97 132
97 131
97 130
97 129
97 128
97 99
97 102
97 103
97 104
97 106
97 108
97 114
97 115
97 116
97 117
97 118
97 119
97 122
97 124
98 198
98 196
98 195
98 194
98 189
98 188
98 187
98 181
98 179
98 178
98 177
98 175
98 174
98 173
98 169
98 168
98 165
98 158
98 157
98 154
98 153
98 152
98 151
98 150
98 144
98 141
98 140
98 137
98 127
98 99
98 100
98 102
98 104
98 105
98 110
98 115
98 121
98 122
98 123
98 124
99 199
99 195
99 194
99 193
99 192
99 191
99 187
99 184
99 180
99 179
99 178
99 176
99 175
99 174
99 173
99 171
99 170
99 168
99 167
99 166
99 165
99 164
99 163
99 160
99 158
99 154
99 151
99 150
99 149
99 148
99 145
99 144
99 143
99 142
99 140
99 139
99 138
99 136
99 133
99 132
99 131
99 130
99 129
99 128
99 100
99 102
99 103
99 104
99 105
99 106
99 107
99 111
99 112
99 113
99 116
99 120
99 123
100 199
100 194
100 193
100 192
100 191
100 188
100 187
100 186
100 184
100 183
100 182
100 180
100 179
100 177
100 176
100 170
100 167
100 166
100 164
100 162
100 161
100 160
100 158
100 156
100 152
100 151
100 148
100 147
100 146
100 144
100 142
100 139
100 137
100 135
100 130
100 128
100 127
100 103
100 104
100 105
100 107
100 109
100 111
100 113
100 116
100 117
100 122
100 124
101 199
101 198
101 196
101 192
101 191
101 186
101 185
101 184
101 182
101 181
101 178
101 174
101 173
101 169
101 167
101 166
101 164
101 163
101 162
101 161
101 157
101 155
101 152
101 151
101 150
101 145
101 144
101 142
101 138
101 137
101 136
101 134
101 132
101 131
101 130
101 127
101 103
101 105
101 106
101 107
101 108
101 111
101 115
101 116
101 119
101 121
101 123
102 197
102 196
102 195
102 194
102 193
102 192
102 191
102 188
102 183
102 181
102 179
102 177
102 176
102 175
102 170
102 165
102 162
102 161
102 158
102 157
102 156
102 155
102 153
102 152
102 149
102 148
102 145
102 143
102 140
102 139
102 138
102 137
102 135
102 134
102 129
102 128
102 103
102 105
102 106
102 108
102 110
102 113
102 115
102 116
102 117
102 119
102 120
102 121
102 123
102 124
102 126
103 199
103 198
103 194
103 192
103 191
103 190
103 189
103 184
103 182
103 180
103 178
103 175
103 174
103 172
103 171
103 170
103 169
103 167
103 166
103 164
103 163
103 162
103 159
103 158
103 157
103 151
103 148
103 147
103 146
103 145
103 144
103 143
103 142
103 140
103 138
103 137
103 136
103 135
103 132
103 131
103 127
103 104
103 105
103 106
103 107
103 110
103 112
103 114
103 117
103 118
103 120
103 122
103 125
103 126
104 197
104 196
104 192
104 190
104 187
104 185
104 183
104 181
104 180
104 178
104 176
104 175
104 172
104 170
104 169
104 165
104 163
104 162
104 160
104 159
104 157
104 155
104 153
104 149
104 147
104 146
104 144
104 143
104 142
104 141
104 139
104 137
104 136
104 135
104 130
104 127
104 107
104 110
104 111
104 114
104 115
104 119
104 120
104 123
104 124
104 125
105 199
105 198
105 197
105 195
105 194
105 193
105 192
105 191
105 190
105 189
105 188
105 186
105 185
105 184
105 179
105 176
105 174
105 170
105 169
105 168
105 163
105 162
105 160
105 159
105 157
105 155
105 153
105 145
105 143
105 142
105 141
105 140
105 138
105 137
105 136
105 135
105 134
105 133
105 132
105 129
105 128
105 106
105 109
105 110
105 112
105 114
105 120
105 121
105 122
105 123
105 124
105 126
106 199
106 198
106 197
106 194
106 191
106 189
106 188
106 185
106 179
106 178
106 177
106 176
106 175
106 174
106 173
106 170
106 169
106 168
106 167
106 164
106 163
106 161
106 156
106 155
106 150
106 146
106 145
106 144
106 143
106 141
106 140
106 137
106 136
106 135
106 132
106 129
106 113
106 115
106 116
106 117
106 123
106 124
106 126
107 199
107 197
107 196
107 194
107 190
107 189
107 188
107 184
107 183
107 180
107 178
107 176
107 175
107 173
107 171
107 170
107 169
107 168
107 164
107 161
107 158
107 157
107 156
107 155
107 154
107 153
107 152
107 150
107 148
107 147
107 145
107 144
107 141
107 138
107 137
107 136
107 134
107 131
107 129
107 113
107 115
107 117
107 120
107 121
107 123
107 124
107 125
107 126
108 197
108 192
108 191
108 189
108 188
108 187
108 186
108 185
108 183
108 182
108 181
108 178
108 177
108 176
108 175
108 173
108 171
108 166
108 163
108 162
108 161
108 159
108 158
108 154
108 151
108 149
108 147
108 145
108 144
108 140
108 137
108 135
108 134
108 111
108 112
108 115
108 116
108 117
108 119
108 121
108 123
108 126
109 198
109 195
109 194
109 193
109 192
109 191
109 188
109 186
109 182
109 181
109 180
109 178
109 172
109 171
109 170
109 169
109 167
109 164
109 156
109 154
109 153
109 150
109 149
109 147
109 146
109 145
109 144
109 139
109 137
109 135
109 133
109 129
109 111
109 112
109 115
109 116
109 117
109 120
109 121
110 197
110 196
110 194
110 192
110 191
110 190
110 189
110 188
110 187
110 186
110 182
110 181
110 180
110 175
110 174
110 173
110 171
110 170
110 169
110 166
110 165
110 164
110 160
110 158
110 156
110 152
110 148
110 147
110 145
110 142
110 141
110 138
110 135
110 132
110 131
110 130
110 111
110 113
110 115
110 118
110 120
110 121
110 125
110 126
111 198
111 197
111 195
111 193
111 190
111 188
111 185
111 184
111 181
111 177
111 174
111 173
111 171
111 168
111 167
111 166
111 164
111 163
111 162
111 160
111 159
111 158
111 157
111 156
111 155
111 154
111 153
111 152
111 151
111 148
111 147
111 146
111 145
111 144
111 141
111 140
111 135
111 132
111 131
111 112
111 115
111 117
111 119
111 125
111 126
112 199
112 198
112 195
112 194
112 192
112 191
112 190
112 187
112 183
112 180
112 178
112 175
112 173
112 171
112 166
112 165
112 163
112 161
112 159
112 158
112 155
112 152
112 151
112 150
112 143
112 133
112 132
112 130
112 129
112 128
112 127
112 116
112 119
112 124
112 126
113 199
113 197
113 196
113 195
113 194
113 193
113 192
113 190
113 189
113 187
113 186
113 185
113 184
113 183
113 182
113 181
113 179
113 177
113 175
113 173
113 170
113 169
113 168
113 167
113 166
113 164
113 161
113 160
113 158
113 156
113 149
113 148
113 147
113 145
113 144
113 143
113 141
113 139
113 137
113 136
113 133
113 132
113 131
113 129
113 128
113 117
113 119
113 125
114 198
114 195
114 194
114 192
114 191
114 189
114 187
114 185
114 184
114 182
114 181
114 180
114 177
114 175
114 174
114 173
114 172
114 169
114 167
114 166
114 165
114 164
114 163
114 159
114 158
114 157
114 156
114 155
114 154
114 151
114 144
114 142
114 141
114 140
114 137
114 135
114 134
114 133
114 132
114 130
114 128
114 127
114 115
114 116
114 118
114 121
114 122
114 123
114 124
114 126
115 197
115 195
115 194
115 193
115 192
115 188
115 186
115 184
115 183
115 182
115 179
115 178
115 177
115 174
115 172
115 171
115 169
115 168
115 166
115 165
115 161
115 160
115 159
115 152
115 151
115 149
115 148
115 147
115 144
115 143
115 142
115 140
115 139
115 138
115 133
115 129
115 128
115 117
115 120
115 121
116 198
116 197
116 194
116 191
116 190
116 187
116 186
116 184
116 182
116 181
116 180
116 178
116 177
116 175
116 173
116 171
116 170
116 168
116 166
116 165
116 164
116 163
116 162
116 159
116 158
116 155
116 154
116 150
116 148
116 146
116 145
116 144
116 143
116 139
116 133
116 132
116 131
116 130
116 129
116 118
116 119
116 121
116 122
116 125
117 199
117 197
117 195
117 194
117 193
117 192
117 191
117 183
117 180
117 179
117 178
117 176
117 174
117 171
117 170
117 169
117 167
117 164
117 163
117 162
117 161
117 160
117 159
117 158
117 155
117 152
117 149
117 147
117 145
117 141
117 140
117 136
117 132
117 131
117 130
117 129
117 128
117 127
117 118
117 122
117 123
117 124
117 125
118 196
118 193
118 191
118 189
118 188
118 187
118 185
118 183
118 180
118 179
118 177
118 175
118 174
118 171
118 170
118 167
118 166
118 162
118 160
118 158
118 157
118 153
118 148
118 147
118 145
118 143
118 140
118 139
118 137
118 135
118 134
118 133
118 132
118 129
118 128
118 122
118 123
118 124
118 126
119 199
119 196
119 195
119 194
119 193
119 192
119 191
119 189
119 187
119 186
119 184
119 179
119 177
119 173
119 171
119 170
119 166
119 165
119 163
119 158
119 157
119 153
119 151
119 150
119 148
119 145
119 144
119 143
119 142
119 140
119 139
119 137
119 136
119 134
119 133
119 132
119 130
119 127
119 120
119 121
119 122
119 123
120 199
120 194
120 193
120 192
120 191
120 187
120 185
120 182
120 180
120 179
120 174
120 173
120 171
120 170
120 169
120 168
120 167
120 164
120 159
120 157
120 153
120 152
120 151
120 150
120 149
120 148
120 145
120 144
120 143
120 142
120 140
120 139
120 137
120 136
120 135
120 132
120 129
120 128
120 127
120 121
120 122
120 124
120 126
121 199
121 197
121 190
121 187
121 182
121 178
121 177
121 176
121 173
121 169
121 167
121 166
121 165
121 164
121 162
121 154
121 152
121 150
121 148
121 147
121 146
121 143
121 142
121 141
121 139
121 136
121 134
121 133
121 132
121 128
121 124
122 197
122 196
122 195
122 194
122 191
122 183
122 182
122 180
122 176
122 175
122 172
122 170
122 169
122 168
122 167
122 164
122 162
122 160
122 152
122 149
122 147
122 143
122 141
122 140
122 138
122 136
122 133
122 131
122 130
122 129
122 128
122 125
122 126
123 197
123 195
123 193
123 191
123 190
123 189
123 188
123 186
123 185
123 183
123 182
123 179
123 178
123 177
123 171
123 170
123 169
123 168
123 167
123 166
123 165
123 164
123 162
123 161
123 158
123 157
123 155
123 153
123 152
123 145
123 142
123 139
123 136
123 135
123 129
123 128
123 127
123 124
123 125
124 198
124 197
124 194
124 193
124 192
124 188
124 186
124 185
124 184
124 182
124 181
124 179
124 177
124 174
124 172
124 170
124 168
124 167
124 166
124 164
124 161
124 160
124 157
124 156
124 153
124 152
124 151
124 149
124 144
124 140
124 139
124 138
124 137
124 136
124 134
124 133
124 130
124 129
124 125
124 126
125 197
125 196
125 193
125 189
125 187
125 185
125 183
125 182
125 180
125 178
125 177
125 175
125 172
125 169
125 168
125 166
125 164
125 163
125 161
125 159
125 158
125 157
125 155
125 150
125 147
125 142
125 141
125 140
125 137
125 136
125 134
125 130
125 129
125 127
125 126
126 199
126 198
126 196
126 194
126 192
126 191
126 187
126 186
126 184
126 183
126 182
126 181
126 180
126 171
126 170
126 169
126 168
126 166
126 165
126 164
126 162
126 158
126 157
126 151
126 150
126 149
126 148
126 147
126 142
126 140
126 132
126 131
127 199
127 197
127 196
127 195
127 194
127 193
127 192
127 191
127 185
127 184
127 181
127 177
127 175
127 174
127 172
127 171
127 167
127 164
127 163
127 161
127 160
127 159
127 157
127 155
127 153
127 152
127 147
127 146
127 142
127 134
127 133
127 132
128 199
128 198
128 195
128 194
128 193
128 191
128 190
128 188
128 187
128 186
128 185
128 182
128 181
128 180
128 179
128 177
128 175
128 172
128 169
128 167
128 166
128 165
128 164
128 161
128 160
128 159
128 158
128 157
128 155
128 154
128 153
128 151
128 150
128 147
128 141
128 138
128 137
128 133
128 131
129 196
129 194
129 190
129 189
129 188
129 185
129 184
129 183
129 180
129 179
129 178
129 173
129 169
129 166
129 163
129 162
129 159
129 155
129 154
129 152
129 149
129 145
129 142
129 135
129 134
129 133
130 199
130 197
130 196
130 195
130 193
130 192
130 191
130 185
130 184
130 179
130 178
130 175
130 174
130 172
130 170
130 167
130 166
130 164
130 163
130 161
130 160
130 158
130 153
130 151
130 148
130 146
130 145
130 144
130 141
130 140
130 139
130 138
130 137
130 136
130 134
130 132
130 131
131 199
131 197
131 196
131 193
131 192
131 189
131 181
131 180
131 179
131 172
131 169
131 164
131 163
131 162
131 155
131 148
131 147
131 146
131 145
131 144
131 135
131 134
131 133
132 199
132 197
132 190
132 183
132 182
132 181
132 179
132 175
132 173
132 171
132 170
132 167
132 164
132 163
132 162
132 161
132 157
132 156
132 154
132 153
132 151
132 144
132 143
132 142
132 139
132 138
132 134
132 133
133 198
133 197
133 195
133 194
133 193
133 192
133 189
133 187
133 186
133 185
133 184
133 182
133 179
133 178
133 177
133 176
133 175
133 171
133 170
133 168
133 167
133 164
133 163
133 161
133 160
133 157
133 156
133 154
133 153
133 152
133 150
133 148
133 147
133 144
133 142
133 141
133 138
133 137
133 134
134 198
134 197
134 196
134 192
134 191
134 190
134 188
134 187
134 185
134 184
134 181
134 180
134 178
134 175
134 173
134 171
134 169
134 168
134 167
134 165
134 164
134 161
134 153
134 151
134 149
134 148
134 147
134 146
134 145
134 141
134 140
134 138
134 136
134 135
135 199
135 198
135 197
135 196
135 193
135 192
135 191
135 188
135 187
135 186
135 184
135 183
135 181
135 180
135 179
135 176
135 175
135 173
135 171
135 167
135 166
135 161
135 160
135 157
135 156
135 154
135 153
135 152
135 151
135 150
135 148
135 147
135 146
135 144
136 198
136 194
136 190
136 187
136 184
136 183
136 180
136 174
136 173
136 172
136 171
136 169
136 168
136 166
136 163
136 162
136 161
136 159
136 158
136 157
136 156
136 155
136 154
136 153
136 150
136 148
136 144
136 142
136 140
136 139
136 137
137 198
137 197
137 195
137 191
137 189
137 188
137 187
137 186
137 184
137 183
137 181
137 180
137 179
137 178
137 177
137 174
137 173
137 171
137 169
137 167
137 166
137 165
137 162
137 160
137 157
137 156
137 154
137 153
137 152
137 151
137 150
137 149
137 146
137 145
137 144
137 143
137 138
138 199
138 198
138 197
138 196
138 195
138 193
138 191
138 190
138 189
138 188
138 186
138 185
138 184
138 183
138 182
138 181
138 180
138 177
138 176
138 174
138 173
138 172
138 171
138 169
138 167
138 166
138 160
138 159
138 157
138 156
138 154
138 151
138 148
138 146
138 145
138 144
138 142
138 140
139 198
139 195
139 193
139 192
139 190
139 189
139 186
139 185
139 184
139 183
139 181
139 180
139 177
139 175
139 172
139 170
139 169
139 168
139 167
139 166
139 164
139 162
139 157
139 156
139 154
139 153
139 151
139 147
139 142
139 141
140 193
140 192
140 185
140 184
140 183
140 181
140 180
140 179
140 177
140 174
140 173
140 170
140 169
140 166
140 165
140 164
140 163
140 162
140 160
140 158
140 157
140 156
140 154
140 152
140 151
140 150
140 148
140 147
140 143
140 142
141 199
141 196
141 194
141 193
141 192
141 190
141 189
141 187
141 186
141 183
141 182
141 181
141 180
141 176
141 174
141 170
141 169
141 167
141 166
141 165
141 164
141 163
141 160
141 159
141 158
141 154
141 151
141 148
141 145
141 143
141 142
142 197
142 196
142 195
142 194
142 193
142 191
142 190
142 188
142 185
142 180
142 179
142 178
142 177
142 175
142 169
142 167
142 166
142 165
142 163
142 160
142 158
142 157
142 155
142 154
142 152
142 148
142 146
143 198
143 196
143 195
143 194
143 192
143 191
143 189
143 184
143 183
143 182
143 181
143 180
143 179
143 178
143 177
143 176
143 175
143 174
143 172
143 170
143 167
143 161
143 160
143 159
143 158
143 155
143 154
143 153
143 152
143 149
143 148
143 147
143 144
144 199
144 197
144 195
144 190
144 185
144 180
144 179
144 178
144 176
144 175
144 173
144 172
144 171
144 170
144 169
144 167
144 165
144 162
144 160
144 159
144 158
144 153
144 152
144 151
145 196
145 195
145 193
145 191
145 189
145 187
145 186
145 184
145 179
145 178
145 177
145 176
145 175
145 173
145 171
145 170
145 168
145 166
145 165
145 163
145 162
145 158
145 154
145 153
145 150
145 147
146 198
146 197
146 196
146 195
146 192
146 187
146 186
146 185
146 184
146 182
146 179
146 178
146 177
146 173
146 169
146 168
146 167
146 166
146 165
146 161
146 160
146 159
146 155
146 154
146 153
146 148
146 147
147 199
147 197
147 195
147 194
147 193
147 192
147 191
147 190
147 189
147 188
147 187
147 186
147 184
147 182
147 180
147 178
147 177
147 175
147 174
147 173
147 172
147 169
147 168
147 167
147 163
147 162
147 161
147 157
147 156
147 155
147 152
147 150
148 196
148 195
148 194
148 193
148 182
148 180
148 179
148 177
148 174
148 173
148 172
148 171
148 170
148 167
148 166
148 163
148 161
148 160
148 159
148 157
148 156
148 154
148 151
148 149
149 199
149 196
149 195
149 194
149 191
149 190
149 189
149 185
149 183
149 182
149 180
149 175
149 174
149 170
149 168
149 167
149 166
149 162
149 161
149 159
149 155
149 154
149 153
149 151
149 150
150 198
150 197
150 195
150 193
150 191
150 190
150 189
150 187
150 186
150 185
150 183
150 182
150 181
150 175
150 173
150 169
150 168
150 167
150 165
150 164
150 163
150 162
150 160
150 159
150 156
150 155
150 153
150 151
151 198
151 195
151 193
151 192
151 191
151 189
151 188
151 185
151 184
151 182
151 176
151 174
151 173
151 172
151 171
151 170
151 167
151 166
151 165
151 162
151 160
151 159
151 158
151 154
151 152
152 198
152 197
152 193
152 192
152 189
152 187
152 183
152 182
152 178
152 177
152 176
152 170
152 169
152 168
152 163
152 162
152 159
152 158
152 157
152 154
152 153
153 198
153 195
153 193
153 191
153 190
153 189
153 188
153 187
153 186
153 185
153 182
153 181
153 177
153 176
153 175
153 172
153 171
153 166
153 165
153 164
153 163
153 161
153 158
153 157
154 199
154 198
154 197
154 196
154 195
154 190
154 189
154 188
154 187
154 183
154 180
154 179
154 176
154 174
154 173
154 172
154 171
154 170
154 168
154 167
154 165
154 164
154 162
154 161
154 160
154 159
154 158
154 157
154 156
154 155
155 198
155 195
155 194
155 192
155 191
155 190
155 186
155 183
155 180
155 179
155 177
155 176
155 175
155 174
155 173
155 171
155 170
155 169
155 166
155 163
155 157
155 156
156 199
156 198
156 196
156 192
156 191
156 189
156 186
156 185
156 184
156 183
156 182
156 180
156 178
156 175
156 174
156 173
156 172
156 171
156 170
156 167
156 166
156 165
156 164
156 162
156 160
156 159
156 157
157 197
157 196
157 194
157 191
157 190
157 189
157 187
157 184
157 183
157 182
157 181
157 180
157 178
157 177
157 174
157 173
157 172
157 169
157 167
157 165
157 164
157 163
157 158
158 196
158 195
158 194
158 191
158 188
158 187
158 185
158 182
158 180
158 179
158 178
158 175
158 173
158 171
158 169
158 168
158 166
158 165
158 164
158 161
158 160
158 159
159 198
159 197
159 195
159 193
159 191
159 189
159 188
159 183
159 182
159 181
159 180
159 177
159 176
159 175
159 172
159 170
159 168
159 164
159 163
159 161
159 160
160 198
160 195
160 193
160 192
160 191
160 186
160 184
160 183
160 182
160 181
160 180
160 179
160 178
160 177
160 175
160 174
160 172
160 168
160 166
160 165
160 164
160 161
161 194
161 192
161 189
161 188
161 187
161 186
161 185
161 184
161 182
161 181
161 180
161 178
161 177
161 173
161 171
161 168
161 167
161 166
161 164
161 163
162 199
162 198
162 197
162 193
162 191
162 189
162 187
162 186
162 185
162 184
162 183
162 182
162 181
162 180
162 178
162 176
162 175
162 173
162 172
162 168
162 167
162 164
163 199
163 198
163 197
163 196
163 192
163 191
163 189
163 184
163 181
163 178
163 176
163 175
163 174
163 173
163 172
163 170
163 165
163 164
164 199
164 195
164 194
164 192
164 190
164 189
164 188
164 187
164 178
164 177
164 176
164 175
164 174
164 171
164 169
164 167
164 165
165 199
165 195
165 194
165 193
165 192
165 190
165 189
165 188
165 185
165 178
165 176
165 175
165 173
165 170
165 168
166 198
166 194
166 192
166 190
166 188
166 187
166 185
166 184
166 183
166 182
166 180
166 179
166 178
166 177
166 176
166 174
166 173
166 172
166 170
166 169
166 168
167 198
167 197
167 194
167 193
167 192
167 190
167 187
167 186
167 185
167 176
167 174
167 172
167 171
167 169
167 168
168 198
168 195
168 194
168 189
168 184
168 182
168 180
168 178
168 176
168 174
168 172
168 170
168 169
169 199
169 196
169 195
169 194
169 193
169 191
169 190
169 188
169 184
169 182
169 181
169 175
169 174
169 173
170 199
170 195
170 194
170 193
170 191
170 190
170 184
170 181
170 179
170 175
170 174
170 172
170 171
171 199
171 198
171 194
171 192
171 189
171 188
171 187
171 186
171 185
171 184
171 181
171 180
171 179
171 178
171 177
171 176
171 173
172 198
172 192
172 191
172 189
172 187
172 186
172 182
172 180
172 177
172 176
173 198
173 195
173 194
173 193
173 188
173 185
173 184
173 182
173 178
173 176
174 199
174 197
174 192
174 189
174 187
174 186
174 183
174 182
174 181
174 180
174 178
175 199
175 196
175 195
175 193
175 192
175 191
175 190
175 187
175 183
175 178
175 176
176 199
176 197
176 191
176 190
176 189
176 187
176 186
176 184
176 183
176 182
176 180
177 199
177 198
177 196
177 195
177 191
177 190
177 189
177 187
177 185
177 184
177 183
177 182
177 181
177 179
178 199
178 196
178 195
178 194
178 193
178 192
178 191
178 190
178 187
178 185
178 184
178 182
179 198
179 194
179 193
179 192
179 191
179 190
179 186
179 184
179 183
179 182
179 180
180 197
180 196
180 195
180 194
180 191
180 190
180 189
180 188
180 187
180 184
180 183
180 182
181 198
181 196
181 192
181 191
181 189
181 188
181 186
181 184
181 183
181 182
182 199
182 197
182 191
182 188
182 187
182 184
182 183
183 197
183 196
183 195
183 194
183 193
183 192
183 190
183 188
184 197
184 195
184 193
184 191
184 190
184 187
184 185
185 199
185 197
185 195
185 194
185 190
185 189
185 188
185 186
186 199
186 197
186 196
186 195
186 191
186 190
187 199
187 196
187 195
187 194
187 191
187 189
188 197
188 196
188 195
188 194
188 193
188 191
189 199
189 197
189 196
189 193
189 192
189 191
190 199
190 198
190 195
191 198
191 197
192 195
193 199
193 197
193 195
194 197
195 199
196 197
197 199
197 198