Loading graph from files:
    
    clique_150.txt
  ...graph loaded. It has 150 nodes and 11175 edges, 0 of which are self-loops.

The original graph has log2_aut = 872.86
Running for 150 iterations per trial...
Trial 0 for (noise-, noise+) = (0.5, -nan)


Adding: 

Removing: (0, 2), (0, 3), (0, 5), (0, 7), (0, 9), (0, 10), (0, 11), (0, 14), (0, 15), (0, 16), (0, 17), (0, 20), (0, 22), (0, 24), (0, 25), (0, 26), (0, 27), (0, 28), (0, 29), (0, 30), (0, 31), (0, 34), (0, 36), (0, 41), (0, 42), (0, 44), (0, 45), (0, 47), (0, 52), (0, 55), (0, 56), (0, 57), (0, 59), (0, 61), (0, 62), (0, 63), (0, 65), (0, 67), (0, 68), (0, 72), (0, 73), (0, 76), (0, 80), (0, 82), (0, 84), (0, 85), (0, 88), (0, 89), (0, 92), (0, 94), (0, 95), (0, 101), (0, 107), (0, 109), (0, 110), (0, 114), (0, 115), (0, 119), (0, 120), (0, 121), (0, 122), (0, 123), (0, 125), (0, 126), (0, 130), (0, 131), (0, 133), (0, 136), (0, 140), (0, 141), (0, 142), (0, 143), (0, 145), (0, 146), (0, 147), (0, 148), (1, 5), (1, 8), (1, 9), (1, 10), (1, 14), (1, 17), (1, 19), (1, 21), (1, 23), (1, 24), (1, 26), (1, 29), (1, 30), (1, 31), (1, 32), (1, 36), (1, 37), (1, 38), (1, 40), (1, 41), (1, 42), (1, 43), (1, 46), (1, 47), (1, 48), (1, 49), (1, 50), (1, 51), (1, 52), (1, 54), (1, 56), (1, 61), (1, 62), (1, 64), (1, 65), (1, 66), (1, 68), (1, 72), (1, 76), (1, 77), (1, 78), (1, 79), (1, 83), (1, 85), (1, 88), (1, 89), (1, 90), (1, 91), (1, 92), (1, 95), (1, 96), (1, 97), (1, 99), (1, 101), (1, 104), (1, 108), (1, 109), (1, 110), (1, 111), (1, 113), (1, 115), (1, 116), (1, 118), (1, 119), (1, 126), (1, 129), (1, 131), (1, 132), (1, 134), (1, 137), (1, 138), (1, 141), (1, 145), (1, 147), (1, 148), (1, 149), (2, 3), (2, 4), (2, 6), (2, 8), (2, 9), (2, 10), (2, 11), (2, 14), (2, 16), (2, 17), (2, 18), (2, 19), (2, 23), (2, 25), (2, 27), (2, 28), (2, 30), (2, 36), (2, 37), (2, 38), (2, 39), (2, 40), (2, 41), (2, 42), (2, 44), (2, 46), (2, 49), (2, 52), (2, 55), (2, 57), (2, 58), (2, 61), (2, 64), (2, 65), (2, 66), (2, 67), (2, 69), (2, 70), (2, 71), (2, 75), (2, 76), (2, 80), (2, 81), (2, 83), (2, 85), (2, 89), (2, 90), (2, 91), (2, 100), (2, 101), (2, 102), (2, 103), (2, 105), (2, 106), (2, 107), (2, 108), (2, 112), (2, 113), (2, 115), (2, 116), (2, 117), (2, 118), (2, 119), (2, 123), (2, 124), (2, 125), (2, 130), (2, 131), (2, 132), (2, 133), (2, 137), (2, 139), (2, 142), (2, 143), (2, 144), (2, 146), (2, 147), (2, 149), (3, 5), (3, 6), (3, 7), (3, 8), (3, 10), (3, 11), (3, 13), (3, 16), (3, 19), (3, 22), (3, 23), (3, 24), (3, 26), (3, 28), (3, 30), (3, 31), (3, 37), (3, 38), (3, 39), (3, 40), (3, 42), (3, 45), (3, 46), (3, 47), (3, 49), (3, 52), (3, 55), (3, 56), (3, 57), (3, 58), (3, 60), (3, 61), (3, 63), (3, 64), (3, 67), (3, 69), (3, 71), (3, 72), (3, 76), (3, 77), (3, 78), (3, 79), (3, 80), (3, 82), (3, 83), (3, 84), (3, 85), (3, 86), (3, 92), (3, 96), (3, 97), (3, 100), (3, 103), (3, 105), (3, 106), (3, 107), (3, 108), (3, 110), (3, 111), (3, 112), (3, 113), (3, 115), (3, 121), (3, 131), (3, 132), (3, 133), (3, 134), (3, 139), (3, 143), (3, 146), (3, 147), (3, 148), (4, 7), (4, 8), (4, 9), (4, 15), (4, 16), (4, 17), (4, 19), (4, 24), (4, 26), (4, 28), (4, 29), (4, 30), (4, 35), (4, 41), (4, 44), (4, 45), (4, 49), (4, 50), (4, 51), (4, 52), (4, 57), (4, 59), (4, 60), (4, 61), (4, 63), (4, 64), (4, 65), (4, 66), (4, 67), (4, 69), (4, 71), (4, 72), (4, 75), (4, 76), (4, 78), (4, 80), (4, 83), (4, 86), (4, 88), (4, 89), (4, 92), (4, 94), (4, 95), (4, 96), (4, 97), (4, 98), (4, 106), (4, 108), (4, 109), (4, 110), (4, 111), (4, 112), (4, 115), (4, 116), (4, 118), (4, 119), (4, 123), (4, 126), (4, 129), (4, 132), (4, 136), (4, 137), (4, 138), (4, 139), (4, 140), (4, 141), (4, 142), (4, 146), (4, 147), (4, 148), (5, 6), (5, 10), (5, 15), (5, 16), (5, 18), (5, 21), (5, 24), (5, 27), (5, 29), (5, 30), (5, 32), (5, 42), (5, 44), (5, 45), (5, 47), (5, 48), (5, 49), (5, 51), (5, 54), (5, 56), (5, 58), (5, 59), (5, 64), (5, 66), (5, 67), (5, 72), (5, 73), (5, 74), (5, 75), (5, 76), (5, 80), (5, 82), (5, 83), (5, 84), (5, 85), (5, 87), (5, 88), (5, 89), (5, 93), (5, 94), (5, 95), (5, 97), (5, 98), (5, 99), (5, 100), (5, 104), (5, 105), (5, 107), (5, 108), (5, 110), (5, 111), (5, 115), (5, 117), (5, 118), (5, 121), (5, 123), (5, 125), (5, 127), (5, 128), (5, 129), (5, 131), (5, 132), (5, 133), (5, 134), (5, 135), (5, 138), (5, 141), (5, 142), (5, 143), (5, 145), (5, 146), (5, 147), (5, 148), (6, 7), (6, 9), (6, 10), (6, 12), (6, 17), (6, 18), (6, 19), (6, 20), (6, 21), (6, 23), (6, 25), (6, 26), (6, 29), (6, 30), (6, 31), (6, 32), (6, 35), (6, 36), (6, 37), (6, 38), (6, 40), (6, 41), (6, 46), (6, 50), (6, 51), (6, 52), (6, 55), (6, 58), (6, 59), (6, 60), (6, 62), (6, 66), (6, 67), (6, 69), (6, 75), (6, 77), (6, 78), (6, 80), (6, 86), (6, 87), (6, 88), (6, 91), (6, 95), (6, 96), (6, 97), (6, 98), (6, 105), (6, 107), (6, 108), (6, 109), (6, 112), (6, 113), (6, 115), (6, 116), (6, 126), (6, 127), (6, 130), (6, 133), (6, 134), (6, 136), (6, 137), (6, 138), (6, 141), (6, 144), (6, 146), (6, 148), (6, 149), (7, 10), (7, 11), (7, 12), (7, 13), (7, 15), (7, 16), (7, 18), (7, 19), (7, 20), (7, 21), (7, 26), (7, 27), (7, 28), (7, 29), (7, 33), (7, 35), (7, 36), (7, 37), (7, 38), (7, 39), (7, 41), (7, 42), (7, 43), (7, 44), (7, 45), (7, 47), (7, 48), (7, 50), (7, 53), (7, 54), (7, 56), (7, 57), (7, 58), (7, 60), (7, 61), (7, 63), (7, 68), (7, 71), (7, 72), (7, 77), (7, 78), (7, 80), (7, 81), (7, 82), (7, 86), (7, 88), (7, 89), (7, 90), (7, 92), (7, 94), (7, 97), (7, 100), (7, 103), (7, 104), (7, 106), (7, 107), (7, 110), (7, 111), (7, 113), (7, 114), (7, 116), (7, 117), (7, 118), (7, 123), (7, 124), (7, 125), (7, 126), (7, 129), (7, 130), (7, 131), (7, 132), (7, 134), (7, 136), (7, 137), (7, 138), (7, 139), (7, 141), (7, 142), (7, 144), (7, 146), (7, 148), (7, 149), (8, 9), (8, 11), (8, 13), (8, 14), (8, 15), (8, 16), (8, 17), (8, 23), (8, 26), (8, 27), (8, 29), (8, 30), (8, 31), (8, 34), (8, 35), (8, 36), (8, 37), (8, 38), (8, 39), (8, 41), (8, 45), (8, 46), (8, 48), (8, 50), (8, 52), (8, 55), (8, 56), (8, 58), (8, 59), (8, 64), (8, 65), (8, 66), (8, 68), (8, 69), (8, 70), (8, 71), (8, 74), (8, 75), (8, 76), (8, 83), (8, 84), (8, 86), (8, 87), (8, 88), (8, 89), (8, 90), (8, 91), (8, 92), (8, 93), (8, 94), (8, 95), (8, 96), (8, 101), (8, 102), (8, 104), (8, 107), (8, 112), (8, 114), (8, 116), (8, 119), (8, 120), (8, 121), (8, 126), (8, 127), (8, 128), (8, 137), (8, 140), (8, 141), (8, 144), (8, 147), (8, 148), (9, 10), (9, 11), (9, 12), (9, 13), (9, 14), (9, 15), (9, 16), (9, 18), (9, 19), (9, 20), (9, 22), (9, 23), (9, 24), (9, 27), (9, 29), (9, 32), (9, 33), (9, 34), (9, 37), (9, 39), (9, 41), (9, 42), (9, 44), (9, 50), (9, 51), (9, 53), (9, 54), (9, 56), (9, 62), (9, 64), (9, 65), (9, 66), (9, 67), (9, 72), (9, 74), (9, 75), (9, 77), (9, 78), (9, 79), (9, 84), (9, 85), (9, 86), (9, 89), (9, 91), (9, 93), (9, 94), (9, 96), (9, 98), (9, 99), (9, 102), (9, 105), (9, 106), (9, 108), (9, 110), (9, 111), (9, 112), (9, 117), (9, 119), (9, 121), (9, 124), (9, 126), (9, 128), (9, 129), (9, 132), (9, 134), (9, 135), (9, 138), (9, 142), (9, 144), (9, 145), (9, 146), (10, 14), (10, 15), (10, 17), (10, 19), (10, 21), (10, 22), (10, 26), (10, 29), (10, 32), (10, 33), (10, 34), (10, 35), (10, 36), (10, 37), (10, 38), (10, 39), (10, 40), (10, 42), (10, 43), (10, 45), (10, 47), (10, 51), (10, 53), (10, 54), (10, 55), (10, 58), (10, 60), (10, 61), (10, 62), (10, 63), (10, 64), (10, 65), (10, 68), (10, 70), (10, 71), (10, 73), (10, 74), (10, 76), (10, 80), (10, 86), (10, 87), (10, 88), (10, 89), (10, 95), (10, 97), (10, 98), (10, 99), (10, 102), (10, 104), (10, 106), (10, 107), (10, 109), (10, 111), (10, 113), (10, 114), (10, 115), (10, 116), (10, 118), (10, 120), (10, 122), (10, 123), (10, 127), (10, 130), (10, 131), (10, 132), (10, 134), (10, 136), (10, 137), (10, 139), (10, 141), (10, 142), (10, 143), (10, 145), (10, 147), (10, 148), (11, 13), (11, 14), (11, 15), (11, 16), (11, 21), (11, 25), (11, 29), (11, 32), (11, 33), (11, 34), (11, 35), (11, 36), (11, 38), (11, 39), (11, 40), (11, 41), (11, 43), (11, 44), (11, 46), (11, 50), (11, 52), (11, 53), (11, 55), (11, 57), (11, 59), (11, 61), (11, 62), (11, 64), (11, 65), (11, 66), (11, 67), (11, 73), (11, 76), (11, 77), (11, 78), (11, 80), (11, 83), (11, 85), (11, 86), (11, 88), (11, 90), (11, 93), (11, 96), (11, 98), (11, 99), (11, 100), (11, 101), (11, 103), (11, 105), (11, 106), (11, 111), (11, 112), (11, 113), (11, 115), (11, 116), (11, 117), (11, 118), (11, 119), (11, 121), (11, 122), (11, 124), (11, 125), (11, 126), (11, 127), (11, 128), (11, 129), (11, 130), (11, 132), (11, 136), (11, 139), (11, 140), (11, 143), (11, 144), (11, 147), (12, 15), (12, 17), (12, 18), (12, 20), (12, 21), (12, 22), (12, 25), (12, 26), (12, 31), (12, 33), (12, 35), (12, 38), (12, 40), (12, 41), (12, 42), (12, 48), (12, 49), (12, 50), (12, 58), (12, 61), (12, 62), (12, 63), (12, 64), (12, 67), (12, 69), (12, 71), (12, 72), (12, 73), (12, 74), (12, 75), (12, 76), (12, 77), (12, 79), (12, 80), (12, 81), (12, 82), (12, 84), (12, 86), (12, 87), (12, 88), (12, 89), (12, 91), (12, 96), (12, 97), (12, 100), (12, 101), (12, 103), (12, 105), (12, 106), (12, 108), (12, 109), (12, 110), (12, 112), (12, 113), (12, 115), (12, 120), (12, 121), (12, 122), (12, 125), (12, 126), (12, 127), (12, 129), (12, 130), (12, 131), (12, 132), (12, 133), (12, 136), (12, 137), (12, 138), (12, 139), (12, 143), (12, 144), (12, 145), (12, 149), (13, 14), (13, 15), (13, 18), (13, 19), (13, 22), (13, 24), (13, 26), (13, 27), (13, 29), (13, 31), (13, 32), (13, 33), (13, 36), (13, 39), (13, 40), (13, 41), (13, 43), (13, 45), (13, 47), (13, 49), (13, 54), (13, 56), (13, 61), (13, 63), (13, 65), (13, 68), (13, 72), (13, 74), (13, 76), (13, 79), (13, 80), (13, 83), (13, 86), (13, 87), (13, 89), (13, 90), (13, 91), (13, 92), (13, 93), (13, 94), (13, 95), (13, 101), (13, 102), (13, 103), (13, 106), (13, 107), (13, 108), (13, 109), (13, 110), (13, 111), (13, 112), (13, 113), (13, 114), (13, 115), (13, 120), (13, 122), (13, 124), (13, 125), (13, 128), (13, 129), (13, 133), (13, 134), (13, 136), (13, 138), (13, 142), (13, 144), (13, 145), (13, 146), (13, 148), (13, 149), (14, 15), (14, 16), (14, 17), (14, 18), (14, 22), (14, 23), (14, 27), (14, 29), (14, 31), (14, 32), (14, 34), (14, 35), (14, 36), (14, 37), (14, 38), (14, 43), (14, 44), (14, 46), (14, 47), (14, 49), (14, 52), (14, 53), (14, 54), (14, 55), (14, 57), (14, 59), (14, 61), (14, 65), (14, 66), (14, 68), (14, 69), (14, 72), (14, 74), (14, 75), (14, 81), (14, 82), (14, 86), (14, 87), (14, 89), (14, 92), (14, 94), (14, 96), (14, 97), (14, 98), (14, 100), (14, 101), (14, 102), (14, 104), (14, 105), (14, 106), (14, 108), (14, 113), (14, 114), (14, 115), (14, 120), (14, 121), (14, 125), (14, 127), (14, 128), (14, 132), (14, 134), (14, 135), (14, 136), (14, 139), (14, 141), (14, 142), (14, 147), (15, 16), (15, 17), (15, 19), (15, 20), (15, 21), (15, 22), (15, 23), (15, 25), (15, 31), (15, 33), (15, 36), (15, 38), (15, 42), (15, 43), (15, 44), (15, 45), (15, 47), (15, 48), (15, 54), (15, 55), (15, 56), (15, 57), (15, 58), (15, 60), (15, 62), (15, 64), (15, 67), (15, 69), (15, 72), (15, 74), (15, 77), (15, 79), (15, 80), (15, 83), (15, 84), (15, 86), (15, 87), (15, 89), (15, 90), (15, 92), (15, 93), (15, 94), (15, 96), (15, 98), (15, 99), (15, 101), (15, 104), (15, 106), (15, 109), (15, 110), (15, 111), (15, 117), (15, 118), (15, 119), (15, 120), (15, 124), (15, 125), (15, 126), (15, 127), (15, 128), (15, 130), (15, 134), (15, 136), (15, 137), (15, 139), (15, 140), (15, 141), (15, 142), (15, 143), (15, 144), (15, 146), (16, 17), (16, 19), (16, 20), (16, 21), (16, 23), (16, 34), (16, 35), (16, 38), (16, 40), (16, 41), (16, 43), (16, 45), (16, 46), (16, 48), (16, 49), (16, 51), (16, 52), (16, 53), (16, 57), (16, 59), (16, 60), (16, 61), (16, 63), (16, 64), (16, 66), (16, 67), (16, 71), (16, 76), (16, 80), (16, 81), (16, 82), (16, 83), (16, 84), (16, 85), (16, 89), (16, 90), (16, 91), (16, 92), (16, 93), (16, 94), (16, 95), (16, 96), (16, 97), (16, 98), (16, 100), (16, 104), (16, 106), (16, 108), (16, 109), (16, 110), (16, 113), (16, 114), (16, 115), (16, 116), (16, 117), (16, 118), (16, 119), (16, 120), (16, 125), (16, 127), (16, 128), (16, 131), (16, 133), (16, 140), (16, 142), (16, 144), (17, 19), (17, 21), (17, 24), (17, 26), (17, 27), (17, 28), (17, 29), (17, 30), (17, 32), (17, 41), (17, 43), (17, 44), (17, 48), (17, 50), (17, 51), (17, 56), (17, 57), (17, 64), (17, 66), (17, 67), (17, 68), (17, 69), (17, 70), (17, 71), (17, 72), (17, 74), (17, 75), (17, 77), (17, 78), (17, 83), (17, 85), (17, 86), (17, 87), (17, 89), (17, 91), (17, 94), (17, 95), (17, 96), (17, 98), (17, 99), (17, 103), (17, 105), (17, 107), (17, 109), (17, 110), (17, 111), (17, 112), (17, 116), (17, 117), (17, 121), (17, 123), (17, 124), (17, 126), (17, 127), (17, 128), (17, 130), (17, 131), (17, 132), (17, 133), (17, 135), (17, 136), (17, 137), (17, 138), (17, 140), (17, 141), (17, 142), (17, 145), (17, 147), (17, 149), (18, 19), (18, 21), (18, 22), (18, 25), (18, 26), (18, 27), (18, 28), (18, 29), (18, 30), (18, 34), (18, 35), (18, 36), (18, 37), (18, 39), (18, 44), (18, 49), (18, 51), (18, 52), (18, 54), (18, 56), (18, 60), (18, 61), (18, 67), (18, 68), (18, 70), (18, 74), (18, 80), (18, 82), (18, 83), (18, 84), (18, 87), (18, 89), (18, 90), (18, 93), (18, 96), (18, 99), (18, 101), (18, 102), (18, 103), (18, 105), (18, 106), (18, 109), (18, 110), (18, 111), (18, 112), (18, 113), (18, 115), (18, 117), (18, 118), (18, 121), (18, 123), (18, 124), (18, 126), (18, 129), (18, 130), (18, 131), (18, 132), (18, 135), (18, 138), (18, 139), (18, 140), (18, 147), (18, 148), (18, 149), (19, 20), (19, 21), (19, 23), (19, 24), (19, 26), (19, 27), (19, 29), (19, 30), (19, 32), (19, 35), (19, 40), (19, 42), (19, 44), (19, 48), (19, 50), (19, 52), (19, 53), (19, 54), (19, 57), (19, 60), (19, 61), (19, 63), (19, 67), (19, 69), (19, 70), (19, 72), (19, 74), (19, 75), (19, 81), (19, 82), (19, 83), (19, 84), (19, 86), (19, 87), (19, 88), (19, 90), (19, 92), (19, 93), (19, 97), (19, 104), (19, 105), (19, 106), (19, 107), (19, 108), (19, 111), (19, 114), (19, 116), (19, 119), (19, 122), (19, 124), (19, 125), (19, 126), (19, 129), (19, 130), (19, 131), (19, 135), (19, 140), (19, 141), (19, 142), (19, 145), (19, 147), (19, 149), (20, 23), (20, 26), (20, 27), (20, 28), (20, 31), (20, 35), (20, 40), (20, 42), (20, 44), (20, 45), (20, 47), (20, 49), (20, 50), (20, 51), (20, 57), (20, 59), (20, 60), (20, 62), (20, 63), (20, 64), (20, 67), (20, 68), (20, 69), (20, 70), (20, 71), (20, 73), (20, 74), (20, 77), (20, 78), (20, 79), (20, 80), (20, 82), (20, 84), (20, 85), (20, 86), (20, 88), (20, 89), (20, 91), (20, 92), (20, 94), (20, 96), (20, 97), (20, 98), (20, 101), (20, 102), (20, 103), (20, 104), (20, 105), (20, 106), (20, 108), (20, 110), (20, 111), (20, 112), (20, 113), (20, 117), (20, 118), (20, 119), (20, 122), (20, 123), (20, 124), (20, 126), (20, 128), (20, 132), (20, 134), (20, 135), (20, 139), (20, 140), (20, 141), (20, 142), (20, 146), (20, 147), (20, 148), (20, 149), (21, 22), (21, 25), (21, 26), (21, 28), (21, 29), (21, 31), (21, 33), (21, 35), (21, 36), (21, 37), (21, 40), (21, 41), (21, 43), (21, 47), (21, 49), (21, 52), (21, 53), (21, 58), (21, 60), (21, 61), (21, 62), (21, 63), (21, 65), (21, 67), (21, 68), (21, 70), (21, 72), (21, 75), (21, 77), (21, 78), (21, 79), (21, 80), (21, 81), (21, 83), (21, 89), (21, 91), (21, 93), (21, 94), (21, 103), (21, 107), (21, 108), (21, 109), (21, 110), (21, 113), (21, 116), (21, 117), (21, 120), (21, 121), (21, 122), (21, 124), (21, 125), (21, 128), (21, 129), (21, 130), (21, 131), (21, 133), (21, 134), (21, 137), (21, 138), (21, 140), (21, 141), (21, 144), (21, 145), (21, 148), (21, 149), (22, 26), (22, 27), (22, 28), (22, 33), (22, 34), (22, 35), (22, 36), (22, 37), (22, 40), (22, 44), (22, 45), (22, 47), (22, 48), (22, 49), (22, 50), (22, 52), (22, 54), (22, 56), (22, 57), (22, 59), (22, 60), (22, 65), (22, 66), (22, 69), (22, 70), (22, 72), (22, 73), (22, 74), (22, 80), (22, 81), (22, 83), (22, 84), (22, 87), (22, 88), (22, 89), (22, 93), (22, 95), (22, 97), (22, 98), (22, 103), (22, 106), (22, 107), (22, 114), (22, 115), (22, 116), (22, 117), (22, 119), (22, 121), (22, 122), (22, 123), (22, 126), (22, 127), (22, 128), (22, 129), (22, 131), (22, 132), (22, 133), (22, 135), (22, 136), (22, 137), (22, 139), (22, 141), (22, 142), (22, 144), (22, 147), (22, 148), (23, 24), (23, 25), (23, 26), (23, 28), (23, 32), (23, 33), (23, 35), (23, 38), (23, 41), (23, 42), (23, 43), (23, 47), (23, 50), (23, 52), (23, 59), (23, 63), (23, 64), (23, 65), (23, 66), (23, 67), (23, 68), (23, 69), (23, 70), (23, 72), (23, 73), (23, 74), (23, 76), (23, 79), (23, 80), (23, 83), (23, 84), (23, 85), (23, 86), (23, 87), (23, 91), (23, 92), (23, 96), (23, 98), (23, 101), (23, 102), (23, 104), (23, 106), (23, 107), (23, 111), (23, 118), (23, 121), (23, 123), (23, 124), (23, 128), (23, 130), (23, 132), (23, 133), (23, 134), (23, 135), (23, 136), (23, 137), (23, 140), (23, 144), (23, 146), (23, 147), (23, 148), (23, 149), (24, 26), (24, 27), (24, 28), (24, 33), (24, 34), (24, 35), (24, 39), (24, 40), (24, 43), (24, 44), (24, 45), (24, 47), (24, 48), (24, 51), (24, 53), (24, 55), (24, 58), (24, 59), (24, 60), (24, 62), (24, 63), (24, 65), (24, 67), (24, 68), (24, 71), (24, 73), (24, 75), (24, 76), (24, 77), (24, 81), (24, 82), (24, 85), (24, 87), (24, 89), (24, 90), (24, 91), (24, 94), (24, 95), (24, 99), (24, 102), (24, 103), (24, 104), (24, 106), (24, 107), (24, 108), (24, 110), (24, 113), (24, 114), (24, 119), (24, 122), (24, 123), (24, 124), (24, 125), (24, 126), (24, 130), (24, 131), (24, 135), (24, 136), (24, 139), (24, 140), (24, 141), (24, 143), (24, 144), (24, 147), (24, 148), (24, 149), (25, 30), (25, 31), (25, 33), (25, 34), (25, 37), (25, 40), (25, 41), (25, 45), (25, 46), (25, 47), (25, 48), (25, 53), (25, 56), (25, 58), (25, 59), (25, 60), (25, 64), (25, 65), (25, 67), (25, 69), (25, 71), (25, 72), (25, 73), (25, 74), (25, 75), (25, 77), (25, 78), (25, 79), (25, 80), (25, 84), (25, 86), (25, 87), (25, 88), (25, 93), (25, 94), (25, 96), (25, 98), (25, 100), (25, 101), (25, 104), (25, 105), (25, 107), (25, 110), (25, 111), (25, 114), (25, 115), (25, 116), (25, 118), (25, 119), (25, 121), (25, 129), (25, 131), (25, 133), (25, 134), (25, 137), (25, 139), (25, 141), (25, 142), (25, 144), (25, 146), (25, 148), (25, 149), (26, 28), (26, 29), (26, 35), (26, 36), (26, 38), (26, 39), (26, 41), (26, 42), (26, 44), (26, 45), (26, 46), (26, 47), (26, 50), (26, 56), (26, 63), (26, 65), (26, 71), (26, 72), (26, 73), (26, 74), (26, 82), (26, 85), (26, 88), (26, 89), (26, 92), (26, 93), (26, 94), (26, 97), (26, 99), (26, 102), (26, 103), (26, 104), (26, 105), (26, 106), (26, 108), (26, 110), (26, 112), (26, 113), (26, 114), (26, 115), (26, 117), (26, 120), (26, 122), (26, 123), (26, 125), (26, 127), (26, 130), (26, 131), (26, 134), (26, 136), (26, 137), (26, 138), (26, 142), (26, 144), (26, 146), (27, 30), (27, 32), (27, 35), (27, 36), (27, 37), (27, 39), (27, 40), (27, 41), (27, 42), (27, 44), (27, 45), (27, 46), (27, 48), (27, 49), (27, 52), (27, 53), (27, 54), (27, 57), (27, 61), (27, 62), (27, 66), (27, 67), (27, 69), (27, 71), (27, 72), (27, 73), (27, 74), (27, 76), (27, 78), (27, 79), (27, 80), (27, 85), (27, 89), (27, 90), (27, 92), (27, 93), (27, 95), (27, 96), (27, 98), (27, 102), (27, 104), (27, 105), (27, 108), (27, 109), (27, 113), (27, 118), (27, 122), (27, 123), (27, 124), (27, 126), (27, 128), (27, 129), (27, 130), (27, 133), (27, 134), (27, 135), (27, 137), (27, 138), (27, 139), (27, 142), (27, 143), (27, 144), (27, 147), (27, 148), (27, 149), (28, 30), (28, 32), (28, 40), (28, 41), (28, 43), (28, 44), (28, 48), (28, 50), (28, 51), (28, 52), (28, 60), (28, 65), (28, 66), (28, 68), (28, 69), (28, 70), (28, 74), (28, 75), (28, 78), (28, 80), (28, 81), (28, 87), (28, 94), (28, 95), (28, 96), (28, 97), (28, 99), (28, 100), (28, 101), (28, 103), (28, 104), (28, 105), (28, 106), (28, 107), (28, 108), (28, 111), (28, 112), (28, 115), (28, 117), (28, 119), (28, 123), (28, 126), (28, 128), (28, 130), (28, 131), (28, 133), (28, 135), (28, 137), (28, 138), (28, 139), (28, 141), (28, 142), (28, 146), (28, 147), (28, 148), (29, 30), (29, 31), (29, 32), (29, 34), (29, 36), (29, 37), (29, 38), (29, 46), (29, 51), (29, 53), (29, 54), (29, 55), (29, 56), (29, 57), (29, 58), (29, 59), (29, 60), (29, 63), (29, 64), (29, 69), (29, 71), (29, 72), (29, 73), (29, 74), (29, 75), (29, 76), (29, 77), (29, 82), (29, 84), (29, 85), (29, 90), (29, 92), (29, 101), (29, 103), (29, 104), (29, 105), (29, 106), (29, 107), (29, 109), (29, 111), (29, 116), (29, 117), (29, 118), (29, 121), (29, 122), (29, 123), (29, 124), (29, 126), (29, 129), (29, 130), (29, 135), (29, 140), (29, 143), (29, 145), (29, 146), (30, 32), (30, 34), (30, 38), (30, 40), (30, 41), (30, 42), (30, 43), (30, 44), (30, 46), (30, 47), (30, 50), (30, 52), (30, 53), (30, 54), (30, 58), (30, 59), (30, 60), (30, 61), (30, 65), (30, 66), (30, 68), (30, 70), (30, 71), (30, 72), (30, 74), (30, 76), (30, 79), (30, 80), (30, 81), (30, 84), (30, 86), (30, 87), (30, 88), (30, 92), (30, 94), (30, 96), (30, 99), (30, 100), (30, 101), (30, 103), (30, 106), (30, 110), (30, 112), (30, 113), (30, 114), (30, 116), (30, 117), (30, 119), (30, 120), (30, 122), (30, 126), (30, 129), (30, 131), (30, 132), (30, 133), (30, 134), (30, 135), (30, 136), (30, 139), (30, 146), (30, 149), (31, 32), (31, 34), (31, 35), (31, 36), (31, 38), (31, 40), (31, 41), (31, 42), (31, 43), (31, 47), (31, 48), (31, 49), (31, 51), (31, 53), (31, 55), (31, 56), (31, 58), (31, 59), (31, 60), (31, 62), (31, 65), (31, 66), (31, 71), (31, 74), (31, 79), (31, 80), (31, 82), (31, 84), (31, 85), (31, 86), (31, 88), (31, 89), (31, 90), (31, 97), (31, 98), (31, 100), (31, 102), (31, 103), (31, 104), (31, 105), (31, 106), (31, 107), (31, 110), (31, 111), (31, 112), (31, 113), (31, 114), (31, 116), (31, 117), (31, 119), (31, 121), (31, 122), (31, 123), (31, 125), (31, 128), (31, 130), (31, 131), (31, 134), (31, 135), (31, 136), (31, 137), (31, 138), (31, 139), (31, 140), (31, 142), (31, 143), (31, 144), (31, 146), (31, 147), (32, 35), (32, 37), (32, 38), (32, 39), (32, 41), (32, 42), (32, 46), (32, 47), (32, 48), (32, 49), (32, 51), (32, 52), (32, 53), (32, 54), (32, 55), (32, 56), (32, 62), (32, 64), (32, 65), (32, 66), (32, 67), (32, 68), (32, 72), (32, 73), (32, 75), (32, 76), (32, 78), (32, 79), (32, 81), (32, 82), (32, 85), (32, 87), (32, 88), (32, 89), (32, 90), (32, 91), (32, 92), (32, 97), (32, 99), (32, 103), (32, 105), (32, 106), (32, 107), (32, 108), (32, 109), (32, 110), (32, 111), (32, 117), (32, 120), (32, 123), (32, 126), (32, 127), (32, 128), (32, 129), (32, 131), (32, 134), (32, 135), (32, 136), (32, 142), (32, 143), (32, 146), (32, 147), (33, 34), (33, 35), (33, 36), (33, 39), (33, 40), (33, 41), (33, 42), (33, 43), (33, 46), (33, 51), (33, 54), (33, 55), (33, 56), (33, 58), (33, 59), (33, 64), (33, 67), (33, 69), (33, 70), (33, 72), (33, 75), (33, 76), (33, 77), (33, 78), (33, 79), (33, 80), (33, 86), (33, 89), (33, 90), (33, 93), (33, 97), (33, 101), (33, 104), (33, 105), (33, 108), (33, 109), (33, 112), (33, 114), (33, 115), (33, 120), (33, 122), (33, 123), (33, 126), (33, 128), (33, 129), (33, 131), (33, 133), (33, 134), (33, 138), (33, 139), (33, 141), (33, 143), (33, 144), (34, 36), (34, 37), (34, 38), (34, 39), (34, 43), (34, 44), (34, 48), (34, 49), (34, 51), (34, 54), (34, 55), (34, 58), (34, 63), (34, 64), (34, 65), (34, 66), (34, 68), (34, 69), (34, 70), (34, 73), (34, 75), (34, 78), (34, 81), (34, 82), (34, 84), (34, 85), (34, 86), (34, 87), (34, 89), (34, 90), (34, 91), (34, 94), (34, 95), (34, 96), (34, 98), (34, 101), (34, 102), (34, 103), (34, 106), (34, 107), (34, 110), (34, 111), (34, 112), (34, 114), (34, 115), (34, 116), (34, 118), (34, 122), (34, 123), (34, 124), (34, 125), (34, 126), (34, 128), (34, 129), (34, 133), (34, 134), (34, 135), (34, 139), (34, 140), (34, 141), (34, 144), (35, 36), (35, 39), (35, 45), (35, 46), (35, 47), (35, 48), (35, 50), (35, 51), (35, 52), (35, 53), (35, 56), (35, 58), (35, 62), (35, 65), (35, 68), (35, 70), (35, 71), (35, 72), (35, 73), (35, 74), (35, 78), (35, 79), (35, 84), (35, 85), (35, 86), (35, 87), (35, 88), (35, 89), (35, 91), (35, 92), (35, 94), (35, 96), (35, 97), (35, 98), (35, 99), (35, 100), (35, 103), (35, 107), (35, 109), (35, 110), (35, 112), (35, 115), (35, 116), (35, 119), (35, 121), (35, 122), (35, 125), (35, 127), (35, 130), (35, 132), (35, 133), (35, 134), (35, 136), (35, 137), (35, 138), (35, 140), (35, 141), (35, 142), (35, 144), (35, 148), (35, 149), (36, 38), (36, 40), (36, 41), (36, 45), (36, 48), (36, 49), (36, 51), (36, 52), (36, 59), (36, 62), (36, 63), (36, 64), (36, 70), (36, 72), (36, 75), (36, 77), (36, 86), (36, 87), (36, 88), (36, 89), (36, 90), (36, 93), (36, 99), (36, 101), (36, 102), (36, 104), (36, 107), (36, 108), (36, 111), (36, 112), (36, 113), (36, 115), (36, 116), (36, 121), (36, 122), (36, 126), (36, 128), (36, 134), (36, 135), (36, 136), (36, 137), (36, 138), (36, 143), (36, 144), (36, 145), (36, 146), (36, 147), (37, 41), (37, 42), (37, 43), (37, 44), (37, 45), (37, 47), (37, 48), (37, 52), (37, 53), (37, 54), (37, 61), (37, 64), (37, 65), (37, 68), (37, 72), (37, 73), (37, 74), (37, 79), (37, 81), (37, 84), (37, 85), (37, 88), (37, 90), (37, 91), (37, 92), (37, 93), (37, 98), (37, 99), (37, 101), (37, 102), (37, 103), (37, 104), (37, 106), (37, 108), (37, 109), (37, 111), (37, 113), (37, 115), (37, 116), (37, 117), (37, 118), (37, 119), (37, 120), (37, 121), (37, 122), (37, 124), (37, 125), (37, 126), (37, 127), (37, 128), (37, 130), (37, 132), (37, 135), (37, 136), (37, 141), (37, 143), (37, 145), (37, 148), (38, 40), (38, 41), (38, 44), (38, 46), (38, 47), (38, 48), (38, 49), (38, 51), (38, 52), (38, 53), (38, 58), (38, 59), (38, 61), (38, 65), (38, 67), (38, 69), (38, 71), (38, 72), (38, 74), (38, 80), (38, 82), (38, 83), (38, 84), (38, 89), (38, 91), (38, 93), (38, 94), (38, 95), (38, 99), (38, 100), (38, 101), (38, 102), (38, 103), (38, 104), (38, 105), (38, 106), (38, 107), (38, 109), (38, 110), (38, 111), (38, 112), (38, 113), (38, 116), (38, 119), (38, 120), (38, 122), (38, 130), (38, 132), (38, 133), (38, 134), (38, 135), (38, 136), (38, 137), (38, 140), (38, 141), (38, 142), (38, 143), (38, 146), (38, 148), (39, 41), (39, 43), (39, 45), (39, 46), (39, 48), (39, 51), (39, 52), (39, 53), (39, 54), (39, 57), (39, 59), (39, 63), (39, 64), (39, 65), (39, 69), (39, 75), (39, 78), (39, 79), (39, 80), (39, 81), (39, 83), (39, 90), (39, 91), (39, 96), (39, 100), (39, 101), (39, 102), (39, 104), (39, 105), (39, 107), (39, 110), (39, 113), (39, 115), (39, 117), (39, 118), (39, 122), (39, 123), (39, 125), (39, 126), (39, 131), (39, 132), (39, 134), (39, 136), (39, 137), (39, 138), (39, 139), (39, 140), (39, 142), (39, 144), (39, 145), (39, 146), (39, 147), (39, 149), (40, 43), (40, 44), (40, 46), (40, 48), (40, 51), (40, 52), (40, 53), (40, 54), (40, 55), (40, 56), (40, 57), (40, 59), (40, 64), (40, 69), (40, 72), (40, 73), (40, 75), (40, 78), (40, 80), (40, 82), (40, 84), (40, 85), (40, 86), (40, 90), (40, 94), (40, 96), (40, 97), (40, 99), (40, 100), (40, 101), (40, 102), (40, 106), (40, 109), (40, 110), (40, 111), (40, 113), (40, 114), (40, 115), (40, 116), (40, 121), (40, 123), (40, 129), (40, 130), (40, 131), (40, 132), (40, 136), (40, 138), (40, 139), (40, 141), (40, 143), (40, 144), (40, 147), (40, 148), (41, 42), (41, 44), (41, 47), (41, 49), (41, 53), (41, 54), (41, 55), (41, 56), (41, 57), (41, 58), (41, 60), (41, 61), (41, 63), (41, 65), (41, 67), (41, 68), (41, 69), (41, 73), (41, 75), (41, 77), (41, 78), (41, 79), (41, 80), (41, 81), (41, 82), (41, 84), (41, 87), (41, 88), (41, 90), (41, 91), (41, 94), (41, 95), (41, 96), (41, 97), (41, 98), (41, 101), (41, 102), (41, 105), (41, 106), (41, 108), (41, 110), (41, 112), (41, 113), (41, 117), (41, 119), (41, 120), (41, 121), (41, 122), (41, 124), (41, 126), (41, 127), (41, 129), (41, 130), (41, 131), (41, 132), (41, 133), (41, 134), (41, 135), (41, 139), (41, 140), (41, 141), (41, 142), (41, 144), (41, 145), (41, 149), (42, 43), (42, 44), (42, 48), (42, 49), (42, 50), (42, 51), (42, 52), (42, 57), (42, 58), (42, 61), (42, 62), (42, 64), (42, 67), (42, 70), (42, 75), (42, 77), (42, 78), (42, 79), (42, 81), (42, 83), (42, 84), (42, 86), (42, 87), (42, 91), (42, 92), (42, 94), (42, 97), (42, 99), (42, 102), (42, 104), (42, 105), (42, 106), (42, 108), (42, 111), (42, 112), (42, 115), (42, 116), (42, 118), (42, 119), (42, 120), (42, 121), (42, 122), (42, 125), (42, 129), (42, 131), (42, 132), (42, 134), (42, 135), (42, 136), (42, 137), (42, 143), (42, 144), (42, 145), (42, 146), (43, 45), (43, 46), (43, 47), (43, 48), (43, 50), (43, 52), (43, 54), (43, 57), (43, 58), (43, 61), (43, 64), (43, 67), (43, 68), (43, 69), (43, 74), (43, 76), (43, 77), (43, 78), (43, 79), (43, 80), (43, 82), (43, 83), (43, 85), (43, 87), (43, 89), (43, 90), (43, 91), (43, 93), (43, 94), (43, 96), (43, 100), (43, 101), (43, 102), (43, 104), (43, 106), (43, 107), (43, 108), (43, 109), (43, 116), (43, 121), (43, 125), (43, 126), (43, 127), (43, 129), (43, 130), (43, 132), (43, 136), (43, 137), (43, 139), (43, 141), (43, 142), (43, 143), (43, 144), (43, 145), (43, 149), (44, 46), (44, 51), (44, 53), (44, 54), (44, 56), (44, 59), (44, 61), (44, 65), (44, 66), (44, 67), (44, 71), (44, 72), (44, 73), (44, 74), (44, 80), (44, 84), (44, 87), (44, 91), (44, 94), (44, 100), (44, 104), (44, 106), (44, 112), (44, 114), (44, 121), (44, 122), (44, 123), (44, 125), (44, 126), (44, 130), (44, 131), (44, 133), (44, 134), (44, 135), (44, 136), (44, 138), (44, 139), (44, 142), (44, 144), (44, 145), (44, 146), (44, 148), (45, 46), (45, 47), (45, 52), (45, 53), (45, 55), (45, 56), (45, 58), (45, 60), (45, 63), (45, 64), (45, 65), (45, 66), (45, 69), (45, 72), (45, 74), (45, 75), (45, 76), (45, 77), (45, 78), (45, 79), (45, 80), (45, 82), (45, 84), (45, 85), (45, 89), (45, 90), (45, 92), (45, 94), (45, 95), (45, 97), (45, 102), (45, 103), (45, 105), (45, 109), (45, 110), (45, 111), (45, 112), (45, 114), (45, 115), (45, 120), (45, 122), (45, 125), (45, 128), (45, 129), (45, 131), (45, 134), (45, 140), (45, 141), (45, 142), (45, 144), (45, 147), (45, 148), (46, 47), (46, 49), (46, 51), (46, 56), (46, 59), (46, 63), (46, 67), (46, 68), (46, 69), (46, 74), (46, 75), (46, 78), (46, 80), (46, 82), (46, 83), (46, 84), (46, 85), (46, 88), (46, 89), (46, 90), (46, 91), (46, 92), (46, 93), (46, 94), (46, 96), (46, 98), (46, 99), (46, 104), (46, 105), (46, 107), (46, 113), (46, 118), (46, 120), (46, 126), (46, 129), (46, 131), (46, 134), (46, 137), (46, 138), (46, 140), (46, 142), (46, 143), (46, 145), (46, 146), (46, 147), (47, 49), (47, 50), (47, 51), (47, 56), (47, 59), (47, 61), (47, 63), (47, 64), (47, 66), (47, 68), (47, 69), (47, 71), (47, 75), (47, 76), (47, 77), (47, 84), (47, 85), (47, 87), (47, 89), (47, 92), (47, 94), (47, 95), (47, 96), (47, 97), (47, 98), (47, 99), (47, 102), (47, 104), (47, 105), (47, 107), (47, 108), (47, 109), (47, 110), (47, 111), (47, 114), (47, 118), (47, 120), (47, 121), (47, 125), (47, 126), (47, 127), (47, 128), (47, 131), (47, 134), (47, 135), (47, 136), (47, 138), (47, 139), (47, 141), (47, 146), (47, 148), (48, 52), (48, 54), (48, 55), (48, 56), (48, 58), (48, 60), (48, 64), (48, 65), (48, 66), (48, 67), (48, 68), (48, 69), (48, 72), (48, 73), (48, 74), (48, 76), (48, 78), (48, 79), (48, 81), (48, 83), (48, 85), (48, 89), (48, 93), (48, 98), (48, 99), (48, 100), (48, 101), (48, 102), (48, 103), (48, 104), (48, 105), (48, 106), (48, 107), (48, 110), (48, 112), (48, 113), (48, 114), (48, 115), (48, 116), (48, 117), (48, 118), (48, 119), (48, 120), (48, 121), (48, 122), (48, 123), (48, 125), (48, 128), (48, 132), (48, 133), (48, 135), (48, 138), (48, 142), (48, 143), (48, 144), (48, 145), (48, 146), (48, 147), (48, 148), (49, 50), (49, 51), (49, 54), (49, 57), (49, 58), (49, 59), (49, 62), (49, 64), (49, 65), (49, 68), (49, 70), (49, 71), (49, 76), (49, 77), (49, 78), (49, 79), (49, 82), (49, 83), (49, 84), (49, 85), (49, 87), (49, 94), (49, 95), (49, 97), (49, 100), (49, 101), (49, 105), (49, 106), (49, 107), (49, 108), (49, 110), (49, 114), (49, 115), (49, 116), (49, 122), (49, 126), (49, 127), (49, 129), (49, 130), (49, 131), (49, 132), (49, 135), (49, 136), (49, 138), (49, 139), (49, 140), (49, 141), (49, 143), (49, 144), (49, 146), (49, 149), (50, 51), (50, 53), (50, 54), (50, 56), (50, 57), (50, 58), (50, 59), (50, 60), (50, 61), (50, 64), (50, 65), (50, 66), (50, 70), (50, 71), (50, 72), (50, 76), (50, 77), (50, 81), (50, 82), (50, 86), (50, 88), (50, 93), (50, 94), (50, 95), (50, 96), (50, 101), (50, 102), (50, 109), (50, 110), (50, 112), (50, 114), (50, 117), (50, 120), (50, 121), (50, 124), (50, 125), (50, 127), (50, 134), (50, 136), (50, 137), (50, 140), (50, 143), (50, 144), (50, 145), (50, 146), (50, 147), (50, 149), (51, 53), (51, 54), (51, 55), (51, 56), (51, 58), (51, 60), (51, 61), (51, 63), (51, 64), (51, 67), (51, 68), (51, 69), (51, 70), (51, 74), (51, 75), (51, 76), (51, 78), (51, 83), (51, 86), (51, 87), (51, 89), (51, 92), (51, 93), (51, 94), (51, 96), (51, 98), (51, 99), (51, 100), (51, 102), (51, 104), (51, 105), (51, 108), (51, 110), (51, 111), (51, 115), (51, 116), (51, 120), (51, 121), (51, 122), (51, 123), (51, 125), (51, 126), (51, 128), (51, 130), (51, 131), (51, 132), (51, 134), (51, 135), (51, 136), (51, 137), (51, 138), (51, 139), (51, 140), (51, 141), (51, 146), (51, 148), (51, 149), (52, 56), (52, 60), (52, 62), (52, 63), (52, 64), (52, 65), (52, 67), (52, 69), (52, 72), (52, 74), (52, 75), (52, 79), (52, 81), (52, 83), (52, 85), (52, 87), (52, 88), (52, 89), (52, 90), (52, 91), (52, 92), (52, 93), (52, 95), (52, 96), (52, 99), (52, 100), (52, 101), (52, 102), (52, 103), (52, 104), (52, 106), (52, 110), (52, 112), (52, 113), (52, 114), (52, 115), (52, 117), (52, 121), (52, 123), (52, 124), (52, 125), (52, 126), (52, 128), (52, 129), (52, 130), (52, 131), (52, 132), (52, 133), (52, 136), (52, 137), (52, 140), (52, 141), (52, 143), (52, 145), (52, 146), (53, 54), (53, 56), (53, 57), (53, 58), (53, 59), (53, 61), (53, 62), (53, 65), (53, 66), (53, 68), (53, 69), (53, 70), (53, 73), (53, 74), (53, 75), (53, 83), (53, 85), (53, 86), (53, 88), (53, 89), (53, 91), (53, 93), (53, 94), (53, 95), (53, 96), (53, 97), (53, 98), (53, 99), (53, 101), (53, 109), (53, 110), (53, 116), (53, 117), (53, 123), (53, 124), (53, 126), (53, 129), (53, 131), (53, 132), (53, 134), (53, 135), (53, 137), (53, 138), (53, 139), (53, 142), (53, 143), (53, 145), (53, 147), (54, 57), (54, 60), (54, 63), (54, 64), (54, 65), (54, 66), (54, 67), (54, 69), (54, 71), (54, 72), (54, 73), (54, 74), (54, 76), (54, 78), (54, 79), (54, 80), (54, 83), (54, 84), (54, 85), (54, 87), (54, 88), (54, 91), (54, 94), (54, 95), (54, 98), (54, 99), (54, 100), (54, 104), (54, 105), (54, 108), (54, 109), (54, 111), (54, 113), (54, 115), (54, 116), (54, 117), (54, 118), (54, 120), (54, 126), (54, 130), (54, 134), (54, 135), (54, 136), (54, 138), (54, 139), (54, 140), (54, 145), (54, 146), (55, 57), (55, 59), (55, 60), (55, 61), (55, 62), (55, 63), (55, 64), (55, 65), (55, 66), (55, 67), (55, 72), (55, 73), (55, 74), (55, 75), (55, 79), (55, 80), (55, 81), (55, 83), (55, 84), (55, 87), (55, 88), (55, 89), (55, 91), (55, 92), (55, 93), (55, 95), (55, 96), (55, 97), (55, 100), (55, 102), (55, 104), (55, 105), (55, 106), (55, 107), (55, 108), (55, 109), (55, 112), (55, 115), (55, 117), (55, 119), (55, 123), (55, 125), (55, 126), (55, 128), (55, 129), (55, 130), (55, 132), (55, 136), (55, 138), (55, 139), (55, 140), (55, 143), (55, 146), (55, 149), (56, 60), (56, 61), (56, 64), (56, 65), (56, 67), (56, 70), (56, 72), (56, 75), (56, 76), (56, 78), (56, 81), (56, 83), (56, 85), (56, 86), (56, 88), (56, 89), (56, 90), (56, 93), (56, 94), (56, 95), (56, 96), (56, 98), (56, 101), (56, 102), (56, 106), (56, 109), (56, 111), (56, 117), (56, 123), (56, 130), (56, 133), (56, 134), (56, 135), (56, 136), (56, 138), (56, 139), (56, 141), (56, 143), (56, 145), (56, 149), (57, 58), (57, 59), (57, 60), (57, 61), (57, 63), (57, 66), (57, 68), (57, 69), (57, 71), (57, 73), (57, 74), (57, 75), (57, 77), (57, 79), (57, 84), (57, 85), (57, 88), (57, 89), (57, 90), (57, 93), (57, 94), (57, 95), (57, 96), (57, 97), (57, 98), (57, 99), (57, 100), (57, 103), (57, 105), (57, 108), (57, 109), (57, 110), (57, 113), (57, 114), (57, 115), (57, 116), (57, 118), (57, 119), (57, 122), (57, 123), (57, 126), (57, 127), (57, 128), (57, 129), (57, 130), (57, 134), (57, 142), (57, 146), (57, 149), (58, 63), (58, 70), (58, 71), (58, 72), (58, 75), (58, 78), (58, 81), (58, 84), (58, 85), (58, 87), (58, 88), (58, 89), (58, 92), (58, 93), (58, 94), (58, 96), (58, 98), (58, 99), (58, 101), (58, 103), (58, 104), (58, 110), (58, 112), (58, 114), (58, 115), (58, 117), (58, 121), (58, 123), (58, 124), (58, 125), (58, 128), (58, 130), (58, 131), (58, 134), (58, 135), (58, 141), (58, 143), (58, 146), (59, 60), (59, 63), (59, 65), (59, 67), (59, 70), (59, 71), (59, 73), (59, 74), (59, 75), (59, 77), (59, 80), (59, 84), (59, 90), (59, 91), (59, 96), (59, 97), (59, 99), (59, 104), (59, 105), (59, 106), (59, 107), (59, 109), (59, 110), (59, 111), (59, 112), (59, 113), (59, 114), (59, 115), (59, 122), (59, 123), (59, 125), (59, 127), (59, 128), (59, 133), (59, 134), (59, 135), (59, 136), (59, 137), (59, 138), (59, 143), (59, 144), (59, 145), (59, 149), (60, 61), (60, 62), (60, 65), (60, 66), (60, 67), (60, 68), (60, 70), (60, 77), (60, 78), (60, 79), (60, 80), (60, 81), (60, 82), (60, 87), (60, 88), (60, 89), (60, 90), (60, 91), (60, 92), (60, 97), (60, 99), (60, 101), (60, 103), (60, 104), (60, 105), (60, 108), (60, 110), (60, 112), (60, 114), (60, 117), (60, 118), (60, 120), (60, 121), (60, 122), (60, 123), (60, 124), (60, 125), (60, 129), (60, 130), (60, 131), (60, 132), (60, 133), (60, 139), (60, 143), (60, 145), (61, 62), (61, 66), (61, 68), (61, 69), (61, 70), (61, 74), (61, 78), (61, 79), (61, 85), (61, 91), (61, 92), (61, 97), (61, 98), (61, 99), (61, 100), (61, 101), (61, 103), (61, 104), (61, 105), (61, 108), (61, 109), (61, 111), (61, 114), (61, 115), (61, 116), (61, 117), (61, 119), (61, 121), (61, 122), (61, 123), (61, 124), (61, 126), (61, 127), (61, 130), (61, 131), (61, 132), (61, 135), (61, 136), (61, 137), (61, 138), (61, 139), (61, 140), (61, 142), (61, 146), (61, 148), (62, 66), (62, 67), (62, 68), (62, 72), (62, 73), (62, 75), (62, 78), (62, 80), (62, 82), (62, 83), (62, 84), (62, 85), (62, 88), (62, 90), (62, 91), (62, 93), (62, 96), (62, 97), (62, 98), (62, 100), (62, 101), (62, 102), (62, 105), (62, 108), (62, 109), (62, 112), (62, 113), (62, 116), (62, 117), (62, 118), (62, 119), (62, 122), (62, 123), (62, 124), (62, 125), (62, 126), (62, 130), (62, 132), (62, 133), (62, 135), (62, 136), (62, 137), (62, 139), (62, 140), (62, 143), (62, 146), (62, 148), (63, 78), (63, 79), (63, 81), (63, 82), (63, 83), (63, 85), (63, 86), (63, 90), (63, 91), (63, 93), (63, 94), (63, 96), (63, 97), (63, 99), (63, 100), (63, 103), (63, 107), (63, 108), (63, 112), (63, 114), (63, 115), (63, 117), (63, 118), (63, 121), (63, 122), (63, 123), (63, 124), (63, 127), (63, 128), (63, 131), (63, 132), (63, 134), (63, 135), (63, 138), (63, 139), (63, 141), (63, 142), (63, 143), (63, 144), (63, 145), (63, 148), (64, 66), (64, 67), (64, 69), (64, 74), (64, 76), (64, 77), (64, 79), (64, 80), (64, 81), (64, 82), (64, 85), (64, 86), (64, 87), (64, 88), (64, 89), (64, 90), (64, 92), (64, 93), (64, 94), (64, 95), (64, 97), (64, 98), (64, 100), (64, 101), (64, 104), (64, 105), (64, 107), (64, 109), (64, 110), (64, 115), (64, 120), (64, 121), (64, 123), (64, 126), (64, 131), (64, 134), (64, 135), (64, 138), (64, 140), (64, 143), (64, 144), (64, 145), (64, 147), (64, 149), (65, 68), (65, 70), (65, 73), (65, 75), (65, 76), (65, 80), (65, 82), (65, 83), (65, 89), (65, 93), (65, 98), (65, 99), (65, 102), (65, 104), (65, 105), (65, 108), (65, 111), (65, 112), (65, 116), (65, 119), (65, 129), (65, 130), (65, 132), (65, 133), (65, 134), (65, 135), (65, 137), (65, 138), (65, 140), (65, 145), (66, 70), (66, 72), (66, 73), (66, 74), (66, 75), (66, 77), (66, 78), (66, 80), (66, 83), (66, 86), (66, 87), (66, 89), (66, 90), (66, 93), (66, 94), (66, 95), (66, 97), (66, 98), (66, 99), (66, 100), (66, 103), (66, 104), (66, 105), (66, 106), (66, 109), (66, 111), (66, 112), (66, 113), (66, 114), (66, 115), (66, 116), (66, 117), (66, 119), (66, 120), (66, 132), (66, 133), (66, 134), (66, 138), (66, 141), (66, 142), (66, 143), (66, 144), (66, 145), (66, 147), (66, 149), (67, 70), (67, 71), (67, 73), (67, 75), (67, 77), (67, 78), (67, 81), (67, 82), (67, 84), (67, 89), (67, 90), (67, 91), (67, 93), (67, 95), (67, 97), (67, 101), (67, 103), (67, 104), (67, 105), (67, 106), (67, 107), (67, 110), (67, 114), (67, 115), (67, 116), (67, 117), (67, 118), (67, 120), (67, 123), (67, 124), (67, 129), (67, 132), (67, 135), (67, 136), (67, 138), (67, 140), (67, 141), (67, 143), (67, 144), (67, 148), (68, 70), (68, 71), (68, 73), (68, 77), (68, 78), (68, 80), (68, 81), (68, 83), (68, 84), (68, 85), (68, 86), (68, 87), (68, 88), (68, 90), (68, 93), (68, 96), (68, 97), (68, 98), (68, 101), (68, 105), (68, 109), (68, 110), (68, 116), (68, 118), (68, 120), (68, 127), (68, 130), (68, 133), (68, 134), (68, 137), (68, 138), (68, 141), (68, 142), (68, 143), (68, 146), (68, 149), (69, 72), (69, 73), (69, 75), (69, 77), (69, 78), (69, 80), (69, 83), (69, 87), (69, 88), (69, 90), (69, 91), (69, 93), (69, 95), (69, 96), (69, 100), (69, 101), (69, 102), (69, 103), (69, 104), (69, 105), (69, 108), (69, 110), (69, 113), (69, 116), (69, 119), (69, 120), (69, 121), (69, 125), (69, 126), (69, 127), (69, 129), (69, 137), (69, 139), (69, 140), (69, 144), (69, 147), (70, 73), (70, 74), (70, 79), (70, 80), (70, 81), (70, 82), (70, 85), (70, 86), (70, 88), (70, 90), (70, 93), (70, 95), (70, 101), (70, 102), (70, 103), (70, 104), (70, 106), (70, 108), (70, 109), (70, 110), (70, 113), (70, 116), (70, 123), (70, 124), (70, 125), (70, 127), (70, 128), (70, 129), (70, 130), (70, 131), (70, 136), (70, 137), (70, 138), (70, 139), (70, 140), (70, 141), (70, 143), (70, 144), (70, 147), (70, 148), (70, 149), (71, 72), (71, 73), (71, 75), (71, 76), (71, 80), (71, 81), (71, 82), (71, 85), (71, 86), (71, 87), (71, 88), (71, 90), (71, 91), (71, 94), (71, 98), (71, 100), (71, 103), (71, 104), (71, 109), (71, 112), (71, 116), (71, 117), (71, 118), (71, 119), (71, 120), (71, 121), (71, 122), (71, 125), (71, 127), (71, 129), (71, 130), (71, 132), (71, 133), (71, 134), (71, 136), (71, 137), (71, 138), (71, 139), (71, 140), (71, 141), (71, 142), (71, 143), (71, 147), (71, 148), (71, 149), (72, 77), (72, 81), (72, 83), (72, 84), (72, 85), (72, 86), (72, 87), (72, 88), (72, 89), (72, 91), (72, 94), (72, 96), (72, 99), (72, 100), (72, 102), (72, 103), (72, 106), (72, 110), (72, 112), (72, 113), (72, 115), (72, 117), (72, 118), (72, 119), (72, 122), (72, 125), (72, 126), (72, 127), (72, 129), (72, 130), (72, 132), (72, 133), (72, 134), (72, 137), (72, 141), (72, 145), (72, 147), (72, 148), (72, 149), (73, 74), (73, 76), (73, 78), (73, 80), (73, 81), (73, 85), (73, 86), (73, 87), (73, 88), (73, 89), (73, 90), (73, 94), (73, 95), (73, 96), (73, 98), (73, 100), (73, 103), (73, 105), (73, 106), (73, 109), (73, 110), (73, 112), (73, 117), (73, 119), (73, 120), (73, 121), (73, 122), (73, 129), (73, 130), (73, 132), (73, 133), (73, 136), (73, 137), (73, 143), (73, 146), (74, 79), (74, 80), (74, 82), (74, 84), (74, 85), (74, 86), (74, 88), (74, 90), (74, 93), (74, 94), (74, 96), (74, 98), (74, 100), (74, 102), (74, 105), (74, 107), (74, 111), (74, 112), (74, 113), (74, 114), (74, 115), (74, 117), (74, 118), (74, 119), (74, 120), (74, 122), (74, 124), (74, 126), (74, 128), (74, 129), (74, 133), (74, 135), (74, 136), (74, 137), (74, 138), (74, 139), (74, 143), (74, 144), (74, 145), (74, 148), (75, 77), (75, 79), (75, 80), (75, 82), (75, 85), (75, 86), (75, 89), (75, 90), (75, 97), (75, 100), (75, 105), (75, 106), (75, 108), (75, 112), (75, 115), (75, 116), (75, 118), (75, 120), (75, 123), (75, 124), (75, 125), (75, 128), (75, 129), (75, 130), (75, 134), (75, 135), (75, 137), (75, 141), (75, 149), (76, 77), (76, 79), (76, 80), (76, 83), (76, 85), (76, 86), (76, 87), (76, 89), (76, 93), (76, 94), (76, 95), (76, 96), (76, 97), (76, 98), (76, 103), (76, 105), (76, 106), (76, 108), (76, 109), (76, 110), (76, 113), (76, 114), (76, 116), (76, 118), (76, 121), (76, 122), (76, 124), (76, 125), (76, 127), (76, 135), (76, 139), (76, 140), (76, 141), (76, 142), (76, 143), (76, 148), (77, 84), (77, 86), (77, 90), (77, 91), (77, 92), (77, 93), (77, 94), (77, 95), (77, 97), (77, 98), (77, 99), (77, 101), (77, 109), (77, 110), (77, 111), (77, 113), (77, 114), (77, 115), (77, 116), (77, 117), (77, 120), (77, 121), (77, 122), (77, 123), (77, 124), (77, 128), (77, 130), (77, 132), (77, 135), (77, 136), (77, 138), (77, 142), (77, 144), (77, 146), (78, 81), (78, 83), (78, 84), (78, 86), (78, 88), (78, 89), (78, 90), (78, 91), (78, 93), (78, 98), (78, 99), (78, 100), (78, 102), (78, 106), (78, 107), (78, 109), (78, 112), (78, 113), (78, 115), (78, 116), (78, 119), (78, 121), (78, 123), (78, 125), (78, 127), (78, 128), (78, 129), (78, 130), (78, 133), (78, 137), (78, 138), (78, 140), (78, 141), (78, 142), (78, 144), (78, 145), (78, 147), (79, 80), (79, 83), (79, 85), (79, 87), (79, 89), (79, 92), (79, 94), (79, 98), (79, 99), (79, 100), (79, 102), (79, 104), (79, 105), (79, 107), (79, 109), (79, 111), (79, 112), (79, 113), (79, 117), (79, 119), (79, 121), (79, 128), (79, 129), (79, 130), (79, 131), (79, 133), (79, 137), (79, 138), (79, 139), (79, 140), (79, 142), (79, 144), (79, 145), (79, 146), (79, 147), (79, 149), (80, 81), (80, 82), (80, 83), (80, 86), (80, 87), (80, 90), (80, 94), (80, 95), (80, 100), (80, 101), (80, 103), (80, 107), (80, 108), (80, 109), (80, 112), (80, 113), (80, 116), (80, 117), (80, 119), (80, 120), (80, 123), (80, 126), (80, 127), (80, 129), (80, 135), (80, 137), (80, 138), (80, 144), (80, 147), (81, 83), (81, 84), (81, 89), (81, 90), (81, 92), (81, 93), (81, 94), (81, 99), (81, 102), (81, 103), (81, 104), (81, 106), (81, 107), (81, 108), (81, 109), (81, 111), (81, 113), (81, 115), (81, 116), (81, 117), (81, 119), (81, 121), (81, 122), (81, 123), (81, 125), (81, 126), (81, 128), (81, 129), (81, 130), (81, 133), (81, 134), (81, 136), (81, 137), (81, 139), (81, 141), (81, 142), (81, 143), (81, 144), (81, 146), (82, 83), (82, 84), (82, 86), (82, 89), (82, 91), (82, 93), (82, 94), (82, 95), (82, 96), (82, 97), (82, 100), (82, 102), (82, 103), (82, 104), (82, 105), (82, 106), (82, 108), (82, 109), (82, 110), (82, 111), (82, 113), (82, 116), (82, 118), (82, 119), (82, 120), (82, 122), (82, 123), (82, 124), (82, 125), (82, 129), (82, 130), (82, 134), (82, 137), (82, 139), (82, 140), (82, 143), (82, 148), (82, 149), (83, 88), (83, 92), (83, 96), (83, 97), (83, 98), (83, 100), (83, 101), (83, 103), (83, 104), (83, 105), (83, 106), (83, 107), (83, 108), (83, 109), (83, 110), (83, 114), (83, 115), (83, 122), (83, 123), (83, 124), (83, 125), (83, 126), (83, 127), (83, 128), (83, 129), (83, 131), (83, 132), (83, 134), (83, 135), (83, 137), (83, 139), (83, 141), (83, 142), (83, 143), (83, 145), (83, 147), (84, 85), (84, 86), (84, 87), (84, 89), (84, 90), (84, 91), (84, 93), (84, 94), (84, 95), (84, 97), (84, 98), (84, 104), (84, 105), (84, 106), (84, 107), (84, 111), (84, 113), (84, 114), (84, 115), (84, 117), (84, 119), (84, 124), (84, 125), (84, 129), (84, 131), (84, 132), (84, 138), (84, 139), (84, 140), (84, 141), (84, 143), (84, 144), (84, 147), (84, 148), (85, 88), (85, 95), (85, 96), (85, 97), (85, 102), (85, 103), (85, 109), (85, 110), (85, 111), (85, 116), (85, 117), (85, 120), (85, 121), (85, 123), (85, 128), (85, 130), (85, 132), (85, 134), (85, 135), (85, 139), (85, 144), (85, 145), (85, 146), (85, 147), (85, 148), (86, 91), (86, 92), (86, 94), (86, 96), (86, 97), (86, 99), (86, 100), (86, 101), (86, 102), (86, 103), (86, 106), (86, 110), (86, 112), (86, 117), (86, 118), (86, 119), (86, 121), (86, 124), (86, 126), (86, 127), (86, 130), (86, 133), (86, 134), (86, 135), (86, 136), (86, 137), (86, 138), (86, 140), (86, 142), (86, 143), (86, 144), (86, 146), (86, 147), (87, 94), (87, 99), (87, 100), (87, 104), (87, 106), (87, 107), (87, 108), (87, 112), (87, 113), (87, 114), (87, 116), (87, 118), (87, 119), (87, 120), (87, 123), (87, 124), (87, 125), (87, 128), (87, 130), (87, 132), (87, 133), (87, 134), (87, 140), (87, 142), (87, 143), (87, 145), (87, 146), (87, 147), (88, 90), (88, 95), (88, 96), (88, 97), (88, 99), (88, 101), (88, 102), (88, 104), (88, 109), (88, 110), (88, 112), (88, 113), (88, 114), (88, 115), (88, 116), (88, 117), (88, 118), (88, 119), (88, 120), (88, 122), (88, 124), (88, 125), (88, 128), (88, 129), (88, 132), (88, 133), (88, 138), (88, 140), (88, 142), (89, 90), (89, 91), (89, 99), (89, 101), (89, 104), (89, 105), (89, 108), (89, 109), (89, 111), (89, 116), (89, 120), (89, 122), (89, 124), (89, 125), (89, 127), (89, 132), (89, 133), (89, 134), (89, 135), (89, 139), (89, 141), (89, 143), (89, 144), (89, 145), (89, 146), (89, 147), (89, 148), (89, 149), (90, 92), (90, 95), (90, 96), (90, 97), (90, 100), (90, 101), (90, 102), (90, 103), (90, 106), (90, 107), (90, 108), (90, 109), (90, 113), (90, 115), (90, 116), (90, 119), (90, 120), (90, 125), (90, 128), (90, 130), (90, 131), (90, 132), (90, 138), (90, 140), (90, 143), (90, 144), (90, 146), (91, 92), (91, 93), (91, 94), (91, 95), (91, 96), (91, 98), (91, 103), (91, 107), (91, 109), (91, 110), (91, 112), (91, 113), (91, 117), (91, 118), (91, 121), (91, 122), (91, 130), (91, 131), (91, 134), (91, 135), (91, 138), (91, 139), (91, 142), (91, 143), (91, 145), (91, 146), (92, 95), (92, 96), (92, 97), (92, 103), (92, 105), (92, 107), (92, 110), (92, 111), (92, 113), (92, 114), (92, 116), (92, 119), (92, 121), (92, 122), (92, 123), (92, 124), (92, 125), (92, 131), (92, 135), (92, 137), (92, 139), (92, 140), (92, 141), (92, 142), (92, 143), (92, 144), (92, 145), (92, 146), (92, 149), (93, 94), (93, 97), (93, 98), (93, 101), (93, 102), (93, 103), (93, 104), (93, 106), (93, 107), (93, 108), (93, 109), (93, 111), (93, 112), (93, 113), (93, 114), (93, 116), (93, 118), (93, 126), (93, 128), (93, 132), (93, 133), (93, 137), (93, 138), (93, 142), (93, 144), (93, 147), (93, 148), (94, 95), (94, 96), (94, 97), (94, 100), (94, 104), (94, 106), (94, 107), (94, 114), (94, 115), (94, 118), (94, 120), (94, 122), (94, 123), (94, 127), (94, 128), (94, 129), (94, 135), (94, 136), (94, 138), (94, 139), (94, 140), (94, 142), (94, 143), (94, 146), (94, 147), (94, 148), (95, 101), (95, 102), (95, 104), (95, 105), (95, 107), (95, 108), (95, 109), (95, 110), (95, 111), (95, 113), (95, 115), (95, 116), (95, 120), (95, 122), (95, 123), (95, 124), (95, 129), (95, 130), (95, 131), (95, 132), (95, 133), (95, 134), (95, 135), (95, 137), (95, 139), (95, 141), (95, 144), (95, 148), (95, 149), (96, 97), (96, 101), (96, 103), (96, 104), (96, 105), (96, 107), (96, 110), (96, 111), (96, 112), (96, 113), (96, 116), (96, 117), (96, 119), (96, 121), (96, 123), (96, 124), (96, 126), (96, 129), (96, 130), (96, 131), (96, 132), (96, 137), (96, 139), (96, 140), (96, 141), (96, 142), (96, 143), (96, 145), (96, 146), (96, 147), (96, 149), (97, 101), (97, 106), (97, 108), (97, 109), (97, 111), (97, 112), (97, 113), (97, 115), (97, 116), (97, 118), (97, 119), (97, 121), (97, 123), (97, 124), (97, 131), (97, 132), (97, 135), (97, 136), (97, 140), (97, 143), (97, 144), (97, 145), (97, 148), (98, 99), (98, 100), (98, 101), (98, 103), (98, 104), (98, 105), (98, 110), (98, 111), (98, 112), (98, 113), (98, 115), (98, 117), (98, 119), (98, 120), (98, 122), (98, 123), (98, 124), (98, 127), (98, 128), (98, 131), (98, 133), (98, 134), (98, 136), (98, 139), (98, 142), (98, 143), (98, 144), (98, 146), (98, 147), (98, 149), (99, 102), (99, 104), (99, 105), (99, 107), (99, 108), (99, 109), (99, 112), (99, 120), (99, 121), (99, 123), (99, 128), (99, 129), (99, 131), (99, 132), (99, 133), (99, 136), (99, 137), (99, 139), (99, 140), (99, 145), (99, 146), (99, 148), (99, 149), (100, 102), (100, 104), (100, 107), (100, 108), (100, 110), (100, 113), (100, 120), (100, 123), (100, 124), (100, 125), (100, 126), (100, 127), (100, 128), (100, 130), (100, 131), (100, 132), (100, 133), (100, 134), (100, 135), (100, 137), (100, 138), (100, 141), (100, 143), (100, 145), (100, 149), (101, 102), (101, 103), (101, 104), (101, 105), (101, 108), (101, 110), (101, 115), (101, 121), (101, 123), (101, 124), (101, 127), (101, 128), (101, 131), (101, 132), (101, 133), (101, 144), (101, 145), (101, 146), (101, 147), (102, 103), (102, 106), (102, 108), (102, 110), (102, 112), (102, 113), (102, 114), (102, 117), (102, 118), (102, 120), (102, 121), (102, 123), (102, 127), (102, 130), (102, 131), (102, 132), (102, 133), (102, 134), (102, 139), (102, 140), (102, 141), (102, 142), (102, 144), (102, 146), (102, 147), (103, 104), (103, 105), (103, 107), (103, 108), (103, 110), (103, 111), (103, 113), (103, 114), (103, 115), (103, 116), (103, 119), (103, 120), (103, 121), (103, 123), (103, 124), (103, 127), (103, 131), (103, 132), (103, 137), (103, 138), (103, 139), (103, 140), (103, 141), (103, 145), (103, 148), (104, 106), (104, 108), (104, 110), (104, 114), (104, 115), (104, 122), (104, 124), (104, 127), (104, 131), (104, 132), (104, 133), (104, 136), (104, 137), (104, 140), (104, 141), (104, 142), (104, 145), (104, 146), (104, 148), (104, 149), (105, 106), (105, 107), (105, 108), (105, 109), (105, 110), (105, 111), (105, 112), (105, 113), (105, 116), (105, 120), (105, 122), (105, 124), (105, 125), (105, 129), (105, 133), (105, 135), (105, 137), (105, 138), (105, 139), (105, 140), (105, 142), (105, 147), (105, 148), (106, 107), (106, 109), (106, 110), (106, 114), (106, 115), (106, 117), (106, 118), (106, 119), (106, 121), (106, 124), (106, 125), (106, 126), (106, 127), (106, 128), (106, 129), (106, 132), (106, 134), (106, 137), (106, 138), (106, 139), (106, 142), (106, 144), (106, 146), (106, 147), (107, 109), (107, 111), (107, 112), (107, 113), (107, 120), (107, 123), (107, 126), (107, 127), (107, 128), (107, 132), (107, 134), (107, 135), (107, 136), (107, 140), (107, 146), (107, 148), (108, 112), (108, 114), (108, 116), (108, 117), (108, 118), (108, 119), (108, 120), (108, 122), (108, 125), (108, 128), (108, 129), (108, 131), (108, 133), (108, 135), (108, 136), (108, 137), (108, 141), (108, 142), (108, 144), (108, 146), (108, 147), (108, 148), (109, 111), (109, 112), (109, 114), (109, 115), (109, 117), (109, 118), (109, 122), (109, 123), (109, 127), (109, 128), (109, 131), (109, 136), (109, 137), (109, 140), (109, 145), (109, 146), (109, 147), (109, 148), (109, 149), (110, 111), (110, 112), (110, 114), (110, 116), (110, 117), (110, 118), (110, 120), (110, 121), (110, 123), (110, 128), (110, 131), (110, 132), (110, 135), (110, 136), (110, 137), (110, 138), (110, 140), (110, 141), (110, 142), (110, 145), (110, 147), (110, 148), (110, 149), (111, 112), (111, 116), (111, 118), (111, 119), (111, 122), (111, 123), (111, 124), (111, 125), (111, 127), (111, 128), (111, 129), (111, 130), (111, 131), (111, 132), (111, 134), (111, 140), (111, 144), (111, 146), (111, 147), (112, 113), (112, 114), (112, 115), (112, 118), (112, 120), (112, 121), (112, 123), (112, 126), (112, 129), (112, 130), (112, 131), (112, 133), (112, 139), (112, 140), (112, 141), (112, 142), (112, 143), (112, 144), (112, 146), (112, 147), (112, 149), (113, 114), (113, 117), (113, 118), (113, 119), (113, 121), (113, 127), (113, 128), (113, 129), (113, 133), (113, 134), (113, 137), (113, 138), (113, 139), (113, 140), (113, 141), (113, 143), (113, 145), (113, 148), (114, 115), (114, 117), (114, 119), (114, 120), (114, 121), (114, 122), (114, 123), (114, 124), (114, 125), (114, 127), (114, 128), (114, 129), (114, 131), (114, 132), (114, 133), (114, 134), (114, 136), (114, 138), (114, 139), (114, 140), (114, 141), (114, 142), (114, 144), (114, 145), (114, 147), (114, 148), (115, 117), (115, 118), (115, 119), (115, 122), (115, 124), (115, 125), (115, 127), (115, 128), (115, 132), (115, 133), (115, 135), (115, 136), (115, 139), (115, 143), (115, 149), (116, 117), (116, 118), (116, 120), (116, 122), (116, 123), (116, 124), (116, 128), (116, 130), (116, 135), (116, 138), (116, 142), (116, 143), (116, 146), (116, 149), (117, 119), (117, 122), (117, 125), (117, 126), (117, 131), (117, 135), (117, 136), (117, 139), (117, 142), (117, 143), (117, 146), (118, 119), (118, 122), (118, 123), (118, 125), (118, 127), (118, 129), (118, 130), (118, 131), (118, 134), (118, 135), (118, 139), (118, 140), (118, 143), (118, 144), (118, 149), (119, 122), (119, 124), (119, 125), (119, 127), (119, 131), (119, 133), (119, 135), (119, 137), (119, 138), (119, 139), (119, 140), (119, 141), (119, 143), (119, 145), (119, 146), (119, 147), (119, 148), (119, 149), (120, 121), (120, 122), (120, 123), (120, 124), (120, 130), (120, 136), (120, 138), (120, 139), (120, 141), (120, 143), (120, 144), (120, 146), (120, 148), (120, 149), (121, 123), (121, 125), (121, 126), (121, 128), (121, 129), (121, 137), (121, 139), (121, 142), (121, 143), (121, 144), (121, 145), (121, 148), (121, 149), (122, 123), (122, 124), (122, 126), (122, 127), (122, 128), (122, 129), (122, 130), (122, 132), (122, 135), (122, 137), (122, 138), (122, 140), (122, 141), (122, 142), (122, 143), (122, 145), (122, 146), (122, 147), (123, 124), (123, 125), (123, 126), (123, 127), (123, 129), (123, 131), (123, 135), (123, 137), (123, 139), (123, 141), (123, 142), (123, 143), (123, 145), (123, 146), (123, 147), (124, 126), (124, 132), (124, 134), (124, 135), (124, 142), (124, 143), (124, 145), (124, 148), (125, 126), (125, 127), (125, 128), (125, 130), (125, 133), (125, 134), (125, 135), (125, 137), (125, 138), (125, 139), (125, 140), (125, 141), (125, 143), (125, 145), (125, 146), (125, 147), (125, 149), (126, 128), (126, 130), (126, 131), (126, 135), (126, 138), (126, 142), (126, 143), (126, 144), (126, 146), (126, 147), (127, 128), (127, 132), (127, 133), (127, 136), (127, 139), (127, 142), (127, 145), (127, 149), (128, 129), (128, 130), (128, 131), (128, 132), (128, 134), (128, 138), (128, 139), (128, 141), (128, 142), (128, 143), (128, 146), (128, 148), (128, 149), (129, 130), (129, 132), (129, 134), (129, 137), (129, 138), (129, 141), (129, 143), (129, 144), (129, 146), (129, 148), (129, 149), (130, 133), (130, 134), (130, 135), (130, 139), (130, 141), (130, 143), (130, 144), (130, 146), (130, 147), (130, 148), (130, 149), (131, 132), (131, 135), (131, 136), (131, 138), (131, 139), (131, 141), (131, 143), (131, 144), (131, 148), (132, 133), (132, 134), (132, 136), (132, 138), (132, 141), (132, 142), (132, 143), (132, 144), (132, 148), (133, 138), (133, 139), (133, 142), (133, 143), (133, 145), (133, 146), (133, 149), (134, 135), (134, 140), (134, 143), (134, 144), (134, 145), (134, 147), (134, 149), (135, 136), (135, 137), (135, 138), (135, 140), (135, 141), (135, 143), (135, 145), (135, 146), (135, 148), (136, 137), (136, 138), (136, 145), (136, 147), (137, 138), (137, 139), (137, 140), (137, 141), (137, 142), (137, 143), (137, 146), (138, 139), (138, 140), (138, 141), (138, 142), (138, 144), (138, 145), (138, 146), (138, 147), (138, 148), (139, 140), (139, 143), (139, 144), (139, 147), (139, 148), (139, 149), (140, 141), (140, 144), (140, 148), (140, 149), (141, 143), (141, 144), (141, 146), (141, 148), (142, 144), (142, 146), (142, 147), (143, 145), (143, 146), (143, 147), (143, 148), (144, 145), (144, 147), (144, 149), (145, 146), (145, 147), (145, 148), (146, 147), 
log2_p_plus:          -1.17521
log2_1_minus_p_plus:  -0.843784
log2_p_minus:         -1.17521
log2_1_minus_p_minus: -0.843784
p_plus:  0.44282
p_minus: 0.44282

  Beginning edge heuristic pre-computation...
  ...Finished edge heuristic pre-computation.
The special edge set gets a score of -9518.67

Beginning Iteration 1...
	Mutating
	Mating
	Scoring
...Finished iteration with a best score of -9429.28

Beginning Iteration 2...
	Mutating
	Mating
	Scoring
...Finished iteration with a best score of -9429.28

Beginning Iteration 3...
	Mutating
	Mating
	Scoring
...Finished iteration with a best score of -9429.28

Beginning Iteration 4...
	Mutating
	Mating
	Scoring
...Finished iteration with a best score of -9429.28

Beginning Iteration 5...
	Mutating
	Mating
	Scoring
...Finished iteration with a best score of -9429.28

Beginning Iteration 6...
	Mutating
	Mating
	Scoring
...Finished iteration with a best score of -9429.28

Beginning Iteration 7...
	Mutating
	Mating
	Scoring
...Finished iteration with a best score of -9429.28

Beginning Iteration 8...
	Mutating
	Mating
	Scoring
...Finished iteration with a best score of -9429.28

Beginning Iteration 9...
	Mutating
	Mating
	Scoring
...Finished iteration with a best score of -9429.28

Beginning Iteration 10...
	Mutating
	Mating
	Scoring
...Finished iteration with a best score of -9429.28

Beginning Iteration 11...
	Mutating
	Mating
	Scoring
...Finished iteration with a best score of -9429.28

Beginning Iteration 12...
	Mutating
	Mating
	Scoring
...Finished iteration with a best score of -9429.28

Beginning Iteration 13...
	Mutating
	Mating
	Scoring
...Finished iteration with a best score of -9429.28

Beginning Iteration 14...
	Mutating
	Mating
	Scoring
...Finished iteration with a best score of -9429.28

Beginning Iteration 15...
	Mutating
	Mating
	Scoring
...Finished iteration with a best score of -9429.28

Beginning Iteration 16...
	Mutating
	Mating
	Scoring
...Finished iteration with a best score of -9429.28

Beginning Iteration 17...
	Mutating
	Mating
	Scoring
...Finished iteration with a best score of -9429.28

Beginning Iteration 18...
	Mutating
	Mating
	Scoring
...Finished iteration with a best score of -9429.28

Beginning Iteration 19...
	Mutating
	Mating
	Scoring
...Finished iteration with a best score of -9429.28

Beginning Iteration 20...
	Mutating
	Mating
	Scoring
...Finished iteration with a best score of -9429.28

Beginning Iteration 21...
	Mutating
	Mating
	Scoring
...Finished iteration with a best score of -9429.28

Beginning Iteration 22...
	Mutating
	Mating
	Scoring
...Finished iteration with a best score of -9429.28

Beginning Iteration 23...
	Mutating
	Mating
	Scoring
...Finished iteration with a best score of -9429.28

Beginning Iteration 24...
	Mutating
	Mating
	Scoring
...Finished iteration with a best score of -9429.28

Beginning Iteration 25...
	Mutating
	Mating
	Scoring
...Finished iteration with a best score of -9429.28

Beginning Iteration 26...
	Mutating
	Mating
	Scoring
...Finished iteration with a best score of -9429.28

Beginning Iteration 27...
	Mutating
	Mating
	Scoring
...Finished iteration with a best score of -9429.28

Beginning Iteration 28...
	Mutating
	Mating
	Scoring
...Finished iteration with a best score of -9429.28

Beginning Iteration 29...
	Mutating
	Mating
	Scoring
...Finished iteration with a best score of -9429.28

Beginning Iteration 30...
	Mutating
	Mating
	Scoring
...Finished iteration with a best score of -9429.28

Beginning Iteration 31...
	Mutating
	Mating
	Scoring
...Finished iteration with a best score of -9429.28

Beginning Iteration 32...
	Mutating
	Mating
	Scoring
...Finished iteration with a best score of -9429.28

Beginning Iteration 33...
	Mutating
	Mating
	Scoring
...Finished iteration with a best score of -9429.28

Beginning Iteration 34...
	Mutating
	Mating
	Scoring
...Finished iteration with a best score of -9429.28

Beginning Iteration 35...
	Mutating
	Mating
	Scoring
...Finished iteration with a best score of -9429.28

Beginning Iteration 36...
	Mutating
	Mating
	Scoring
...Finished iteration with a best score of -9429.28

Beginning Iteration 37...
	Mutating
	Mating
	Scoring
...Finished iteration with a best score of -9429.28

Beginning Iteration 38...
	Mutating
	Mating
	Scoring
...Finished iteration with a best score of -9429.28

Beginning Iteration 39...
	Mutating
	Mating
	Scoring
...Finished iteration with a best score of -9429.28

Beginning Iteration 40...
	Mutating
	Mating
	Scoring
...Finished iteration with a best score of -9429.28

Beginning Iteration 41...
	Mutating
	Mating
	Scoring
...Finished iteration with a best score of -9429.28

Beginning Iteration 42...
	Mutating
	Mating
	Scoring
...Finished iteration with a best score of -9429.28

Beginning Iteration 43...
	Mutating
	Mating
	Scoring
...Finished iteration with a best score of -9429.28

Beginning Iteration 44...
	Mutating
	Mating
	Scoring
...Finished iteration with a best score of -9429.28

Beginning Iteration 45...
	Mutating
	Mating
	Scoring
...Finished iteration with a best score of -9429.28

Beginning Iteration 46...
	Mutating
	Mating
	Scoring
...Finished iteration with a best score of -9429.28

Beginning Iteration 47...
	Mutating
	Mating
	Scoring
...Finished iteration with a best score of -9429.28

Beginning Iteration 48...
	Mutating
	Mating
	Scoring
...Finished iteration with a best score of -9429.28

Beginning Iteration 49...
	Mutating
	Mating
	Scoring
...Finished iteration with a best score of -9429.28

Beginning Iteration 50...
	Mutating
	Mating
	Scoring
...Finished iteration with a best score of -9429.28

Beginning Iteration 51...
	Mutating
	Mating
	Scoring
...Finished iteration with a best score of -9429.28

Beginning Iteration 52...
	Mutating
	Mating
	Scoring
...Finished iteration with a best score of -9429.28

Beginning Iteration 53...
	Mutating
	Mating
	Scoring
...Finished iteration with a best score of -9429.28

Beginning Iteration 54...
	Mutating
	Mating
	Scoring
...Finished iteration with a best score of -9429.28

Beginning Iteration 55...
	Mutating
	Mating
	Scoring
...Finished iteration with a best score of -9429.28

Beginning Iteration 56...
	Mutating
	Mating
	Scoring
...Finished iteration with a best score of -9429.28

Beginning Iteration 57...
	Mutating
	Mating
	Scoring
...Finished iteration with a best score of -9429.28

Beginning Iteration 58...
	Mutating
	Mating
	Scoring
...Finished iteration with a best score of -9429.28

Beginning Iteration 59...
	Mutating
	Mating
	Scoring
...Finished iteration with a best score of -9429.28

Beginning Iteration 60...
	Mutating
	Mating
	Scoring
...Finished iteration with a best score of -9429.28

Beginning Iteration 61...
	Mutating
	Mating
	Scoring
...Finished iteration with a best score of -9429.28

Beginning Iteration 62...
	Mutating
	Mating
	Scoring
...Finished iteration with a best score of -9429.28

Beginning Iteration 63...
	Mutating
	Mating
	Scoring
...Finished iteration with a best score of -9429.28

Beginning Iteration 64...
	Mutating
	Mating
	Scoring
...Finished iteration with a best score of -9429.28

Beginning Iteration 65...
	Mutating
	Mating
	Scoring
...Finished iteration with a best score of -9429.28

Beginning Iteration 66...
	Mutating
	Mating
	Scoring
...Finished iteration with a best score of -9429.28

Beginning Iteration 67...
	Mutating
	Mating
	Scoring
...Finished iteration with a best score of -9429.28

Beginning Iteration 68...
	Mutating
	Mating
	Scoring
...Finished iteration with a best score of -9429.28

Beginning Iteration 69...
	Mutating
	Mating
	Scoring
...Finished iteration with a best score of -9429.28

Beginning Iteration 70...
	Mutating
	Mating
	Scoring
...Finished iteration with a best score of -9429.28

Beginning Iteration 71...
	Mutating
	Mating
	Scoring
...Finished iteration with a best score of -9429.28

Beginning Iteration 72...
	Mutating
	Mating
	Scoring
...Finished iteration with a best score of -9429.28

Beginning Iteration 73...
	Mutating
	Mating
	Scoring
...Finished iteration with a best score of -9429.28

Beginning Iteration 74...
	Mutating
	Mating
	Scoring
...Finished iteration with a best score of -9429.28

Beginning Iteration 75...
	Mutating
	Mating
	Scoring
...Finished iteration with a best score of -9429.28

Beginning Iteration 76...
	Mutating
	Mating
	Scoring
...Finished iteration with a best score of -9429.28

Beginning Iteration 77...
	Mutating
	Mating
	Scoring
...Finished iteration with a best score of -9429.28

Beginning Iteration 78...
	Mutating
	Mating
	Scoring
...Finished iteration with a best score of -9429.28

Beginning Iteration 79...
	Mutating
	Mating
	Scoring
...Finished iteration with a best score of -9429.28

Beginning Iteration 80...
	Mutating
	Mating
	Scoring
...Finished iteration with a best score of -9429.28

Beginning Iteration 81...
	Mutating
	Mating
	Scoring
...Finished iteration with a best score of -9429.28

Beginning Iteration 82...
	Mutating
	Mating
	Scoring
...Finished iteration with a best score of -9429.28

Beginning Iteration 83...
	Mutating
	Mating
	Scoring
...Finished iteration with a best score of -9429.28

Beginning Iteration 84...
	Mutating
	Mating
	Scoring
...Finished iteration with a best score of -9429.28

Beginning Iteration 85...
	Mutating
	Mating
	Scoring
...Finished iteration with a best score of -9429.28

Beginning Iteration 86...
	Mutating
	Mating
	Scoring
...Finished iteration with a best score of -9429.28

Beginning Iteration 87...
	Mutating
	Mating
	Scoring
...Finished iteration with a best score of -9429.28

Beginning Iteration 88...
	Mutating
	Mating
	Scoring
...Finished iteration with a best score of -9429.28

Beginning Iteration 89...
	Mutating
	Mating
	Scoring
...Finished iteration with a best score of -9429.28

Beginning Iteration 90...
	Mutating
	Mating
	Scoring
...Finished iteration with a best score of -9429.28

Beginning Iteration 91...
	Mutating
	Mating
	Scoring
...Finished iteration with a best score of -9429.28

Beginning Iteration 92...
	Mutating
	Mating
	Scoring
...Finished iteration with a best score of -9429.28

Beginning Iteration 93...
	Mutating
	Mating
	Scoring
...Finished iteration with a best score of -9429.28

Beginning Iteration 94...
	Mutating
	Mating
	Scoring
...Finished iteration with a best score of -9429.28

Beginning Iteration 95...
	Mutating
	Mating
	Scoring
...Finished iteration with a best score of -9429.28

Beginning Iteration 96...
	Mutating
	Mating
	Scoring
...Finished iteration with a best score of -9429.28

Beginning Iteration 97...
	Mutating
	Mating
	Scoring
...Finished iteration with a best score of -9429.28

Beginning Iteration 98...
	Mutating
	Mating
	Scoring
...Finished iteration with a best score of -9429.28

Beginning Iteration 99...
	Mutating
	Mating
	Scoring
...Finished iteration with a best score of -9429.28

Beginning Iteration 100...
	Mutating
	Mating
	Scoring
...Finished iteration with a best score of -9429.28

Beginning Iteration 101...
	Mutating
	Mating
	Scoring
...Finished iteration with a best score of -9429.28

Beginning Iteration 102...
	Mutating
	Mating
	Scoring
...Finished iteration with a best score of -9429.28

Beginning Iteration 103...
	Mutating
	Mating
	Scoring
...Finished iteration with a best score of -9429.28

Beginning Iteration 104...
	Mutating
	Mating
	Scoring
...Finished iteration with a best score of -9429.28

Beginning Iteration 105...
	Mutating
	Mating
	Scoring
...Finished iteration with a best score of -9429.28

Beginning Iteration 106...
	Mutating
	Mating
	Scoring
...Finished iteration with a best score of -9429.28

Beginning Iteration 107...
	Mutating
	Mating
	Scoring
...Finished iteration with a best score of -9429.28

Beginning Iteration 108...
	Mutating
	Mating
	Scoring
...Finished iteration with a best score of -9429.28

Beginning Iteration 109...
	Mutating
	Mating
	Scoring
...Finished iteration with a best score of -9429.28

Beginning Iteration 110...
	Mutating
	Mating
	Scoring
...Finished iteration with a best score of -9429.28

Beginning Iteration 111...
	Mutating
	Mating
	Scoring
...Finished iteration with a best score of -9429.28

Beginning Iteration 112...
	Mutating
	Mating
	Scoring
...Finished iteration with a best score of -9429.28

Beginning Iteration 113...
	Mutating
	Mating
	Scoring
...Finished iteration with a best score of -9429.28

Beginning Iteration 114...
	Mutating
	Mating
	Scoring
...Finished iteration with a best score of -9429.28

Beginning Iteration 115...
	Mutating
	Mating
	Scoring
...Finished iteration with a best score of -9429.28

Beginning Iteration 116...
	Mutating
	Mating
	Scoring
...Finished iteration with a best score of -9429.28

Beginning Iteration 117...
	Mutating
	Mating
	Scoring
...Finished iteration with a best score of -9429.28

Beginning Iteration 118...
	Mutating
	Mating
	Scoring
...Finished iteration with a best score of -9429.28

Beginning Iteration 119...
	Mutating
	Mating
	Scoring
...Finished iteration with a best score of -9429.28

Beginning Iteration 120...
	Mutating
	Mating
	Scoring
...Finished iteration with a best score of -9429.28

Beginning Iteration 121...
	Mutating
	Mating
	Scoring
...Finished iteration with a best score of -9429.28

Beginning Iteration 122...
	Mutating
	Mating
	Scoring
...Finished iteration with a best score of -9429.28

Beginning Iteration 123...
	Mutating
	Mating
	Scoring
...Finished iteration with a best score of -9429.28

Beginning Iteration 124...
	Mutating
	Mating
	Scoring
...Finished iteration with a best score of -9429.28

Beginning Iteration 125...
	Mutating
	Mating
	Scoring
...Finished iteration with a best score of -9429.28

Beginning Iteration 126...
	Mutating
	Mating
	Scoring
...Finished iteration with a best score of -9429.28

Beginning Iteration 127...
	Mutating
	Mating
	Scoring
...Finished iteration with a best score of -9429.28

Beginning Iteration 128...
	Mutating
	Mating
	Scoring
...Finished iteration with a best score of -9429.28

Beginning Iteration 129...
	Mutating
	Mating
	Scoring
...Finished iteration with a best score of -9429.28

Beginning Iteration 130...
	Mutating
	Mating
	Scoring
...Finished iteration with a best score of -9429.28

Beginning Iteration 131...
	Mutating
	Mating
	Scoring
...Finished iteration with a best score of -9429.28

Beginning Iteration 132...
	Mutating
	Mating
	Scoring
...Finished iteration with a best score of -9429.28

Beginning Iteration 133...
	Mutating
	Mating
	Scoring
...Finished iteration with a best score of -9429.28

Beginning Iteration 134...
	Mutating
	Mating
	Scoring
...Finished iteration with a best score of -9429.28

Beginning Iteration 135...
	Mutating
	Mating
	Scoring
...Finished iteration with a best score of -9429.28

Beginning Iteration 136...
	Mutating
	Mating
	Scoring
...Finished iteration with a best score of -9429.28

Beginning Iteration 137...
	Mutating
	Mating
	Scoring
...Finished iteration with a best score of -9429.28

Beginning Iteration 138...
	Mutating
	Mating
	Scoring
...Finished iteration with a best score of -9429.28

Beginning Iteration 139...
	Mutating
	Mating
	Scoring
...Finished iteration with a best score of -9429.28

Beginning Iteration 140...
	Mutating
	Mating
	Scoring
...Finished iteration with a best score of -9429.28

Beginning Iteration 141...
	Mutating
	Mating
	Scoring
...Finished iteration with a best score of -9429.28

Beginning Iteration 142...
	Mutating
	Mating
	Scoring
...Finished iteration with a best score of -9429.28

Beginning Iteration 143...
	Mutating
	Mating
	Scoring
...Finished iteration with a best score of -9429.28

Beginning Iteration 144...
	Mutating
	Mating
	Scoring
...Finished iteration with a best score of -9429.28

Beginning Iteration 145...
	Mutating
	Mating
	Scoring
...Finished iteration with a best score of -9429.28

Beginning Iteration 146...
	Mutating
	Mating
	Scoring
...Finished iteration with a best score of -9429.28

Beginning Iteration 147...
	Mutating
	Mating
	Scoring
...Finished iteration with a best score of -9429.28

Beginning Iteration 148...
	Mutating
	Mating
	Scoring
...Finished iteration with a best score of -9429.28

Beginning Iteration 149...
	Mutating
	Mating
	Scoring
...Finished iteration with a best score of -9429.28

Beginning Iteration 150...
	Mutating
	Mating
	Scoring
...Finished iteration with a best score of -9429.28

With a score of -9429.28 we have log2(|Aut(G_H)|) of 0
With edges: 


With a score of -9429.61 we have log2(|Aut(G_H)|) of 0
With edges: 
(12, 104), 

With a score of -9429.61 we have log2(|Aut(G_H)|) of 0
With edges: 
(2, 42), 

With a score of -9429.61 we have log2(|Aut(G_H)|) of 0
With edges: 
(131, 133), 

With a score of -9429.61 we have log2(|Aut(G_H)|) of 0
With edges: 
(0, 134), 

With a score of -9429.61 we have log2(|Aut(G_H)|) of 0
With edges: 
(56, 95), 

With a score of -9429.61 we have log2(|Aut(G_H)|) of 0
With edges: 
(50, 110), 

With a score of -9429.61 we have log2(|Aut(G_H)|) of 0
With edges: 
(62, 129), 

With a score of -9429.61 we have log2(|Aut(G_H)|) of 0
With edges: 
(121, 134), 

With a score of -9429.61 we have log2(|Aut(G_H)|) of 0
With edges: 
(41, 48), 

