Loading graph from files:
    
    clique_150.txt
  ...graph loaded. It has 150 nodes and 11175 edges, 0 of which are self-loops.

The original graph has log2_aut = 872.86
Running for 150 iterations per trial...
Trial 0 for (noise-, noise+) = (0.5, -nan)


Adding: 

Removing: (0, 2), (0, 3), (0, 4), (0, 6), (0, 8), (0, 9), (0, 10), (0, 11), (0, 12), (0, 13), (0, 14), (0, 16), (0, 18), (0, 20), (0, 30), (0, 31), (0, 33), (0, 35), (0, 36), (0, 39), (0, 42), (0, 43), (0, 45), (0, 47), (0, 48), (0, 49), (0, 54), (0, 58), (0, 60), (0, 61), (0, 62), (0, 63), (0, 67), (0, 71), (0, 74), (0, 76), (0, 78), (0, 81), (0, 82), (0, 83), (0, 84), (0, 87), (0, 90), (0, 91), (0, 93), (0, 94), (0, 95), (0, 97), (0, 98), (0, 100), (0, 101), (0, 103), (0, 109), (0, 110), (0, 111), (0, 112), (0, 116), (0, 117), (0, 119), (0, 120), (0, 121), (0, 122), (0, 124), (0, 126), (0, 128), (0, 134), (0, 136), (0, 137), (0, 138), (0, 141), (0, 147), (0, 148), (1, 2), (1, 3), (1, 7), (1, 12), (1, 14), (1, 16), (1, 17), (1, 18), (1, 19), (1, 20), (1, 24), (1, 26), (1, 27), (1, 29), (1, 30), (1, 31), (1, 32), (1, 33), (1, 35), (1, 36), (1, 39), (1, 43), (1, 44), (1, 46), (1, 49), (1, 50), (1, 53), (1, 55), (1, 56), (1, 57), (1, 58), (1, 60), (1, 61), (1, 62), (1, 63), (1, 65), (1, 66), (1, 67), (1, 71), (1, 72), (1, 73), (1, 74), (1, 76), (1, 78), (1, 79), (1, 81), (1, 84), (1, 86), (1, 87), (1, 88), (1, 89), (1, 91), (1, 92), (1, 93), (1, 94), (1, 96), (1, 98), (1, 99), (1, 100), (1, 102), (1, 104), (1, 105), (1, 107), (1, 110), (1, 112), (1, 116), (1, 119), (1, 125), (1, 126), (1, 127), (1, 128), (1, 134), (1, 137), (1, 140), (1, 142), (1, 143), (1, 144), (1, 147), (1, 148), (2, 5), (2, 6), (2, 7), (2, 8), (2, 10), (2, 11), (2, 12), (2, 14), (2, 17), (2, 18), (2, 19), (2, 24), (2, 25), (2, 26), (2, 27), (2, 32), (2, 34), (2, 37), (2, 41), (2, 42), (2, 43), (2, 46), (2, 49), (2, 51), (2, 57), (2, 59), (2, 61), (2, 62), (2, 65), (2, 67), (2, 68), (2, 69), (2, 75), (2, 77), (2, 78), (2, 80), (2, 81), (2, 82), (2, 83), (2, 86), (2, 89), (2, 100), (2, 103), (2, 107), (2, 108), (2, 112), (2, 114), (2, 115), (2, 117), (2, 119), (2, 126), (2, 132), (2, 135), (2, 136), (2, 137), (2, 138), (2, 139), (2, 144), (2, 146), (2, 147), (3, 5), (3, 7), (3, 8), (3, 9), (3, 11), (3, 13), (3, 16), (3, 17), (3, 18), (3, 24), (3, 25), (3, 26), (3, 30), (3, 31), (3, 34), (3, 38), (3, 39), (3, 40), (3, 43), (3, 46), (3, 47), (3, 49), (3, 50), (3, 52), (3, 53), (3, 54), (3, 55), (3, 56), (3, 59), (3, 60), (3, 61), (3, 65), (3, 69), (3, 75), (3, 76), (3, 77), (3, 79), (3, 81), (3, 85), (3, 90), (3, 91), (3, 93), (3, 94), (3, 95), (3, 96), (3, 99), (3, 100), (3, 105), (3, 108), (3, 109), (3, 115), (3, 116), (3, 118), (3, 119), (3, 124), (3, 125), (3, 128), (3, 129), (3, 131), (3, 136), (3, 139), (3, 141), (3, 142), (3, 143), (3, 144), (3, 145), (3, 147), (4, 5), (4, 6), (4, 8), (4, 9), (4, 13), (4, 14), (4, 15), (4, 18), (4, 19), (4, 22), (4, 24), (4, 26), (4, 27), (4, 28), (4, 29), (4, 31), (4, 38), (4, 41), (4, 42), (4, 43), (4, 44), (4, 45), (4, 46), (4, 47), (4, 50), (4, 52), (4, 55), (4, 56), (4, 57), (4, 59), (4, 62), (4, 64), (4, 65), (4, 66), (4, 67), (4, 70), (4, 71), (4, 72), (4, 73), (4, 74), (4, 77), (4, 78), (4, 80), (4, 83), (4, 85), (4, 86), (4, 87), (4, 88), (4, 90), (4, 98), (4, 99), (4, 101), (4, 103), (4, 105), (4, 108), (4, 109), (4, 110), (4, 113), (4, 114), (4, 116), (4, 120), (4, 122), (4, 123), (4, 125), (4, 126), (4, 127), (4, 128), (4, 130), (4, 131), (4, 133), (4, 134), (4, 136), (4, 141), (4, 143), (4, 144), (4, 145), (4, 146), (4, 147), (5, 6), (5, 7), (5, 9), (5, 11), (5, 14), (5, 15), (5, 17), (5, 20), (5, 21), (5, 23), (5, 26), (5, 28), (5, 31), (5, 32), (5, 42), (5, 44), (5, 46), (5, 49), (5, 50), (5, 53), (5, 55), (5, 56), (5, 58), (5, 59), (5, 60), (5, 61), (5, 65), (5, 69), (5, 70), (5, 75), (5, 76), (5, 77), (5, 79), (5, 83), (5, 84), (5, 85), (5, 86), (5, 87), (5, 88), (5, 89), (5, 91), (5, 92), (5, 93), (5, 94), (5, 95), (5, 96), (5, 102), (5, 103), (5, 104), (5, 107), (5, 108), (5, 109), (5, 110), (5, 111), (5, 112), (5, 113), (5, 114), (5, 116), (5, 118), (5, 119), (5, 121), (5, 127), (5, 129), (5, 130), (5, 131), (5, 133), (5, 134), (5, 136), (5, 138), (5, 140), (5, 142), (5, 148), (6, 14), (6, 16), (6, 22), (6, 23), (6, 25), (6, 27), (6, 28), (6, 31), (6, 35), (6, 36), (6, 37), (6, 38), (6, 39), (6, 40), (6, 41), (6, 42), (6, 45), (6, 48), (6, 50), (6, 52), (6, 58), (6, 59), (6, 60), (6, 63), (6, 64), (6, 66), (6, 67), (6, 68), (6, 69), (6, 70), (6, 71), (6, 74), (6, 75), (6, 80), (6, 81), (6, 82), (6, 83), (6, 84), (6, 85), (6, 87), (6, 88), (6, 90), (6, 92), (6, 93), (6, 94), (6, 101), (6, 104), (6, 107), (6, 109), (6, 113), (6, 114), (6, 115), (6, 117), (6, 120), (6, 121), (6, 122), (6, 123), (6, 125), (6, 126), (6, 129), (6, 130), (6, 133), (6, 134), (6, 137), (6, 139), (6, 143), (6, 144), (6, 145), (6, 147), (7, 8), (7, 12), (7, 16), (7, 17), (7, 19), (7, 20), (7, 24), (7, 25), (7, 27), (7, 30), (7, 31), (7, 32), (7, 37), (7, 45), (7, 46), (7, 47), (7, 48), (7, 50), (7, 53), (7, 56), (7, 57), (7, 58), (7, 61), (7, 64), (7, 67), (7, 68), (7, 71), (7, 72), (7, 74), (7, 76), (7, 77), (7, 79), (7, 80), (7, 82), (7, 84), (7, 96), (7, 98), (7, 99), (7, 103), (7, 104), (7, 105), (7, 106), (7, 108), (7, 109), (7, 110), (7, 113), (7, 115), (7, 116), (7, 117), (7, 118), (7, 120), (7, 121), (7, 123), (7, 128), (7, 131), (7, 132), (7, 134), (7, 135), (7, 137), (7, 139), (7, 144), (7, 145), (7, 148), (8, 9), (8, 10), (8, 11), (8, 14), (8, 15), (8, 16), (8, 17), (8, 20), (8, 21), (8, 22), (8, 24), (8, 26), (8, 30), (8, 31), (8, 35), (8, 36), (8, 37), (8, 38), (8, 39), (8, 40), (8, 41), (8, 42), (8, 44), (8, 45), (8, 49), (8, 51), (8, 52), (8, 53), (8, 54), (8, 55), (8, 56), (8, 57), (8, 59), (8, 63), (8, 64), (8, 65), (8, 66), (8, 67), (8, 68), (8, 70), (8, 71), (8, 72), (8, 74), (8, 75), (8, 78), (8, 79), (8, 80), (8, 82), (8, 83), (8, 85), (8, 89), (8, 92), (8, 95), (8, 96), (8, 97), (8, 98), (8, 100), (8, 101), (8, 102), (8, 103), (8, 104), (8, 105), (8, 108), (8, 111), (8, 116), (8, 117), (8, 118), (8, 121), (8, 122), (8, 124), (8, 129), (8, 134), (8, 144), (8, 147), (8, 149), (9, 10), (9, 11), (9, 12), (9, 15), (9, 16), (9, 22), (9, 23), (9, 24), (9, 25), (9, 26), (9, 29), (9, 31), (9, 33), (9, 34), (9, 37), (9, 38), (9, 39), (9, 42), (9, 44), (9, 47), (9, 51), (9, 52), (9, 53), (9, 56), (9, 58), (9, 59), (9, 61), (9, 62), (9, 67), (9, 69), (9, 71), (9, 72), (9, 77), (9, 81), (9, 82), (9, 83), (9, 85), (9, 86), (9, 90), (9, 94), (9, 96), (9, 97), (9, 98), (9, 100), (9, 101), (9, 102), (9, 103), (9, 106), (9, 107), (9, 111), (9, 114), (9, 115), (9, 118), (9, 122), (9, 123), (9, 125), (9, 128), (9, 133), (9, 135), (9, 136), (9, 140), (9, 141), (9, 142), (9, 143), (9, 144), (9, 146), (9, 148), (10, 12), (10, 13), (10, 14), (10, 19), (10, 20), (10, 23), (10, 30), (10, 32), (10, 34), (10, 36), (10, 38), (10, 40), (10, 42), (10, 43), (10, 44), (10, 45), (10, 46), (10, 48), (10, 49), (10, 51), (10, 53), (10, 58), (10, 61), (10, 62), (10, 63), (10, 64), (10, 65), (10, 66), (10, 70), (10, 74), (10, 75), (10, 77), (10, 80), (10, 82), (10, 85), (10, 88), (10, 91), (10, 93), (10, 95), (10, 97), (10, 98), (10, 102), (10, 104), (10, 109), (10, 111), (10, 112), (10, 113), (10, 115), (10, 118), (10, 123), (10, 125), (10, 126), (10, 127), (10, 128), (10, 129), (10, 130), (10, 133), (10, 134), (10, 136), (10, 138), (10, 139), (10, 140), (10, 143), (10, 144), (10, 146), (10, 149), (11, 12), (11, 13), (11, 18), (11, 19), (11, 26), (11, 27), (11, 29), (11, 37), (11, 38), (11, 40), (11, 44), (11, 48), (11, 49), (11, 51), (11, 54), (11, 56), (11, 63), (11, 71), (11, 72), (11, 74), (11, 75), (11, 76), (11, 79), (11, 80), (11, 81), (11, 83), (11, 86), (11, 91), (11, 92), (11, 93), (11, 96), (11, 98), (11, 100), (11, 101), (11, 102), (11, 103), (11, 106), (11, 109), (11, 112), (11, 113), (11, 114), (11, 119), (11, 122), (11, 124), (11, 125), (11, 128), (11, 129), (11, 130), (11, 133), (11, 134), (11, 136), (11, 137), (11, 138), (11, 139), (11, 142), (11, 143), (11, 145), (11, 148), (11, 149), (12, 13), (12, 14), (12, 16), (12, 17), (12, 21), (12, 22), (12, 24), (12, 25), (12, 26), (12, 27), (12, 32), (12, 33), (12, 35), (12, 37), (12, 40), (12, 41), (12, 43), (12, 44), (12, 45), (12, 47), (12, 49), (12, 50), (12, 52), (12, 53), (12, 54), (12, 57), (12, 58), (12, 60), (12, 62), (12, 63), (12, 64), (12, 65), (12, 67), (12, 68), (12, 71), (12, 74), (12, 75), (12, 79), (12, 80), (12, 85), (12, 86), (12, 88), (12, 90), (12, 94), (12, 95), (12, 96), (12, 98), (12, 99), (12, 101), (12, 104), (12, 105), (12, 107), (12, 117), (12, 118), (12, 119), (12, 120), (12, 121), (12, 123), (12, 124), (12, 125), (12, 126), (12, 128), (12, 132), (12, 133), (12, 136), (12, 139), (12, 140), (12, 141), (12, 149), (13, 15), (13, 17), (13, 20), (13, 21), (13, 22), (13, 23), (13, 26), (13, 28), (13, 29), (13, 32), (13, 35), (13, 37), (13, 38), (13, 41), (13, 49), (13, 50), (13, 51), (13, 52), (13, 55), (13, 56), (13, 58), (13, 59), (13, 63), (13, 64), (13, 66), (13, 67), (13, 69), (13, 76), (13, 78), (13, 83), (13, 84), (13, 85), (13, 87), (13, 88), (13, 90), (13, 91), (13, 94), (13, 95), (13, 98), (13, 102), (13, 103), (13, 106), (13, 108), (13, 113), (13, 116), (13, 120), (13, 121), (13, 122), (13, 127), (13, 129), (13, 130), (13, 132), (13, 134), (13, 136), (13, 138), (13, 139), (13, 141), (13, 142), (13, 143), (13, 144), (13, 145), (13, 148), (14, 15), (14, 16), (14, 17), (14, 21), (14, 22), (14, 25), (14, 26), (14, 31), (14, 32), (14, 33), (14, 34), (14, 37), (14, 42), (14, 46), (14, 53), (14, 54), (14, 55), (14, 58), (14, 60), (14, 64), (14, 66), (14, 68), (14, 69), (14, 73), (14, 74), (14, 75), (14, 77), (14, 78), (14, 82), (14, 87), (14, 89), (14, 91), (14, 92), (14, 93), (14, 96), (14, 97), (14, 99), (14, 101), (14, 104), (14, 106), (14, 107), (14, 110), (14, 111), (14, 112), (14, 113), (14, 114), (14, 115), (14, 116), (14, 117), (14, 121), (14, 122), (14, 123), (14, 124), (14, 126), (14, 128), (14, 129), (14, 131), (14, 134), (14, 136), (14, 138), (14, 142), (14, 145), (14, 146), (15, 16), (15, 18), (15, 19), (15, 22), (15, 23), (15, 24), (15, 25), (15, 26), (15, 27), (15, 32), (15, 33), (15, 35), (15, 36), (15, 38), (15, 39), (15, 40), (15, 42), (15, 43), (15, 44), (15, 48), (15, 50), (15, 51), (15, 53), (15, 54), (15, 55), (15, 60), (15, 62), (15, 63), (15, 68), (15, 70), (15, 71), (15, 74), (15, 76), (15, 77), (15, 79), (15, 82), (15, 84), (15, 85), (15, 86), (15, 88), (15, 90), (15, 93), (15, 97), (15, 98), (15, 100), (15, 101), (15, 104), (15, 105), (15, 106), (15, 108), (15, 110), (15, 116), (15, 117), (15, 121), (15, 124), (15, 125), (15, 126), (15, 128), (15, 129), (15, 131), (15, 133), (15, 135), (15, 136), (15, 141), (15, 147), (15, 148), (15, 149), (16, 17), (16, 18), (16, 22), (16, 24), (16, 27), (16, 29), (16, 31), (16, 32), (16, 34), (16, 37), (16, 39), (16, 40), (16, 41), (16, 42), (16, 45), (16, 46), (16, 47), (16, 48), (16, 49), (16, 51), (16, 52), (16, 53), (16, 55), (16, 57), (16, 58), (16, 60), (16, 63), (16, 64), (16, 67), (16, 69), (16, 70), (16, 71), (16, 73), (16, 76), (16, 78), (16, 89), (16, 91), (16, 92), (16, 93), (16, 95), (16, 97), (16, 98), (16, 100), (16, 103), (16, 106), (16, 109), (16, 110), (16, 112), (16, 114), (16, 115), (16, 120), (16, 122), (16, 124), (16, 125), (16, 130), (16, 131), (16, 134), (16, 136), (16, 137), (16, 142), (16, 144), (16, 145), (16, 146), (16, 147), (16, 148), (16, 149), (17, 19), (17, 22), (17, 23), (17, 25), (17, 27), (17, 29), (17, 31), (17, 35), (17, 36), (17, 37), (17, 40), (17, 44), (17, 48), (17, 51), (17, 55), (17, 56), (17, 59), (17, 60), (17, 63), (17, 68), (17, 69), (17, 71), (17, 73), (17, 74), (17, 76), (17, 78), (17, 79), (17, 80), (17, 82), (17, 83), (17, 84), (17, 85), (17, 93), (17, 94), (17, 95), (17, 96), (17, 97), (17, 98), (17, 99), (17, 100), (17, 103), (17, 104), (17, 107), (17, 108), (17, 109), (17, 111), (17, 113), (17, 114), (17, 117), (17, 118), (17, 122), (17, 124), (17, 126), (17, 127), (17, 128), (17, 130), (17, 131), (17, 132), (17, 133), (17, 134), (17, 138), (17, 140), (17, 141), (17, 142), (17, 143), (18, 19), (18, 20), (18, 21), (18, 23), (18, 25), (18, 26), (18, 28), (18, 30), (18, 32), (18, 34), (18, 35), (18, 36), (18, 38), (18, 41), (18, 45), (18, 46), (18, 49), (18, 50), (18, 53), (18, 54), (18, 56), (18, 57), (18, 59), (18, 60), (18, 62), (18, 63), (18, 64), (18, 65), (18, 67), (18, 69), (18, 70), (18, 71), (18, 72), (18, 73), (18, 74), (18, 76), (18, 77), (18, 78), (18, 79), (18, 82), (18, 83), (18, 84), (18, 85), (18, 88), (18, 89), (18, 95), (18, 97), (18, 99), (18, 100), (18, 101), (18, 104), (18, 107), (18, 109), (18, 110), (18, 114), (18, 116), (18, 117), (18, 119), (18, 120), (18, 121), (18, 122), (18, 123), (18, 128), (18, 130), (18, 131), (18, 134), (18, 135), (18, 136), (18, 138), (18, 142), (18, 143), (18, 144), (18, 147), (18, 148), (19, 20), (19, 21), (19, 22), (19, 26), (19, 27), (19, 28), (19, 29), (19, 30), (19, 31), (19, 35), (19, 36), (19, 39), (19, 40), (19, 42), (19, 44), (19, 45), (19, 49), (19, 50), (19, 54), (19, 55), (19, 57), (19, 58), (19, 59), (19, 60), (19, 61), (19, 62), (19, 66), (19, 68), (19, 70), (19, 71), (19, 72), (19, 73), (19, 77), (19, 80), (19, 82), (19, 84), (19, 87), (19, 88), (19, 91), (19, 93), (19, 94), (19, 97), (19, 99), (19, 100), (19, 101), (19, 104), (19, 105), (19, 107), (19, 111), (19, 112), (19, 114), (19, 115), (19, 117), (19, 118), (19, 119), (19, 120), (19, 121), (19, 124), (19, 125), (19, 129), (19, 130), (19, 131), (19, 132), (19, 133), (19, 134), (19, 135), (19, 138), (19, 139), (19, 142), (19, 143), (19, 144), (19, 145), (19, 149), (20, 22), (20, 24), (20, 25), (20, 28), (20, 29), (20, 31), (20, 33), (20, 34), (20, 35), (20, 36), (20, 39), (20, 40), (20, 41), (20, 42), (20, 43), (20, 45), (20, 46), (20, 47), (20, 48), (20, 50), (20, 53), (20, 56), (20, 57), (20, 60), (20, 61), (20, 62), (20, 64), (20, 66), (20, 67), (20, 70), (20, 74), (20, 76), (20, 78), (20, 80), (20, 81), (20, 82), (20, 83), (20, 86), (20, 87), (20, 88), (20, 89), (20, 90), (20, 91), (20, 95), (20, 98), (20, 99), (20, 101), (20, 104), (20, 108), (20, 109), (20, 110), (20, 113), (20, 114), (20, 118), (20, 119), (20, 120), (20, 122), (20, 123), (20, 126), (20, 127), (20, 130), (20, 133), (20, 135), (20, 136), (20, 137), (20, 138), (20, 141), (20, 144), (20, 145), (20, 147), (20, 149), (21, 25), (21, 28), (21, 31), (21, 32), (21, 33), (21, 37), (21, 38), (21, 40), (21, 41), (21, 42), (21, 43), (21, 44), (21, 48), (21, 49), (21, 50), (21, 53), (21, 56), (21, 57), (21, 58), (21, 59), (21, 61), (21, 63), (21, 65), (21, 71), (21, 72), (21, 73), (21, 76), (21, 78), (21, 79), (21, 80), (21, 81), (21, 83), (21, 86), (21, 87), (21, 88), (21, 89), (21, 93), (21, 96), (21, 97), (21, 98), (21, 100), (21, 101), (21, 102), (21, 103), (21, 105), (21, 110), (21, 112), (21, 113), (21, 115), (21, 118), (21, 122), (21, 124), (21, 133), (21, 135), (21, 137), (21, 138), (21, 141), (21, 143), (21, 144), (21, 145), (21, 147), (22, 23), (22, 25), (22, 27), (22, 28), (22, 32), (22, 33), (22, 34), (22, 37), (22, 39), (22, 40), (22, 42), (22, 45), (22, 46), (22, 47), (22, 49), (22, 53), (22, 55), (22, 56), (22, 57), (22, 59), (22, 62), (22, 65), (22, 66), (22, 71), (22, 72), (22, 73), (22, 79), (22, 80), (22, 81), (22, 84), (22, 85), (22, 86), (22, 87), (22, 88), (22, 89), (22, 90), (22, 92), (22, 95), (22, 99), (22, 102), (22, 106), (22, 107), (22, 110), (22, 111), (22, 112), (22, 114), (22, 119), (22, 120), (22, 122), (22, 123), (22, 127), (22, 128), (22, 129), (22, 133), (22, 134), (22, 140), (22, 144), (22, 145), (22, 147), (23, 24), (23, 26), (23, 28), (23, 32), (23, 35), (23, 36), (23, 39), (23, 41), (23, 43), (23, 47), (23, 48), (23, 49), (23, 51), (23, 52), (23, 53), (23, 55), (23, 57), (23, 60), (23, 61), (23, 64), (23, 65), (23, 66), (23, 68), (23, 73), (23, 74), (23, 75), (23, 77), (23, 79), (23, 80), (23, 82), (23, 87), (23, 89), (23, 92), (23, 93), (23, 94), (23, 99), (23, 100), (23, 105), (23, 106), (23, 107), (23, 110), (23, 111), (23, 112), (23, 113), (23, 115), (23, 117), (23, 118), (23, 119), (23, 120), (23, 122), (23, 124), (23, 125), (23, 127), (23, 133), (23, 136), (23, 138), (23, 139), (23, 140), (23, 146), (23, 147), (23, 148), (24, 26), (24, 27), (24, 28), (24, 29), (24, 30), (24, 32), (24, 33), (24, 35), (24, 36), (24, 39), (24, 40), (24, 41), (24, 42), (24, 43), (24, 44), (24, 46), (24, 48), (24, 50), (24, 51), (24, 52), (24, 55), (24, 59), (24, 62), (24, 64), (24, 66), (24, 67), (24, 69), (24, 70), (24, 71), (24, 73), (24, 75), (24, 77), (24, 79), (24, 84), (24, 85), (24, 86), (24, 89), (24, 90), (24, 92), (24, 93), (24, 98), (24, 101), (24, 102), (24, 104), (24, 105), (24, 106), (24, 107), (24, 110), (24, 114), (24, 115), (24, 116), (24, 117), (24, 118), (24, 119), (24, 120), (24, 121), (24, 124), (24, 125), (24, 127), (24, 129), (24, 131), (24, 133), (24, 135), (24, 136), (24, 137), (24, 138), (24, 139), (24, 140), (24, 141), (24, 143), (24, 144), (24, 145), (24, 149), (25, 26), (25, 27), (25, 28), (25, 29), (25, 31), (25, 32), (25, 35), (25, 36), (25, 37), (25, 38), (25, 39), (25, 40), (25, 41), (25, 43), (25, 44), (25, 46), (25, 50), (25, 55), (25, 56), (25, 59), (25, 63), (25, 64), (25, 65), (25, 67), (25, 69), (25, 71), (25, 73), (25, 77), (25, 78), (25, 79), (25, 80), (25, 83), (25, 86), (25, 87), (25, 88), (25, 90), (25, 92), (25, 98), (25, 100), (25, 102), (25, 103), (25, 104), (25, 106), (25, 107), (25, 108), (25, 111), (25, 113), (25, 116), (25, 117), (25, 118), (25, 119), (25, 120), (25, 123), (25, 124), (25, 126), (25, 127), (25, 132), (25, 134), (25, 136), (25, 143), (25, 146), (25, 149), (26, 27), (26, 31), (26, 32), (26, 34), (26, 39), (26, 46), (26, 48), (26, 50), (26, 51), (26, 53), (26, 54), (26, 55), (26, 57), (26, 60), (26, 61), (26, 62), (26, 63), (26, 68), (26, 72), (26, 75), (26, 83), (26, 85), (26, 88), (26, 90), (26, 91), (26, 96), (26, 98), (26, 99), (26, 102), (26, 103), (26, 104), (26, 109), (26, 110), (26, 111), (26, 113), (26, 115), (26, 120), (26, 121), (26, 125), (26, 127), (26, 128), (26, 136), (26, 139), (26, 141), (26, 142), (26, 144), (27, 28), (27, 31), (27, 33), (27, 34), (27, 37), (27, 40), (27, 41), (27, 43), (27, 44), (27, 46), (27, 47), (27, 48), (27, 50), (27, 51), (27, 52), (27, 54), (27, 56), (27, 57), (27, 59), (27, 64), (27, 69), (27, 72), (27, 74), (27, 75), (27, 76), (27, 77), (27, 78), (27, 81), (27, 83), (27, 85), (27, 86), (27, 87), (27, 88), (27, 92), (27, 93), (27, 95), (27, 98), (27, 102), (27, 103), (27, 109), (27, 111), (27, 112), (27, 116), (27, 117), (27, 120), (27, 121), (27, 122), (27, 125), (27, 126), (27, 127), (27, 132), (27, 134), (27, 136), (27, 138), (27, 139), (27, 141), (27, 142), (27, 143), (27, 147), (27, 148), (28, 34), (28, 35), (28, 37), (28, 38), (28, 39), (28, 41), (28, 44), (28, 45), (28, 46), (28, 50), (28, 51), (28, 55), (28, 59), (28, 60), (28, 62), (28, 66), (28, 67), (28, 70), (28, 71), (28, 73), (28, 74), (28, 75), (28, 76), (28, 78), (28, 79), (28, 82), (28, 83), (28, 85), (28, 87), (28, 91), (28, 92), (28, 93), (28, 94), (28, 103), (28, 104), (28, 105), (28, 106), (28, 107), (28, 108), (28, 109), (28, 110), (28, 111), (28, 113), (28, 115), (28, 117), (28, 118), (28, 120), (28, 121), (28, 122), (28, 123), (28, 126), (28, 128), (28, 132), (28, 133), (28, 135), (28, 138), (28, 140), (28, 141), (28, 142), (28, 143), (28, 144), (28, 145), (28, 148), (29, 30), (29, 32), (29, 34), (29, 35), (29, 36), (29, 37), (29, 38), (29, 40), (29, 42), (29, 45), (29, 46), (29, 47), (29, 49), (29, 51), (29, 52), (29, 54), (29, 57), (29, 58), (29, 61), (29, 62), (29, 63), (29, 64), (29, 68), (29, 69), (29, 72), (29, 73), (29, 74), (29, 75), (29, 76), (29, 78), (29, 81), (29, 87), (29, 88), (29, 92), (29, 93), (29, 94), (29, 95), (29, 96), (29, 98), (29, 99), (29, 100), (29, 101), (29, 102), (29, 103), (29, 106), (29, 108), (29, 109), (29, 111), (29, 113), (29, 114), (29, 115), (29, 117), (29, 119), (29, 120), (29, 122), (29, 123), (29, 124), (29, 125), (29, 126), (29, 128), (29, 130), (29, 134), (29, 135), (29, 137), (29, 139), (29, 141), (29, 144), (29, 145), (29, 146), (29, 147), (30, 33), (30, 36), (30, 37), (30, 38), (30, 40), (30, 42), (30, 45), (30, 46), (30, 48), (30, 49), (30, 52), (30, 57), (30, 61), (30, 62), (30, 63), (30, 64), (30, 68), (30, 69), (30, 71), (30, 73), (30, 74), (30, 77), (30, 79), (30, 81), (30, 84), (30, 87), (30, 90), (30, 93), (30, 94), (30, 96), (30, 97), (30, 98), (30, 99), (30, 100), (30, 105), (30, 107), (30, 109), (30, 110), (30, 113), (30, 117), (30, 122), (30, 124), (30, 125), (30, 128), (30, 130), (30, 134), (30, 135), (30, 145), (30, 146), (30, 148), (31, 33), (31, 39), (31, 40), (31, 43), (31, 44), (31, 46), (31, 50), (31, 51), (31, 52), (31, 54), (31, 55), (31, 56), (31, 57), (31, 58), (31, 61), (31, 62), (31, 63), (31, 65), (31, 68), (31, 70), (31, 71), (31, 77), (31, 79), (31, 81), (31, 83), (31, 84), (31, 86), (31, 87), (31, 90), (31, 92), (31, 93), (31, 95), (31, 96), (31, 99), (31, 102), (31, 103), (31, 104), (31, 108), (31, 109), (31, 112), (31, 113), (31, 117), (31, 119), (31, 120), (31, 121), (31, 122), (31, 123), (31, 124), (31, 126), (31, 127), (31, 130), (31, 132), (31, 135), (31, 136), (31, 137), (31, 138), (31, 139), (31, 140), (31, 141), (31, 144), (31, 147), (32, 34), (32, 35), (32, 37), (32, 40), (32, 41), (32, 42), (32, 43), (32, 44), (32, 45), (32, 46), (32, 48), (32, 49), (32, 51), (32, 52), (32, 53), (32, 60), (32, 61), (32, 64), (32, 65), (32, 66), (32, 72), (32, 73), (32, 74), (32, 75), (32, 77), (32, 78), (32, 82), (32, 83), (32, 88), (32, 89), (32, 90), (32, 91), (32, 92), (32, 93), (32, 95), (32, 97), (32, 98), (32, 99), (32, 102), (32, 103), (32, 106), (32, 107), (32, 109), (32, 110), (32, 112), (32, 113), (32, 116), (32, 118), (32, 119), (32, 120), (32, 126), (32, 127), (32, 129), (32, 131), (32, 136), (32, 138), (32, 139), (32, 140), (32, 143), (32, 146), (32, 147), (32, 148), (32, 149), (33, 39), (33, 40), (33, 41), (33, 42), (33, 45), (33, 46), (33, 47), (33, 49), (33, 50), (33, 54), (33, 55), (33, 56), (33, 58), (33, 68), (33, 69), (33, 70), (33, 73), (33, 75), (33, 79), (33, 83), (33, 84), (33, 86), (33, 89), (33, 90), (33, 92), (33, 94), (33, 95), (33, 97), (33, 102), (33, 103), (33, 105), (33, 107), (33, 108), (33, 109), (33, 113), (33, 114), (33, 115), (33, 117), (33, 120), (33, 131), (33, 132), (33, 133), (33, 139), (33, 141), (33, 142), (33, 144), (33, 147), (33, 149), (34, 37), (34, 39), (34, 43), (34, 44), (34, 45), (34, 47), (34, 48), (34, 49), (34, 50), (34, 51), (34, 54), (34, 56), (34, 58), (34, 60), (34, 62), (34, 65), (34, 66), (34, 67), (34, 68), (34, 70), (34, 73), (34, 74), (34, 78), (34, 83), (34, 84), (34, 85), (34, 88), (34, 90), (34, 91), (34, 92), (34, 93), (34, 94), (34, 95), (34, 98), (34, 101), (34, 104), (34, 105), (34, 106), (34, 109), (34, 110), (34, 113), (34, 114), (34, 116), (34, 117), (34, 120), (34, 121), (34, 124), (34, 127), (34, 131), (34, 132), (34, 134), (34, 135), (34, 139), (34, 142), (34, 144), (35, 36), (35, 37), (35, 38), (35, 39), (35, 40), (35, 42), (35, 46), (35, 48), (35, 49), (35, 54), (35, 55), (35, 56), (35, 57), (35, 61), (35, 62), (35, 64), (35, 68), (35, 73), (35, 76), (35, 77), (35, 80), (35, 81), (35, 85), (35, 87), (35, 88), (35, 92), (35, 94), (35, 95), (35, 96), (35, 97), (35, 98), (35, 99), (35, 100), (35, 102), (35, 104), (35, 108), (35, 111), (35, 113), (35, 114), (35, 116), (35, 118), (35, 120), (35, 121), (35, 122), (35, 125), (35, 126), (35, 128), (35, 131), (35, 132), (35, 133), (35, 134), (35, 142), (35, 143), (35, 146), (35, 147), (36, 37), (36, 38), (36, 39), (36, 40), (36, 42), (36, 43), (36, 48), (36, 49), (36, 51), (36, 53), (36, 54), (36, 55), (36, 56), (36, 58), (36, 59), (36, 63), (36, 64), (36, 67), (36, 68), (36, 69), (36, 74), (36, 78), (36, 82), (36, 83), (36, 87), (36, 88), (36, 90), (36, 91), (36, 92), (36, 95), (36, 103), (36, 104), (36, 105), (36, 106), (36, 107), (36, 109), (36, 111), (36, 115), (36, 116), (36, 118), (36, 120), (36, 121), (36, 122), (36, 123), (36, 124), (36, 126), (36, 127), (36, 128), (36, 134), (36, 135), (36, 136), (36, 137), (36, 140), (36, 142), (36, 144), (36, 147), (37, 39), (37, 41), (37, 48), (37, 50), (37, 53), (37, 56), (37, 57), (37, 58), (37, 60), (37, 61), (37, 62), (37, 64), (37, 66), (37, 68), (37, 69), (37, 70), (37, 71), (37, 74), (37, 76), (37, 78), (37, 83), (37, 84), (37, 86), (37, 90), (37, 91), (37, 93), (37, 94), (37, 96), (37, 98), (37, 99), (37, 101), (37, 102), (37, 104), (37, 108), (37, 109), (37, 113), (37, 118), (37, 119), (37, 124), (37, 126), (37, 127), (37, 130), (37, 131), (37, 133), (37, 136), (37, 138), (37, 139), (37, 147), (37, 148), (38, 39), (38, 40), (38, 43), (38, 44), (38, 46), (38, 47), (38, 49), (38, 50), (38, 51), (38, 52), (38, 53), (38, 55), (38, 57), (38, 59), (38, 62), (38, 63), (38, 65), (38, 68), (38, 71), (38, 72), (38, 73), (38, 74), (38, 76), (38, 77), (38, 79), (38, 80), (38, 82), (38, 84), (38, 85), (38, 86), (38, 87), (38, 91), (38, 93), (38, 94), (38, 95), (38, 96), (38, 97), (38, 99), (38, 100), (38, 102), (38, 104), (38, 105), (38, 107), (38, 112), (38, 113), (38, 115), (38, 119), (38, 121), (38, 122), (38, 125), (38, 130), (38, 131), (38, 133), (38, 135), (38, 138), (38, 139), (38, 142), (38, 143), (38, 144), (38, 146), (38, 147), (38, 148), (39, 41), (39, 43), (39, 47), (39, 54), (39, 55), (39, 57), (39, 58), (39, 59), (39, 63), (39, 64), (39, 66), (39, 68), (39, 69), (39, 70), (39, 71), (39, 73), (39, 74), (39, 78), (39, 80), (39, 81), (39, 83), (39, 84), (39, 85), (39, 86), (39, 89), (39, 90), (39, 94), (39, 95), (39, 97), (39, 98), (39, 100), (39, 102), (39, 103), (39, 105), (39, 106), (39, 112), (39, 114), (39, 115), (39, 118), (39, 119), (39, 120), (39, 122), (39, 124), (39, 125), (39, 126), (39, 128), (39, 129), (39, 131), (39, 132), (39, 133), (39, 136), (39, 138), (39, 139), (39, 148), (39, 149), (40, 42), (40, 43), (40, 47), (40, 48), (40, 50), (40, 51), (40, 52), (40, 53), (40, 56), (40, 57), (40, 59), (40, 60), (40, 62), (40, 63), (40, 65), (40, 66), (40, 67), (40, 69), (40, 70), (40, 71), (40, 76), (40, 80), (40, 81), (40, 83), (40, 84), (40, 91), (40, 93), (40, 95), (40, 96), (40, 98), (40, 99), (40, 101), (40, 103), (40, 104), (40, 105), (40, 107), (40, 108), (40, 109), (40, 110), (40, 111), (40, 112), (40, 113), (40, 114), (40, 115), (40, 116), (40, 117), (40, 119), (40, 120), (40, 121), (40, 124), (40, 125), (40, 130), (40, 132), (40, 139), (40, 143), (40, 145), (40, 146), (41, 43), (41, 44), (41, 46), (41, 47), (41, 48), (41, 50), (41, 52), (41, 54), (41, 63), (41, 66), (41, 68), (41, 69), (41, 71), (41, 72), (41, 73), (41, 75), (41, 76), (41, 78), (41, 80), (41, 82), (41, 84), (41, 86), (41, 87), (41, 88), (41, 93), (41, 94), (41, 95), (41, 96), (41, 98), (41, 99), (41, 101), (41, 102), (41, 107), (41, 110), (41, 112), (41, 113), (41, 115), (41, 116), (41, 117), (41, 126), (41, 127), (41, 128), (41, 130), (41, 131), (41, 132), (41, 135), (41, 144), (41, 145), (41, 147), (41, 149), (42, 43), (42, 44), (42, 48), (42, 49), (42, 52), (42, 53), (42, 54), (42, 56), (42, 57), (42, 59), (42, 60), (42, 62), (42, 65), (42, 66), (42, 68), (42, 69), (42, 71), (42, 83), (42, 84), (42, 85), (42, 87), (42, 88), (42, 90), (42, 91), (42, 94), (42, 97), (42, 99), (42, 100), (42, 101), (42, 104), (42, 105), (42, 107), (42, 109), (42, 110), (42, 112), (42, 113), (42, 114), (42, 117), (42, 118), (42, 119), (42, 120), (42, 122), (42, 123), (42, 124), (42, 125), (42, 128), (42, 130), (42, 131), (42, 132), (42, 133), (42, 135), (42, 136), (42, 137), (42, 139), (42, 142), (42, 145), (42, 148), (42, 149), (43, 47), (43, 52), (43, 54), (43, 56), (43, 57), (43, 58), (43, 59), (43, 60), (43, 62), (43, 64), (43, 65), (43, 68), (43, 69), (43, 70), (43, 71), (43, 73), (43, 74), (43, 75), (43, 76), (43, 77), (43, 80), (43, 81), (43, 85), (43, 87), (43, 91), (43, 94), (43, 95), (43, 96), (43, 99), (43, 100), (43, 101), (43, 102), (43, 103), (43, 104), (43, 105), (43, 106), (43, 108), (43, 110), (43, 111), (43, 112), (43, 118), (43, 119), (43, 122), (43, 124), (43, 128), (43, 132), (43, 137), (43, 140), (43, 143), (43, 144), (43, 146), (43, 149), (44, 45), (44, 48), (44, 50), (44, 53), (44, 54), (44, 55), (44, 56), (44, 58), (44, 59), (44, 60), (44, 64), (44, 66), (44, 67), (44, 69), (44, 74), (44, 76), (44, 77), (44, 78), (44, 79), (44, 80), (44, 81), (44, 84), (44, 85), (44, 86), (44, 87), (44, 91), (44, 92), (44, 93), (44, 95), (44, 96), (44, 97), (44, 100), (44, 103), (44, 104), (44, 105), (44, 107), (44, 108), (44, 109), (44, 110), (44, 112), (44, 115), (44, 119), (44, 120), (44, 121), (44, 124), (44, 125), (44, 127), (44, 129), (44, 130), (44, 131), (44, 132), (44, 133), (44, 136), (44, 139), (44, 141), (44, 142), (44, 143), (44, 144), (44, 145), (44, 146), (44, 147), (44, 148), (45, 46), (45, 47), (45, 50), (45, 51), (45, 52), (45, 55), (45, 58), (45, 59), (45, 60), (45, 61), (45, 64), (45, 65), (45, 69), (45, 71), (45, 72), (45, 74), (45, 76), (45, 77), (45, 80), (45, 81), (45, 82), (45, 85), (45, 87), (45, 91), (45, 92), (45, 93), (45, 97), (45, 98), (45, 99), (45, 100), (45, 104), (45, 106), (45, 107), (45, 108), (45, 109), (45, 113), (45, 114), (45, 115), (45, 116), (45, 117), (45, 120), (45, 121), (45, 122), (45, 123), (45, 126), (45, 129), (45, 130), (45, 132), (45, 133), (45, 134), (45, 136), (45, 142), (45, 146), (45, 147), (45, 149), (46, 50), (46, 52), (46, 54), (46, 58), (46, 59), (46, 60), (46, 61), (46, 62), (46, 63), (46, 64), (46, 66), (46, 68), (46, 69), (46, 70), (46, 71), (46, 72), (46, 73), (46, 78), (46, 81), (46, 82), (46, 86), (46, 87), (46, 89), (46, 94), (46, 95), (46, 99), (46, 102), (46, 105), (46, 107), (46, 108), (46, 112), (46, 113), (46, 116), (46, 117), (46, 118), (46, 120), (46, 121), (46, 124), (46, 125), (46, 127), (46, 128), (46, 129), (46, 135), (46, 140), (46, 142), (46, 144), (46, 147), (46, 148), (47, 50), (47, 53), (47, 55), (47, 56), (47, 57), (47, 59), (47, 60), (47, 61), (47, 63), (47, 67), (47, 70), (47, 76), (47, 80), (47, 81), (47, 82), (47, 85), (47, 86), (47, 87), (47, 90), (47, 91), (47, 92), (47, 93), (47, 94), (47, 96), (47, 97), (47, 98), (47, 99), (47, 102), (47, 105), (47, 106), (47, 107), (47, 108), (47, 111), (47, 112), (47, 114), (47, 115), (47, 116), (47, 117), (47, 118), (47, 121), (47, 122), (47, 126), (47, 127), (47, 128), (47, 131), (47, 134), (47, 135), (47, 139), (47, 140), (47, 141), (47, 142), (47, 144), (47, 145), (47, 146), (47, 147), (48, 49), (48, 51), (48, 52), (48, 53), (48, 54), (48, 55), (48, 56), (48, 57), (48, 59), (48, 62), (48, 66), (48, 68), (48, 69), (48, 71), (48, 72), (48, 75), (48, 76), (48, 77), (48, 80), (48, 82), (48, 84), (48, 88), (48, 89), (48, 90), (48, 93), (48, 97), (48, 98), (48, 99), (48, 100), (48, 103), (48, 105), (48, 108), (48, 110), (48, 114), (48, 119), (48, 125), (48, 132), (48, 133), (48, 135), (48, 136), (48, 138), (48, 139), (48, 141), (48, 145), (48, 146), (48, 148), (48, 149), (49, 50), (49, 51), (49, 52), (49, 53), (49, 57), (49, 58), (49, 61), (49, 63), (49, 65), (49, 68), (49, 71), (49, 72), (49, 75), (49, 76), (49, 78), (49, 80), (49, 81), (49, 82), (49, 83), (49, 84), (49, 85), (49, 87), (49, 88), (49, 89), (49, 92), (49, 94), (49, 97), (49, 101), (49, 104), (49, 109), (49, 112), (49, 113), (49, 114), (49, 115), (49, 116), (49, 117), (49, 118), (49, 121), (49, 123), (49, 125), (49, 127), (49, 128), (49, 130), (49, 132), (49, 137), (49, 139), (49, 141), (49, 143), (49, 146), (49, 147), (49, 148), (50, 53), (50, 54), (50, 55), (50, 56), (50, 57), (50, 60), (50, 61), (50, 62), (50, 65), (50, 66), (50, 67), (50, 69), (50, 72), (50, 76), (50, 77), (50, 80), (50, 81), (50, 87), (50, 88), (50, 90), (50, 91), (50, 92), (50, 95), (50, 96), (50, 101), (50, 103), (50, 104), (50, 108), (50, 109), (50, 112), (50, 113), (50, 116), (50, 119), (50, 123), (50, 127), (50, 132), (50, 133), (50, 134), (50, 135), (50, 137), (50, 138), (50, 140), (50, 142), (50, 143), (50, 144), (50, 145), (50, 146), (50, 148), (51, 52), (51, 54), (51, 55), (51, 58), (51, 60), (51, 62), (51, 63), (51, 69), (51, 70), (51, 72), (51, 73), (51, 74), (51, 78), (51, 79), (51, 80), (51, 83), (51, 84), (51, 86), (51, 88), (51, 89), (51, 92), (51, 95), (51, 97), (51, 101), (51, 103), (51, 109), (51, 110), (51, 111), (51, 112), (51, 113), (51, 116), (51, 119), (51, 120), (51, 122), (51, 123), (51, 125), (51, 127), (51, 128), (51, 130), (51, 131), (51, 132), (51, 133), (51, 135), (51, 136), (51, 137), (51, 138), (51, 140), (51, 141), (51, 144), (51, 145), (51, 146), (51, 147), (51, 148), (52, 53), (52, 54), (52, 55), (52, 59), (52, 62), (52, 66), (52, 67), (52, 68), (52, 69), (52, 70), (52, 71), (52, 73), (52, 75), (52, 76), (52, 77), (52, 79), (52, 80), (52, 81), (52, 84), (52, 85), (52, 86), (52, 87), (52, 88), (52, 89), (52, 90), (52, 91), (52, 93), (52, 96), (52, 98), (52, 100), (52, 104), (52, 105), (52, 106), (52, 109), (52, 110), (52, 114), (52, 115), (52, 119), (52, 121), (52, 123), (52, 127), (52, 128), (52, 131), (52, 133), (52, 134), (52, 136), (52, 140), (52, 142), (52, 144), (52, 147), (52, 149), (53, 55), (53, 56), (53, 57), (53, 58), (53, 60), (53, 61), (53, 63), (53, 65), (53, 66), (53, 68), (53, 70), (53, 73), (53, 76), (53, 77), (53, 78), (53, 79), (53, 80), (53, 82), (53, 85), (53, 88), (53, 91), (53, 93), (53, 94), (53, 96), (53, 97), (53, 98), (53, 99), (53, 100), (53, 101), (53, 102), (53, 103), (53, 104), (53, 105), (53, 109), (53, 110), (53, 115), (53, 118), (53, 119), (53, 121), (53, 124), (53, 126), (53, 127), (53, 132), (53, 133), (53, 135), (53, 136), (53, 139), (53, 141), (53, 144), (53, 146), (53, 148), (53, 149), (54, 58), (54, 66), (54, 67), (54, 68), (54, 70), (54, 72), (54, 75), (54, 76), (54, 78), (54, 79), (54, 81), (54, 82), (54, 84), (54, 85), (54, 87), (54, 88), (54, 93), (54, 95), (54, 96), (54, 104), (54, 106), (54, 108), (54, 110), (54, 115), (54, 119), (54, 120), (54, 121), (54, 122), (54, 123), (54, 125), (54, 126), (54, 128), (54, 129), (54, 130), (54, 131), (54, 133), (54, 134), (54, 135), (54, 138), (54, 144), (54, 145), (54, 149), (55, 56), (55, 57), (55, 58), (55, 60), (55, 62), (55, 66), (55, 67), (55, 71), (55, 72), (55, 75), (55, 78), (55, 79), (55, 80), (55, 81), (55, 83), (55, 84), (55, 85), (55, 88), (55, 89), (55, 90), (55, 94), (55, 96), (55, 97), (55, 99), (55, 100), (55, 103), (55, 104), (55, 105), (55, 106), (55, 107), (55, 110), (55, 111), (55, 112), (55, 113), (55, 114), (55, 115), (55, 116), (55, 118), (55, 122), (55, 128), (55, 129), (55, 134), (55, 135), (55, 136), (55, 138), (55, 140), (55, 142), (55, 144), (56, 57), (56, 60), (56, 62), (56, 63), (56, 65), (56, 68), (56, 70), (56, 76), (56, 82), (56, 84), (56, 87), (56, 89), (56, 90), (56, 93), (56, 95), (56, 96), (56, 97), (56, 98), (56, 100), (56, 101), (56, 102), (56, 105), (56, 108), (56, 109), (56, 110), (56, 111), (56, 116), (56, 122), (56, 124), (56, 126), (56, 129), (56, 133), (56, 134), (56, 136), (56, 140), (56, 141), (56, 143), (56, 144), (56, 145), (56, 147), (56, 148), (57, 59), (57, 61), (57, 68), (57, 72), (57, 74), (57, 75), (57, 76), (57, 79), (57, 82), (57, 83), (57, 84), (57, 86), (57, 87), (57, 88), (57, 89), (57, 90), (57, 91), (57, 99), (57, 100), (57, 103), (57, 104), (57, 105), (57, 109), (57, 110), (57, 114), (57, 115), (57, 116), (57, 117), (57, 119), (57, 123), (57, 126), (57, 127), (57, 128), (57, 131), (57, 133), (57, 135), (57, 136), (57, 137), (57, 140), (57, 141), (57, 143), (57, 144), (57, 148), (58, 59), (58, 62), (58, 63), (58, 68), (58, 70), (58, 71), (58, 75), (58, 76), (58, 77), (58, 78), (58, 79), (58, 83), (58, 85), (58, 88), (58, 89), (58, 92), (58, 93), (58, 94), (58, 95), (58, 96), (58, 97), (58, 100), (58, 101), (58, 103), (58, 104), (58, 106), (58, 108), (58, 109), (58, 110), (58, 112), (58, 113), (58, 116), (58, 117), (58, 119), (58, 121), (58, 123), (58, 125), (58, 128), (58, 129), (58, 130), (58, 131), (58, 136), (58, 139), (58, 140), (58, 141), (58, 142), (58, 143), (58, 144), (58, 145), (58, 146), (58, 147), (58, 149), (59, 60), (59, 62), (59, 64), (59, 65), (59, 69), (59, 70), (59, 71), (59, 73), (59, 76), (59, 77), (59, 83), (59, 84), (59, 85), (59, 87), (59, 91), (59, 93), (59, 94), (59, 95), (59, 99), (59, 101), (59, 103), (59, 106), (59, 108), (59, 111), (59, 112), (59, 114), (59, 116), (59, 117), (59, 119), (59, 120), (59, 121), (59, 122), (59, 123), (59, 124), (59, 126), (59, 127), (59, 128), (59, 129), (59, 131), (59, 132), (59, 133), (59, 136), (59, 137), (59, 138), (59, 139), (59, 141), (59, 144), (59, 145), (59, 149), (60, 61), (60, 62), (60, 64), (60, 65), (60, 66), (60, 67), (60, 68), (60, 69), (60, 70), (60, 71), (60, 72), (60, 74), (60, 76), (60, 77), (60, 78), (60, 79), (60, 84), (60, 85), (60, 87), (60, 90), (60, 91), (60, 92), (60, 94), (60, 96), (60, 97), (60, 98), (60, 99), (60, 101), (60, 104), (60, 108), (60, 109), (60, 111), (60, 112), (60, 114), (60, 117), (60, 120), (60, 121), (60, 128), (60, 129), (60, 132), (60, 134), (60, 136), (60, 140), (60, 143), (60, 144), (60, 145), (60, 149), (61, 67), (61, 68), (61, 70), (61, 72), (61, 75), (61, 76), (61, 78), (61, 79), (61, 81), (61, 82), (61, 83), (61, 85), (61, 87), (61, 89), (61, 90), (61, 91), (61, 97), (61, 100), (61, 105), (61, 106), (61, 107), (61, 108), (61, 109), (61, 111), (61, 112), (61, 118), (61, 121), (61, 122), (61, 123), (61, 127), (61, 128), (61, 129), (61, 130), (61, 135), (61, 136), (61, 137), (61, 142), (61, 145), (61, 146), (61, 149), (62, 65), (62, 66), (62, 67), (62, 68), (62, 70), (62, 73), (62, 74), (62, 79), (62, 81), (62, 89), (62, 90), (62, 92), (62, 94), (62, 96), (62, 98), (62, 102), (62, 103), (62, 106), (62, 108), (62, 112), (62, 113), (62, 115), (62, 116), (62, 117), (62, 120), (62, 121), (62, 123), (62, 125), (62, 127), (62, 128), (62, 130), (62, 136), (62, 137), (62, 140), (62, 143), (62, 144), (62, 145), (62, 148), (63, 68), (63, 69), (63, 70), (63, 72), (63, 73), (63, 74), (63, 76), (63, 78), (63, 79), (63, 80), (63, 81), (63, 84), (63, 85), (63, 87), (63, 88), (63, 93), (63, 94), (63, 95), (63, 96), (63, 100), (63, 101), (63, 102), (63, 104), (63, 105), (63, 107), (63, 109), (63, 111), (63, 112), (63, 113), (63, 118), (63, 119), (63, 120), (63, 121), (63, 122), (63, 124), (63, 126), (63, 129), (63, 131), (63, 132), (63, 137), (63, 139), (63, 141), (63, 142), (63, 147), (64, 65), (64, 67), (64, 69), (64, 71), (64, 72), (64, 77), (64, 79), (64, 80), (64, 82), (64, 84), (64, 85), (64, 86), (64, 87), (64, 88), (64, 89), (64, 91), (64, 93), (64, 94), (64, 95), (64, 99), (64, 101), (64, 104), (64, 106), (64, 108), (64, 110), (64, 111), (64, 113), (64, 115), (64, 120), (64, 121), (64, 124), (64, 126), (64, 128), (64, 131), (64, 132), (64, 135), (64, 136), (64, 138), (64, 140), (64, 143), (64, 146), (64, 147), (64, 149), (65, 68), (65, 70), (65, 72), (65, 73), (65, 74), (65, 78), (65, 84), (65, 85), (65, 87), (65, 88), (65, 89), (65, 91), (65, 93), (65, 94), (65, 95), (65, 96), (65, 100), (65, 101), (65, 103), (65, 108), (65, 109), (65, 111), (65, 112), (65, 113), (65, 114), (65, 117), (65, 119), (65, 121), (65, 122), (65, 123), (65, 125), (65, 127), (65, 128), (65, 129), (65, 130), (65, 131), (65, 135), (65, 140), (65, 141), (65, 142), (65, 143), (65, 144), (65, 145), (65, 147), (65, 149), (66, 67), (66, 69), (66, 70), (66, 71), (66, 72), (66, 76), (66, 78), (66, 80), (66, 81), (66, 82), (66, 83), (66, 85), (66, 87), (66, 89), (66, 90), (66, 92), (66, 93), (66, 94), (66, 95), (66, 101), (66, 103), (66, 106), (66, 110), (66, 111), (66, 116), (66, 119), (66, 120), (66, 123), (66, 126), (66, 127), (66, 128), (66, 131), (66, 132), (66, 134), (66, 140), (66, 141), (66, 145), (66, 146), (67, 69), (67, 70), (67, 73), (67, 74), (67, 75), (67, 76), (67, 79), (67, 81), (67, 83), (67, 84), (67, 85), (67, 86), (67, 87), (67, 88), (67, 89), (67, 91), (67, 98), (67, 101), (67, 102), (67, 104), (67, 105), (67, 106), (67, 107), (67, 108), (67, 111), (67, 112), (67, 114), (67, 116), (67, 118), (67, 119), (67, 120), (67, 122), (67, 124), (67, 125), (67, 128), (67, 130), (67, 131), (67, 138), (67, 139), (67, 140), (67, 142), (67, 143), (67, 145), (67, 148), (68, 69), (68, 72), (68, 73), (68, 74), (68, 77), (68, 78), (68, 81), (68, 82), (68, 83), (68, 85), (68, 86), (68, 88), (68, 89), (68, 92), (68, 96), (68, 97), (68, 98), (68, 99), (68, 100), (68, 101), (68, 103), (68, 104), (68, 105), (68, 107), (68, 109), (68, 110), (68, 112), (68, 113), (68, 114), (68, 116), (68, 118), (68, 122), (68, 124), (68, 125), (68, 126), (68, 128), (68, 130), (68, 131), (68, 132), (68, 134), (68, 140), (68, 141), (68, 142), (68, 143), (68, 144), (68, 145), (68, 146), (69, 73), (69, 75), (69, 76), (69, 78), (69, 82), (69, 83), (69, 85), (69, 87), (69, 89), (69, 90), (69, 91), (69, 94), (69, 97), (69, 98), (69, 99), (69, 100), (69, 101), (69, 102), (69, 104), (69, 106), (69, 108), (69, 109), (69, 116), (69, 117), (69, 122), (69, 123), (69, 124), (69, 127), (69, 128), (69, 130), (69, 133), (69, 138), (69, 139), (69, 140), (69, 142), (69, 143), (69, 147), (70, 71), (70, 72), (70, 74), (70, 75), (70, 78), (70, 79), (70, 86), (70, 89), (70, 92), (70, 93), (70, 95), (70, 96), (70, 99), (70, 101), (70, 102), (70, 106), (70, 107), (70, 110), (70, 111), (70, 115), (70, 116), (70, 117), (70, 118), (70, 120), (70, 121), (70, 122), (70, 128), (70, 129), (70, 132), (70, 135), (70, 136), (70, 138), (70, 141), (70, 143), (70, 148), (71, 72), (71, 74), (71, 75), (71, 79), (71, 84), (71, 85), (71, 87), (71, 89), (71, 90), (71, 91), (71, 95), (71, 97), (71, 101), (71, 104), (71, 106), (71, 108), (71, 110), (71, 114), (71, 115), (71, 119), (71, 121), (71, 123), (71, 125), (71, 127), (71, 128), (71, 132), (71, 133), (71, 134), (71, 135), (71, 136), (71, 141), (71, 142), (71, 143), (71, 147), (71, 148), (72, 73), (72, 74), (72, 75), (72, 76), (72, 78), (72, 80), (72, 82), (72, 83), (72, 84), (72, 87), (72, 89), (72, 90), (72, 94), (72, 99), (72, 100), (72, 101), (72, 102), (72, 103), (72, 104), (72, 106), (72, 109), (72, 110), (72, 112), (72, 114), (72, 116), (72, 117), (72, 118), (72, 120), (72, 124), (72, 126), (72, 129), (72, 130), (72, 133), (72, 135), (72, 137), (72, 139), (72, 140), (72, 142), (72, 143), (72, 144), (72, 146), (72, 147), (72, 148), (73, 75), (73, 76), (73, 78), (73, 79), (73, 80), (73, 88), (73, 89), (73, 93), (73, 96), (73, 98), (73, 103), (73, 104), (73, 106), (73, 107), (73, 110), (73, 115), (73, 120), (73, 125), (73, 126), (73, 127), (73, 129), (73, 130), (73, 131), (73, 133), (73, 135), (73, 136), (73, 138), (73, 139), (73, 140), (73, 141), (73, 142), (73, 143), (73, 144), (73, 146), (74, 76), (74, 80), (74, 87), (74, 88), (74, 95), (74, 99), (74, 100), (74, 101), (74, 103), (74, 104), (74, 110), (74, 111), (74, 112), (74, 113), (74, 114), (74, 119), (74, 121), (74, 122), (74, 126), (74, 127), (74, 128), (74, 131), (74, 134), (74, 136), (74, 143), (74, 144), (74, 145), (74, 147), (74, 149), (75, 76), (75, 78), (75, 79), (75, 83), (75, 86), (75, 90), (75, 96), (75, 98), (75, 103), (75, 104), (75, 109), (75, 110), (75, 112), (75, 115), (75, 116), (75, 118), (75, 122), (75, 125), (75, 126), (75, 127), (75, 129), (75, 131), (75, 132), (75, 133), (75, 134), (75, 135), (75, 136), (75, 139), (75, 140), (75, 142), (75, 144), (75, 146), (76, 77), (76, 80), (76, 81), (76, 82), (76, 83), (76, 84), (76, 86), (76, 92), (76, 93), (76, 97), (76, 99), (76, 101), (76, 102), (76, 103), (76, 105), (76, 106), (76, 109), (76, 110), (76, 111), (76, 113), (76, 115), (76, 116), (76, 120), (76, 121), (76, 126), (76, 127), (76, 130), (76, 132), (76, 133), (76, 134), (76, 135), (76, 136), (76, 137), (76, 138), (76, 139), (76, 144), (77, 78), (77, 82), (77, 83), (77, 84), (77, 86), (77, 89), (77, 91), (77, 92), (77, 94), (77, 96), (77, 99), (77, 100), (77, 102), (77, 103), (77, 104), (77, 111), (77, 113), (77, 114), (77, 119), (77, 120), (77, 123), (77, 125), (77, 126), (77, 127), (77, 131), (77, 132), (77, 134), (77, 138), (77, 140), (77, 142), (77, 144), (77, 145), (77, 146), (77, 148), (78, 80), (78, 82), (78, 83), (78, 84), (78, 85), (78, 87), (78, 88), (78, 90), (78, 94), (78, 97), (78, 99), (78, 100), (78, 101), (78, 104), (78, 105), (78, 109), (78, 110), (78, 111), (78, 113), (78, 116), (78, 117), (78, 122), (78, 123), (78, 124), (78, 125), (78, 127), (78, 128), (78, 129), (78, 134), (78, 138), (78, 139), (78, 140), (78, 144), (78, 145), (78, 147), (78, 148), (78, 149), (79, 80), (79, 81), (79, 82), (79, 85), (79, 86), (79, 87), (79, 89), (79, 91), (79, 95), (79, 97), (79, 98), (79, 102), (79, 104), (79, 106), (79, 108), (79, 110), (79, 113), (79, 115), (79, 117), (79, 119), (79, 120), (79, 123), (79, 124), (79, 126), (79, 127), (79, 128), (79, 129), (79, 134), (79, 137), (79, 139), (79, 141), (79, 142), (79, 145), (79, 146), (79, 147), (79, 148), (79, 149), (80, 82), (80, 83), (80, 87), (80, 88), (80, 89), (80, 90), (80, 91), (80, 92), (80, 94), (80, 97), (80, 98), (80, 99), (80, 100), (80, 102), (80, 103), (80, 108), (80, 110), (80, 111), (80, 112), (80, 113), (80, 115), (80, 119), (80, 121), (80, 122), (80, 123), (80, 124), (80, 126), (80, 127), (80, 128), (80, 136), (80, 137), (80, 145), (80, 147), (80, 148), (81, 82), (81, 85), (81, 86), (81, 88), (81, 89), (81, 91), (81, 93), (81, 94), (81, 95), (81, 102), (81, 106), (81, 107), (81, 108), (81, 110), (81, 113), (81, 115), (81, 116), (81, 120), (81, 121), (81, 122), (81, 125), (81, 126), (81, 128), (81, 130), (81, 133), (81, 135), (81, 139), (81, 142), (81, 144), (81, 147), (81, 148), (82, 83), (82, 89), (82, 90), (82, 92), (82, 95), (82, 96), (82, 97), (82, 98), (82, 101), (82, 103), (82, 105), (82, 106), (82, 111), (82, 112), (82, 115), (82, 117), (82, 118), (82, 119), (82, 120), (82, 121), (82, 122), (82, 124), (82, 126), (82, 129), (82, 132), (82, 133), (82, 134), (82, 135), (82, 136), (82, 137), (82, 138), (82, 143), (82, 145), (82, 147), (83, 84), (83, 85), (83, 86), (83, 88), (83, 89), (83, 90), (83, 91), (83, 92), (83, 93), (83, 95), (83, 98), (83, 99), (83, 102), (83, 103), (83, 104), (83, 105), (83, 106), (83, 108), (83, 109), (83, 110), (83, 118), (83, 121), (83, 123), (83, 125), (83, 127), (83, 128), (83, 129), (83, 131), (83, 132), (83, 133), (83, 135), (83, 136), (83, 137), (83, 138), (83, 139), (83, 140), (83, 141), (83, 142), (83, 145), (84, 86), (84, 87), (84, 88), (84, 89), (84, 91), (84, 92), (84, 93), (84, 95), (84, 99), (84, 100), (84, 102), (84, 103), (84, 104), (84, 105), (84, 106), (84, 108), (84, 109), (84, 110), (84, 111), (84, 112), (84, 114), (84, 115), (84, 116), (84, 117), (84, 121), (84, 122), (84, 123), (84, 124), (84, 125), (84, 129), (84, 130), (84, 133), (84, 134), (84, 135), (84, 137), (84, 138), (84, 140), (84, 141), (84, 142), (84, 144), (84, 147), (85, 87), (85, 88), (85, 89), (85, 90), (85, 97), (85, 98), (85, 99), (85, 100), (85, 101), (85, 104), (85, 106), (85, 107), (85, 109), (85, 110), (85, 111), (85, 113), (85, 116), (85, 117), (85, 118), (85, 120), (85, 123), (85, 125), (85, 128), (85, 130), (85, 131), (85, 132), (85, 134), (85, 135), (85, 139), (85, 140), (85, 143), (85, 145), (85, 146), (85, 147), (86, 87), (86, 88), (86, 91), (86, 92), (86, 93), (86, 95), (86, 97), (86, 98), (86, 99), (86, 100), (86, 101), (86, 102), (86, 104), (86, 106), (86, 107), (86, 108), (86, 111), (86, 112), (86, 113), (86, 115), (86, 117), (86, 120), (86, 121), (86, 124), (86, 125), (86, 126), (86, 127), (86, 128), (86, 129), (86, 130), (86, 132), (86, 140), (86, 141), (86, 142), (86, 143), (86, 146), (86, 148), (87, 91), (87, 92), (87, 97), (87, 99), (87, 100), (87, 103), (87, 105), (87, 106), (87, 107), (87, 111), (87, 112), (87, 113), (87, 116), (87, 120), (87, 121), (87, 124), (87, 125), (87, 129), (87, 131), (87, 133), (87, 134), (87, 136), (87, 138), (87, 139), (87, 140), (87, 143), (87, 145), (87, 147), (87, 148), (87, 149), (88, 89), (88, 93), (88, 94), (88, 99), (88, 100), (88, 101), (88, 102), (88, 103), (88, 104), (88, 105), (88, 106), (88, 107), (88, 110), (88, 111), (88, 112), (88, 116), (88, 117), (88, 118), (88, 119), (88, 120), (88, 122), (88, 123), (88, 125), (88, 126), (88, 127), (88, 128), (88, 130), (88, 131), (88, 132), (88, 134), (88, 135), (88, 136), (88, 137), (88, 139), (88, 140), (88, 141), (88, 142), (88, 145), (88, 148), (88, 149), (89, 90), (89, 91), (89, 93), (89, 97), (89, 99), (89, 102), (89, 103), (89, 104), (89, 109), (89, 110), (89, 111), (89, 113), (89, 114), (89, 115), (89, 117), (89, 120), (89, 122), (89, 123), (89, 125), (89, 127), (89, 128), (89, 131), (89, 133), (89, 137), (89, 138), (89, 139), (89, 140), (89, 141), (89, 142), (89, 144), (89, 146), (89, 149), (90, 91), (90, 95), (90, 98), (90, 99), (90, 102), (90, 103), (90, 107), (90, 110), (90, 114), (90, 116), (90, 117), (90, 120), (90, 122), (90, 123), (90, 125), (90, 127), (90, 128), (90, 129), (90, 131), (90, 132), (90, 133), (90, 134), (90, 136), (90, 139), (90, 141), (90, 142), (90, 144), (90, 146), (90, 147), (91, 93), (91, 96), (91, 98), (91, 99), (91, 100), (91, 102), (91, 104), (91, 106), (91, 107), (91, 108), (91, 113), (91, 115), (91, 116), (91, 118), (91, 119), (91, 120), (91, 122), (91, 124), (91, 125), (91, 131), (91, 132), (91, 134), (91, 136), (91, 137), (91, 140), (91, 141), (91, 142), (91, 143), (91, 144), (91, 146), (91, 147), (91, 149), (92, 96), (92, 98), (92, 99), (92, 100), (92, 101), (92, 104), (92, 105), (92, 107), (92, 108), (92, 113), (92, 114), (92, 116), (92, 121), (92, 125), (92, 128), (92, 129), (92, 134), (92, 135), (92, 136), (92, 139), (92, 140), (92, 143), (92, 144), (92, 145), (92, 147), (92, 148), (93, 94), (93, 98), (93, 101), (93, 102), (93, 104), (93, 106), (93, 107), (93, 109), (93, 113), (93, 114), (93, 115), (93, 116), (93, 117), (93, 118), (93, 120), (93, 121), (93, 122), (93, 124), (93, 126), (93, 129), (93, 130), (93, 131), (93, 134), (93, 137), (93, 139), (93, 140), (93, 141), (93, 142), (93, 143), (93, 145), (93, 146), (94, 96), (94, 98), (94, 99), (94, 101), (94, 102), (94, 108), (94, 109), (94, 112), (94, 114), (94, 115), (94, 116), (94, 118), (94, 119), (94, 120), (94, 128), (94, 135), (94, 136), (94, 138), (94, 139), (94, 145), (94, 146), (94, 147), (95, 100), (95, 103), (95, 107), (95, 108), (95, 111), (95, 115), (95, 116), (95, 118), (95, 119), (95, 120), (95, 121), (95, 122), (95, 124), (95, 125), (95, 126), (95, 128), (95, 129), (95, 130), (95, 131), (95, 133), (95, 135), (95, 137), (95, 142), (95, 143), (95, 144), (95, 146), (95, 147), (96, 100), (96, 101), (96, 102), (96, 106), (96, 108), (96, 112), (96, 113), (96, 115), (96, 118), (96, 121), (96, 122), (96, 125), (96, 127), (96, 130), (96, 132), (96, 133), (96, 140), (96, 141), (96, 144), (96, 147), (96, 148), (97, 98), (97, 105), (97, 108), (97, 110), (97, 113), (97, 114), (97, 116), (97, 117), (97, 118), (97, 121), (97, 125), (97, 127), (97, 131), (97, 132), (97, 133), (97, 136), (97, 140), (97, 142), (97, 143), (97, 145), (97, 146), (97, 147), (97, 148), (98, 99), (98, 102), (98, 103), (98, 105), (98, 107), (98, 108), (98, 109), (98, 111), (98, 113), (98, 114), (98, 115), (98, 116), (98, 117), (98, 119), (98, 120), (98, 121), (98, 122), (98, 123), (98, 124), (98, 126), (98, 127), (98, 128), (98, 129), (98, 130), (98, 132), (98, 134), (98, 143), (98, 145), (98, 147), (98, 148), (98, 149), (99, 105), (99, 108), (99, 114), (99, 115), (99, 116), (99, 118), (99, 119), (99, 122), (99, 123), (99, 124), (99, 125), (99, 127), (99, 128), (99, 129), (99, 131), (99, 133), (99, 134), (99, 135), (99, 137), (99, 139), (99, 142), (99, 145), (99, 146), (100, 101), (100, 102), (100, 105), (100, 107), (100, 110), (100, 112), (100, 113), (100, 115), (100, 118), (100, 122), (100, 123), (100, 125), (100, 127), (100, 129), (100, 130), (100, 131), (100, 134), (100, 137), (100, 138), (100, 139), (100, 140), (100, 142), (100, 143), (100, 144), (100, 148), (101, 102), (101, 103), (101, 105), (101, 107), (101, 108), (101, 110), (101, 112), (101, 114), (101, 116), (101, 118), (101, 119), (101, 123), (101, 125), (101, 127), (101, 130), (101, 131), (101, 133), (101, 134), (101, 137), (101, 140), (101, 141), (101, 143), (101, 144), (102, 109), (102, 110), (102, 111), (102, 112), (102, 113), (102, 115), (102, 119), (102, 121), (102, 123), (102, 124), (102, 125), (102, 126), (102, 127), (102, 128), (102, 129), (102, 130), (102, 131), (102, 133), (102, 134), (102, 136), (102, 138), (102, 139), (102, 142), (102, 147), (102, 148), (102, 149), (103, 104), (103, 107), (103, 108), (103, 110), (103, 112), (103, 113), (103, 114), (103, 116), (103, 117), (103, 118), (103, 119), (103, 120), (103, 121), (103, 123), (103, 124), (103, 127), (103, 129), (103, 131), (103, 132), (103, 133), (103, 136), (103, 138), (103, 139), (103, 141), (103, 142), (103, 145), (103, 148), (103, 149), (104, 106), (104, 108), (104, 109), (104, 111), (104, 112), (104, 114), (104, 115), (104, 116), (104, 119), (104, 120), (104, 121), (104, 122), (104, 125), (104, 126), (104, 128), (104, 131), (104, 132), (104, 133), (104, 136), (104, 137), (104, 138), (104, 140), (104, 142), (104, 143), (104, 144), (104, 147), (104, 148), (105, 106), (105, 107), (105, 112), (105, 116), (105, 117), (105, 118), (105, 119), (105, 122), (105, 125), (105, 130), (105, 131), (105, 133), (105, 135), (105, 136), (105, 138), (105, 139), (105, 140), (105, 141), (105, 142), (105, 143), (106, 107), (106, 109), (106, 110), (106, 112), (106, 115), (106, 116), (106, 118), (106, 120), (106, 123), (106, 131), (106, 137), (106, 139), (106, 140), (106, 143), (106, 146), (106, 148), (107, 108), (107, 110), (107, 111), (107, 112), (107, 115), (107, 121), (107, 125), (107, 129), (107, 130), (107, 133), (107, 136), (107, 139), (107, 141), (107, 143), (107, 146), (107, 149), (108, 110), (108, 111), (108, 115), (108, 118), (108, 119), (108, 122), (108, 123), (108, 125), (108, 126), (108, 130), (108, 133), (108, 134), (108, 135), (108, 136), (108, 139), (108, 143), (108, 147), (108, 148), (108, 149), (109, 111), (109, 113), (109, 114), (109, 115), (109, 117), (109, 118), (109, 119), (109, 120), (109, 122), (109, 126), (109, 128), (109, 131), (109, 132), (109, 133), (109, 134), (109, 136), (109, 137), (109, 139), (109, 140), (109, 144), (109, 145), (109, 146), (109, 148), (109, 149), (110, 112), (110, 113), (110, 114), (110, 115), (110, 116), (110, 118), (110, 120), (110, 121), (110, 122), (110, 123), (110, 124), (110, 125), (110, 126), (110, 129), (110, 130), (110, 132), (110, 134), (110, 136), (110, 138), (110, 139), (110, 140), (110, 141), (110, 143), (110, 144), (110, 146), (110, 147), (110, 149), (111, 113), (111, 114), (111, 115), (111, 116), (111, 117), (111, 118), (111, 119), (111, 120), (111, 121), (111, 125), (111, 128), (111, 130), (111, 132), (111, 134), (111, 138), (111, 142), (111, 143), (111, 145), (111, 146), (111, 147), (111, 149), (112, 114), (112, 116), (112, 119), (112, 121), (112, 122), (112, 123), (112, 125), (112, 127), (112, 128), (112, 129), (112, 134), (112, 135), (112, 136), (112, 138), (112, 140), (112, 141), (112, 142), (112, 144), (112, 145), (112, 146), (112, 149), (113, 114), (113, 115), (113, 117), (113, 121), (113, 133), (113, 141), (113, 142), (113, 144), (113, 147), (114, 116), (114, 117), (114, 121), (114, 128), (114, 129), (114, 130), (114, 131), (114, 132), (114, 133), (114, 134), (114, 135), (114, 139), (114, 142), (114, 147), (115, 118), (115, 119), (115, 120), (115, 121), (115, 122), (115, 126), (115, 127), (115, 129), (115, 131), (115, 133), (115, 135), (115, 136), (115, 138), (115, 139), (115, 140), (115, 142), (115, 143), (115, 147), (115, 148), (115, 149), (116, 118), (116, 119), (116, 122), (116, 124), (116, 126), (116, 131), (116, 132), (116, 133), (116, 134), (116, 135), (116, 136), (116, 137), (116, 139), (116, 141), (116, 142), (116, 144), (116, 146), (116, 147), (116, 148), (117, 120), (117, 122), (117, 129), (117, 131), (117, 133), (117, 134), (117, 138), (117, 143), (117, 145), (117, 148), (117, 149), (118, 119), (118, 120), (118, 122), (118, 126), (118, 127), (118, 128), (118, 129), (118, 131), (118, 135), (118, 137), (118, 138), (118, 141), (118, 143), (118, 145), (118, 146), (118, 147), (118, 148), (119, 120), (119, 121), (119, 122), (119, 130), (119, 131), (119, 132), (119, 133), (119, 136), (119, 137), (119, 138), (119, 141), (119, 143), (119, 145), (119, 148), (120, 124), (120, 128), (120, 129), (120, 131), (120, 132), (120, 134), (120, 137), (120, 138), (120, 140), (120, 142), (120, 144), (120, 145), (121, 122), (121, 126), (121, 127), (121, 130), (121, 132), (121, 134), (121, 137), (121, 141), (121, 142), (121, 144), (121, 146), (121, 147), (122, 123), (122, 124), (122, 130), (122, 133), (122, 135), (122, 137), (122, 139), (122, 140), (122, 142), (122, 143), (122, 144), (122, 145), (123, 124), (123, 128), (123, 129), (123, 136), (123, 143), (123, 144), (123, 146), (124, 125), (124, 128), (124, 129), (124, 133), (124, 134), (124, 137), (124, 139), (124, 142), (124, 143), (124, 146), (124, 149), (125, 128), (125, 130), (125, 133), (125, 136), (125, 138), (125, 140), (125, 141), (125, 142), (125, 146), (125, 149), (126, 129), (126, 132), (126, 133), (126, 135), (126, 138), (126, 140), (126, 142), (126, 145), (126, 146), (127, 128), (127, 130), (127, 131), (127, 132), (127, 133), (127, 134), (127, 135), (127, 137), (127, 139), (127, 140), (127, 144), (127, 145), (127, 146), (127, 147), (127, 148), (128, 129), (128, 130), (128, 132), (128, 133), (128, 135), (128, 137), (128, 138), (128, 141), (128, 143), (128, 146), (128, 147), (128, 148), (129, 132), (129, 134), (129, 135), (129, 137), (129, 138), (129, 139), (129, 140), (129, 141), (129, 142), (129, 146), (129, 148), (129, 149), (130, 131), (130, 138), (130, 142), (130, 143), (130, 144), (131, 132), (131, 134), (131, 135), (131, 137), (131, 139), (131, 140), (131, 141), (131, 144), (131, 149), (132, 137), (132, 141), (132, 142), (132, 143), (132, 147), (132, 148), (132, 149), (133, 135), (133, 139), (133, 140), (133, 143), (133, 144), (133, 145), (133, 146), (133, 148), (134, 139), (134, 140), (134, 145), (134, 146), (134, 147), (134, 149), (135, 136), (135, 137), (135, 140), (135, 141), (135, 144), (135, 149), (136, 138), (136, 140), (136, 141), (136, 142), (136, 144), (136, 147), (137, 140), (137, 141), (137, 142), (137, 144), (137, 146), (137, 147), (137, 148), (137, 149), (138, 139), (138, 145), (138, 146), (138, 147), (138, 149), (139, 140), (140, 143), (140, 144), (141, 142), (141, 143), (141, 144), (141, 145), (141, 146), (141, 148), (142, 144), (142, 145), (142, 146), (142, 147), (142, 149), (143, 144), (143, 145), (144, 145), (144, 147), (144, 148), (144, 149), (145, 147), (147, 149), 
log2_p_plus:          -1.17521
log2_1_minus_p_plus:  -0.843784
log2_p_minus:         -1.17521
log2_1_minus_p_minus: -0.843784
p_plus:  0.44282
p_minus: 0.44282

  Beginning edge heuristic pre-computation...
  ...Finished edge heuristic pre-computation.
The special edge set gets a score of -inf

Beginning Iteration 1...
	Mutating
	Mating
	Scoring
...Finished iteration with a best score of -9429.28

Beginning Iteration 2...
	Mutating
	Mating
	Scoring
...Finished iteration with a best score of -9429.28

Beginning Iteration 3...
	Mutating
	Mating
	Scoring
...Finished iteration with a best score of -9429.28

Beginning Iteration 4...
	Mutating
	Mating
	Scoring
...Finished iteration with a best score of -9429.28

Beginning Iteration 5...
	Mutating
	Mating
	Scoring
...Finished iteration with a best score of -9429.28

Beginning Iteration 6...
	Mutating
	Mating
	Scoring
...Finished iteration with a best score of -9429.28

Beginning Iteration 7...
	Mutating
	Mating
	Scoring
...Finished iteration with a best score of -9429.28

Beginning Iteration 8...
	Mutating
	Mating
	Scoring
...Finished iteration with a best score of -9429.28

Beginning Iteration 9...
	Mutating
	Mating
	Scoring
...Finished iteration with a best score of -9429.28

Beginning Iteration 10...
	Mutating
	Mating
	Scoring
...Finished iteration with a best score of -9429.28

Beginning Iteration 11...
	Mutating
	Mating
	Scoring
...Finished iteration with a best score of -9429.28

Beginning Iteration 12...
	Mutating
	Mating
	Scoring
...Finished iteration with a best score of -9429.28

Beginning Iteration 13...
	Mutating
	Mating
	Scoring
...Finished iteration with a best score of -9429.28

Beginning Iteration 14...
	Mutating
	Mating
	Scoring
...Finished iteration with a best score of -9429.28

Beginning Iteration 15...
	Mutating
	Mating
	Scoring
...Finished iteration with a best score of -9429.28

Beginning Iteration 16...
	Mutating
	Mating
	Scoring
...Finished iteration with a best score of -9429.28

Beginning Iteration 17...
	Mutating
	Mating
	Scoring
...Finished iteration with a best score of -9429.28

Beginning Iteration 18...
	Mutating
	Mating
	Scoring
...Finished iteration with a best score of -9429.28

Beginning Iteration 19...
	Mutating
	Mating
	Scoring
...Finished iteration with a best score of -9429.28

Beginning Iteration 20...
	Mutating
	Mating
	Scoring
...Finished iteration with a best score of -9429.28

Beginning Iteration 21...
	Mutating
	Mating
	Scoring
...Finished iteration with a best score of -9429.28

Beginning Iteration 22...
	Mutating
	Mating
	Scoring
...Finished iteration with a best score of -9429.28

Beginning Iteration 23...
	Mutating
	Mating
	Scoring
...Finished iteration with a best score of -9429.28

Beginning Iteration 24...
	Mutating
	Mating
	Scoring
...Finished iteration with a best score of -9429.28

Beginning Iteration 25...
	Mutating
	Mating
	Scoring
...Finished iteration with a best score of -9429.28

Beginning Iteration 26...
	Mutating
	Mating
	Scoring
...Finished iteration with a best score of -9429.28

Beginning Iteration 27...
	Mutating
	Mating
	Scoring
...Finished iteration with a best score of -9429.28

Beginning Iteration 28...
	Mutating
	Mating
	Scoring
...Finished iteration with a best score of -9429.28

Beginning Iteration 29...
	Mutating
	Mating
	Scoring
...Finished iteration with a best score of -9429.28

Beginning Iteration 30...
	Mutating
	Mating
	Scoring
...Finished iteration with a best score of -9429.28

Beginning Iteration 31...
	Mutating
	Mating
	Scoring
...Finished iteration with a best score of -9429.28

Beginning Iteration 32...
	Mutating
	Mating
	Scoring
...Finished iteration with a best score of -9429.28

Beginning Iteration 33...
	Mutating
	Mating
	Scoring
...Finished iteration with a best score of -9429.28

Beginning Iteration 34...
	Mutating
	Mating
	Scoring
...Finished iteration with a best score of -9429.28

Beginning Iteration 35...
	Mutating
	Mating
	Scoring
...Finished iteration with a best score of -9429.28

Beginning Iteration 36...
	Mutating
	Mating
	Scoring
...Finished iteration with a best score of -9429.28

Beginning Iteration 37...
	Mutating
	Mating
	Scoring
...Finished iteration with a best score of -9429.28

Beginning Iteration 38...
	Mutating
	Mating
	Scoring
...Finished iteration with a best score of -9429.28

Beginning Iteration 39...
	Mutating
	Mating
	Scoring
...Finished iteration with a best score of -9429.28

Beginning Iteration 40...
	Mutating
	Mating
	Scoring
...Finished iteration with a best score of -9429.28

Beginning Iteration 41...
	Mutating
	Mating
	Scoring
...Finished iteration with a best score of -9429.28

Beginning Iteration 42...
	Mutating
	Mating
	Scoring
...Finished iteration with a best score of -9429.28

Beginning Iteration 43...
	Mutating
	Mating
	Scoring
...Finished iteration with a best score of -9429.28

Beginning Iteration 44...
	Mutating
	Mating
	Scoring
...Finished iteration with a best score of -9429.28

Beginning Iteration 45...
	Mutating
	Mating
	Scoring
...Finished iteration with a best score of -9429.28

Beginning Iteration 46...
	Mutating
	Mating
	Scoring
...Finished iteration with a best score of -9429.28

Beginning Iteration 47...
	Mutating
	Mating
	Scoring
...Finished iteration with a best score of -9429.28

Beginning Iteration 48...
	Mutating
	Mating
	Scoring
...Finished iteration with a best score of -9429.28

Beginning Iteration 49...
	Mutating
	Mating
	Scoring
...Finished iteration with a best score of -9429.28

Beginning Iteration 50...
	Mutating
	Mating
	Scoring
...Finished iteration with a best score of -9429.28

Beginning Iteration 51...
	Mutating
	Mating
	Scoring
...Finished iteration with a best score of -9429.28

Beginning Iteration 52...
	Mutating
	Mating
	Scoring
...Finished iteration with a best score of -9429.28

Beginning Iteration 53...
	Mutating
	Mating
	Scoring
...Finished iteration with a best score of -9429.28

Beginning Iteration 54...
	Mutating
	Mating
	Scoring
...Finished iteration with a best score of -9429.28

Beginning Iteration 55...
	Mutating
	Mating
	Scoring
...Finished iteration with a best score of -9429.28

Beginning Iteration 56...
	Mutating
	Mating
	Scoring
...Finished iteration with a best score of -9429.28

Beginning Iteration 57...
	Mutating
	Mating
	Scoring
...Finished iteration with a best score of -9429.28

Beginning Iteration 58...
	Mutating
	Mating
	Scoring
...Finished iteration with a best score of -9429.28

Beginning Iteration 59...
	Mutating
	Mating
	Scoring
...Finished iteration with a best score of -9429.28

Beginning Iteration 60...
	Mutating
	Mating
	Scoring
...Finished iteration with a best score of -9429.28

Beginning Iteration 61...
	Mutating
	Mating
	Scoring
...Finished iteration with a best score of -9429.28

Beginning Iteration 62...
	Mutating
	Mating
	Scoring
...Finished iteration with a best score of -9429.28

Beginning Iteration 63...
	Mutating
	Mating
	Scoring
...Finished iteration with a best score of -9429.28

Beginning Iteration 64...
	Mutating
	Mating
	Scoring
...Finished iteration with a best score of -9429.28

Beginning Iteration 65...
	Mutating
	Mating
	Scoring
...Finished iteration with a best score of -9429.28

Beginning Iteration 66...
	Mutating
	Mating
	Scoring
...Finished iteration with a best score of -9429.28

Beginning Iteration 67...
	Mutating
	Mating
	Scoring
...Finished iteration with a best score of -9429.28

Beginning Iteration 68...
	Mutating
	Mating
	Scoring
...Finished iteration with a best score of -9429.28

Beginning Iteration 69...
	Mutating
	Mating
	Scoring
...Finished iteration with a best score of -9429.28

Beginning Iteration 70...
	Mutating
	Mating
	Scoring
...Finished iteration with a best score of -9429.28

Beginning Iteration 71...
	Mutating
	Mating
	Scoring
...Finished iteration with a best score of -9429.28

Beginning Iteration 72...
	Mutating
	Mating
	Scoring
...Finished iteration with a best score of -9429.28

Beginning Iteration 73...
	Mutating
	Mating
	Scoring
...Finished iteration with a best score of -9429.28

Beginning Iteration 74...
	Mutating
	Mating
	Scoring
...Finished iteration with a best score of -9429.28

Beginning Iteration 75...
	Mutating
	Mating
	Scoring
...Finished iteration with a best score of -9429.28

Beginning Iteration 76...
	Mutating
	Mating
	Scoring
...Finished iteration with a best score of -9429.28

Beginning Iteration 77...
	Mutating
	Mating
	Scoring
...Finished iteration with a best score of -9429.28

Beginning Iteration 78...
	Mutating
	Mating
	Scoring
...Finished iteration with a best score of -9429.28

Beginning Iteration 79...
	Mutating
	Mating
	Scoring
...Finished iteration with a best score of -9429.28

Beginning Iteration 80...
	Mutating
	Mating
	Scoring
...Finished iteration with a best score of -9429.28

Beginning Iteration 81...
	Mutating
	Mating
	Scoring
...Finished iteration with a best score of -9429.28

Beginning Iteration 82...
	Mutating
	Mating
	Scoring
...Finished iteration with a best score of -9429.28

Beginning Iteration 83...
	Mutating
	Mating
	Scoring
...Finished iteration with a best score of -9429.28

Beginning Iteration 84...
	Mutating
	Mating
	Scoring
...Finished iteration with a best score of -9429.28

Beginning Iteration 85...
	Mutating
	Mating
	Scoring
...Finished iteration with a best score of -9429.28

Beginning Iteration 86...
	Mutating
	Mating
	Scoring
...Finished iteration with a best score of -9429.28

Beginning Iteration 87...
	Mutating
	Mating
	Scoring
...Finished iteration with a best score of -9429.28

Beginning Iteration 88...
	Mutating
	Mating
	Scoring
...Finished iteration with a best score of -9429.28

Beginning Iteration 89...
	Mutating
	Mating
	Scoring
...Finished iteration with a best score of -9429.28

Beginning Iteration 90...
	Mutating
	Mating
	Scoring
...Finished iteration with a best score of -9429.28

Beginning Iteration 91...
	Mutating
	Mating
	Scoring
...Finished iteration with a best score of -9429.28

Beginning Iteration 92...
	Mutating
	Mating
	Scoring
...Finished iteration with a best score of -9429.28

Beginning Iteration 93...
	Mutating
	Mating
	Scoring
...Finished iteration with a best score of -9429.28

Beginning Iteration 94...
	Mutating
	Mating
	Scoring
...Finished iteration with a best score of -9429.28

Beginning Iteration 95...
	Mutating
	Mating
	Scoring
...Finished iteration with a best score of -9429.28

Beginning Iteration 96...
	Mutating
	Mating
	Scoring
...Finished iteration with a best score of -9429.28

Beginning Iteration 97...
	Mutating
	Mating
	Scoring
...Finished iteration with a best score of -9429.28

Beginning Iteration 98...
	Mutating
	Mating
	Scoring
...Finished iteration with a best score of -9429.28

Beginning Iteration 99...
	Mutating
	Mating
	Scoring
...Finished iteration with a best score of -9429.28

Beginning Iteration 100...
	Mutating
	Mating
	Scoring
...Finished iteration with a best score of -9429.28

Beginning Iteration 101...
	Mutating
	Mating
	Scoring
...Finished iteration with a best score of -9429.28

Beginning Iteration 102...
	Mutating
	Mating
	Scoring
...Finished iteration with a best score of -9429.28

Beginning Iteration 103...
	Mutating
	Mating
	Scoring
...Finished iteration with a best score of -9429.28

Beginning Iteration 104...
	Mutating
	Mating
	Scoring
...Finished iteration with a best score of -9429.28

Beginning Iteration 105...
	Mutating
	Mating
	Scoring
...Finished iteration with a best score of -9429.28

Beginning Iteration 106...
	Mutating
	Mating
	Scoring
...Finished iteration with a best score of -9429.28

Beginning Iteration 107...
	Mutating
	Mating
	Scoring
...Finished iteration with a best score of -9429.28

Beginning Iteration 108...
	Mutating
	Mating
	Scoring
...Finished iteration with a best score of -9429.28

Beginning Iteration 109...
	Mutating
	Mating
	Scoring
...Finished iteration with a best score of -9429.28

Beginning Iteration 110...
	Mutating
	Mating
	Scoring
...Finished iteration with a best score of -9429.28

Beginning Iteration 111...
	Mutating
	Mating
	Scoring
...Finished iteration with a best score of -9429.28

Beginning Iteration 112...
	Mutating
	Mating
	Scoring
...Finished iteration with a best score of -9429.28

Beginning Iteration 113...
	Mutating
	Mating
	Scoring
...Finished iteration with a best score of -9429.28

Beginning Iteration 114...
	Mutating
	Mating
	Scoring
...Finished iteration with a best score of -9429.28

Beginning Iteration 115...
	Mutating
	Mating
	Scoring
...Finished iteration with a best score of -9429.28

Beginning Iteration 116...
	Mutating
	Mating
	Scoring
...Finished iteration with a best score of -9429.28

Beginning Iteration 117...
	Mutating
	Mating
	Scoring
...Finished iteration with a best score of -9429.28

Beginning Iteration 118...
	Mutating
	Mating
	Scoring
...Finished iteration with a best score of -9429.28

Beginning Iteration 119...
	Mutating
	Mating
	Scoring
...Finished iteration with a best score of -9429.28

Beginning Iteration 120...
	Mutating
	Mating
	Scoring
...Finished iteration with a best score of -9429.28

Beginning Iteration 121...
	Mutating
	Mating
	Scoring
...Finished iteration with a best score of -9429.28

Beginning Iteration 122...
	Mutating
	Mating
	Scoring
...Finished iteration with a best score of -9429.28

Beginning Iteration 123...
	Mutating
	Mating
	Scoring
...Finished iteration with a best score of -9429.28

Beginning Iteration 124...
	Mutating
	Mating
	Scoring
...Finished iteration with a best score of -9429.28

Beginning Iteration 125...
	Mutating
	Mating
	Scoring
...Finished iteration with a best score of -9429.28

Beginning Iteration 126...
	Mutating
	Mating
	Scoring
...Finished iteration with a best score of -9429.28

Beginning Iteration 127...
	Mutating
	Mating
	Scoring
...Finished iteration with a best score of -9429.28

Beginning Iteration 128...
	Mutating
	Mating
	Scoring
...Finished iteration with a best score of -9429.28

Beginning Iteration 129...
	Mutating
	Mating
	Scoring
...Finished iteration with a best score of -9429.28

Beginning Iteration 130...
	Mutating
	Mating
	Scoring
...Finished iteration with a best score of -9429.28

Beginning Iteration 131...
	Mutating
	Mating
	Scoring
...Finished iteration with a best score of -9429.28

Beginning Iteration 132...
	Mutating
	Mating
	Scoring
...Finished iteration with a best score of -9429.28

Beginning Iteration 133...
	Mutating
	Mating
	Scoring
...Finished iteration with a best score of -9429.28

Beginning Iteration 134...
	Mutating
	Mating
	Scoring
...Finished iteration with a best score of -9429.28

Beginning Iteration 135...
	Mutating
	Mating
	Scoring
...Finished iteration with a best score of -9429.28

Beginning Iteration 136...
	Mutating
	Mating
	Scoring
...Finished iteration with a best score of -9429.28

Beginning Iteration 137...
	Mutating
	Mating
	Scoring
...Finished iteration with a best score of -9429.28

Beginning Iteration 138...
	Mutating
	Mating
	Scoring
...Finished iteration with a best score of -9429.28

Beginning Iteration 139...
	Mutating
	Mating
	Scoring
...Finished iteration with a best score of -9429.28

Beginning Iteration 140...
	Mutating
	Mating
	Scoring
...Finished iteration with a best score of -9429.28

Beginning Iteration 141...
	Mutating
	Mating
	Scoring
...Finished iteration with a best score of -9429.28

Beginning Iteration 142...
	Mutating
	Mating
	Scoring
...Finished iteration with a best score of -9429.28

Beginning Iteration 143...
	Mutating
	Mating
	Scoring
...Finished iteration with a best score of -9429.28

Beginning Iteration 144...
	Mutating
	Mating
	Scoring
...Finished iteration with a best score of -9429.28

Beginning Iteration 145...
	Mutating
	Mating
	Scoring
...Finished iteration with a best score of -9429.28

Beginning Iteration 146...
	Mutating
	Mating
	Scoring
...Finished iteration with a best score of -9429.28

Beginning Iteration 147...
	Mutating
	Mating
	Scoring
...Finished iteration with a best score of -9429.28

Beginning Iteration 148...
	Mutating
	Mating
	Scoring
...Finished iteration with a best score of -9429.28

Beginning Iteration 149...
	Mutating
	Mating
	Scoring
...Finished iteration with a best score of -9429.28

Beginning Iteration 150...
	Mutating
	Mating
	Scoring
...Finished iteration with a best score of -9429.28

With a score of -9429.28 we have log2(|Aut(G_H)|) of 0
With edges: 


With a score of -9429.61 we have log2(|Aut(G_H)|) of 0
With edges: 
(3, 48), 

With a score of -9429.61 we have log2(|Aut(G_H)|) of 0
With edges: 
(109, 114), 

With a score of -9429.61 we have log2(|Aut(G_H)|) of 0
With edges: 
(16, 27), 

With a score of -9429.61 we have log2(|Aut(G_H)|) of 0
With edges: 
(57, 137), 

With a score of -9429.61 we have log2(|Aut(G_H)|) of 0
With edges: 
(18, 96), 

With a score of -9429.61 we have log2(|Aut(G_H)|) of 0
With edges: 
(64, 97), 

With a score of -9429.61 we have log2(|Aut(G_H)|) of 0
With edges: 
(55, 99), 

With a score of -9429.61 we have log2(|Aut(G_H)|) of 0
With edges: 
(17, 52), 

With a score of -9429.61 we have log2(|Aut(G_H)|) of 0
With edges: 
(45, 127), 

