0 147
0 145
0 144
0 142
0 140
0 138
0 135
0 134
0 133
0 132
0 131
0 129
0 58
0 57
0 52
0 50
0 49
0 41
0 38
0 31
0 13
0 11
0 7
0 6
0 5
0 4
0 1
0 15
0 16
0 24
0 25
0 28
0 61
0 64
0 65
0 66
0 69
0 71
0 73
0 75
0 77
0 78
0 79
0 80
0 81
0 82
0 84
0 85
0 86
0 88
0 90
0 92
0 93
0 94
0 95
0 96
0 97
0 98
0 99
0 100
0 103
0 105
0 106
0 110
0 111
0 114
0 118
0 119
0 120
0 121
0 122
0 123
0 125
0 126
1 149
1 148
1 146
1 145
1 144
1 142
1 141
1 140
1 138
1 137
1 136
1 135
1 134
1 133
1 131
1 128
1 58
1 56
1 55
1 54
1 53
1 49
1 46
1 45
1 44
1 43
1 41
1 40
1 39
1 37
1 36
1 33
1 11
1 7
1 6
1 13
1 59
1 14
1 15
1 21
1 22
1 25
1 26
1 60
1 61
1 63
1 64
1 73
1 75
1 76
1 77
1 78
1 80
1 81
1 85
1 88
1 89
1 90
1 91
1 92
1 93
1 94
1 95
1 96
1 98
1 100
1 101
1 103
1 107
1 108
1 109
1 110
1 111
1 112
1 113
1 115
1 119
1 120
1 121
1 123
1 124
1 125
2 149
2 148
2 147
2 145
2 143
2 142
2 140
2 137
2 133
2 132
2 131
2 130
2 54
2 53
2 52
2 50
2 49
2 48
2 46
2 45
2 44
2 43
2 42
2 40
2 39
2 37
2 36
2 35
2 34
2 32
2 31
2 12
2 10
2 6
2 5
2 3
2 13
2 59
2 14
2 16
2 20
2 22
2 23
2 27
2 28
2 60
2 62
2 63
2 68
2 69
2 72
2 73
2 74
2 75
2 77
2 81
2 83
2 89
2 91
2 93
2 95
2 96
2 97
2 99
2 102
2 103
2 105
2 107
2 108
2 110
2 112
2 113
2 114
2 115
2 117
2 118
2 120
2 126
3 147
3 146
3 145
3 144
3 143
3 140
3 139
3 136
3 135
3 134
3 132
3 130
3 128
3 57
3 55
3 54
3 52
3 51
3 50
3 49
3 45
3 42
3 41
3 40
3 35
3 32
3 31
3 30
3 9
3 8
3 7
3 6
3 14
3 15
3 17
3 19
3 21
3 22
3 27
3 28
3 60
3 61
3 63
3 64
3 66
3 67
3 69
3 71
3 72
3 74
3 75
3 76
3 77
3 78
3 79
3 81
3 83
3 84
3 85
3 86
3 89
3 90
3 91
3 92
3 94
3 95
3 98
3 99
3 100
3 101
3 105
3 106
3 114
3 116
3 117
3 121
3 122
3 124
3 125
3 126
4 149
4 148
4 143
4 139
4 138
4 137
4 132
4 131
4 129
4 56
4 55
4 54
4 53
4 52
4 51
4 49
4 47
4 45
4 44
4 43
4 42
4 39
4 37
4 34
4 32
4 31
4 30
4 12
4 10
4 9
4 13
4 29
4 15
4 18
4 19
4 21
4 24
4 25
4 26
4 27
4 28
4 60
4 62
4 66
4 69
4 71
4 72
4 73
4 79
4 80
4 81
4 82
4 85
4 87
4 88
4 92
4 94
4 95
4 101
4 102
4 103
4 105
4 110
4 113
4 116
4 117
4 118
4 119
4 120
4 123
4 125
4 126
5 146
5 144
5 140
5 137
5 136
5 134
5 133
5 132
5 131
5 130
5 129
5 128
5 55
5 54
5 48
5 46
5 38
5 37
5 36
5 33
5 11
5 10
5 9
5 7
5 6
5 59
5 20
5 22
5 23
5 24
5 62
5 63
5 64
5 66
5 67
5 68
5 69
5 70
5 72
5 78
5 79
5 80
5 81
5 82
5 84
5 87
5 90
5 92
5 93
5 94
5 96
5 97
5 98
5 101
5 102
5 103
5 104
5 105
5 106
5 108
5 109
5 112
5 115
5 118
5 119
5 120
5 123
6 144
6 143
6 141
6 139
6 138
6 135
6 134
6 133
6 132
6 130
6 57
6 55
6 51
6 50
6 49
6 48
6 47
6 46
6 45
6 41
6 37
6 36
6 35
6 33
6 31
6 12
6 11
6 8
6 7
6 13
6 14
6 15
6 17
6 18
6 19
6 20
6 21
6 23
6 24
6 28
6 63
6 65
6 70
6 71
6 72
6 74
6 75
6 76
6 77
6 78
6 80
6 82
6 85
6 86
6 88
6 89
6 90
6 94
6 95
6 96
6 99
6 100
6 102
6 109
6 111
6 114
6 117
6 120
6 121
6 122
6 123
6 124
6 125
7 148
7 147
7 144
7 139
7 133
7 130
7 129
7 128
7 58
7 56
7 55
7 53
7 50
7 49
7 45
7 44
7 43
7 38
7 37
7 31
7 12
7 13
7 127
7 14
7 15
7 16
7 18
7 19
7 22
7 23
7 24
7 25
7 26
7 28
7 62
7 63
7 65
7 67
7 68
7 70
7 74
7 76
7 78
7 80
7 81
7 83
7 86
7 87
7 88
7 91
7 92
7 95
7 96
7 97
7 100
7 101
7 102
7 103
7 104
7 105
7 107
7 108
7 109
7 110
7 114
7 116
7 117
7 122
7 123
7 125
7 126
8 149
8 148
8 141
8 140
8 139
8 136
8 134
8 133
8 132
8 131
8 130
8 57
8 55
8 53
8 50
8 49
8 47
8 43
8 42
8 38
8 37
8 35
8 33
8 30
8 12
8 9
8 59
8 29
8 14
8 17
8 22
8 23
8 61
8 63
8 64
8 66
8 70
8 73
8 76
8 77
8 79
8 82
8 84
8 86
8 87
8 88
8 89
8 91
8 92
8 93
8 95
8 98
8 99
8 101
8 102
8 104
8 105
8 106
8 109
8 110
8 113
8 114
8 118
8 119
8 120
8 124
8 126
9 148
9 147
9 145
9 144
9 143
9 141
9 140
9 139
9 138
9 137
9 135
9 132
9 130
9 128
9 58
9 57
9 56
9 53
9 52
9 50
9 48
9 46
9 45
9 44
9 43
9 42
9 41
9 38
9 33
9 30
9 13
9 59
9 29
9 16
9 18
9 19
9 21
9 23
9 24
9 25
9 26
9 28
9 60
9 61
9 64
9 65
9 66
9 67
9 68
9 69
9 70
9 71
9 72
9 75
9 76
9 78
9 79
9 80
9 81
9 82
9 83
9 86
9 88
9 92
9 93
9 95
9 96
9 97
9 98
9 99
9 100
9 106
9 113
9 116
9 121
9 125
9 126
10 148
10 147
10 141
10 140
10 139
10 137
10 134
10 133
10 131
10 58
10 51
10 48
10 47
10 46
10 44
10 42
10 41
10 36
10 33
10 31
10 11
10 13
10 127
10 29
10 14
10 16
10 18
10 19
10 20
10 22
10 23
10 25
10 26
10 27
10 28
10 60
10 61
10 62
10 64
10 68
10 71
10 74
10 78
10 79
10 85
10 90
10 91
10 94
10 98
10 101
10 102
10 105
10 106
10 107
10 108
10 109
10 110
10 112
10 115
10 118
10 123
10 124
10 125
11 148
11 147
11 145
11 144
11 142
11 140
11 134
11 133
11 132
11 130
11 57
11 56
11 51
11 50
11 49
11 47
11 41
11 40
11 37
11 35
11 31
11 30
11 127
11 29
11 15
11 16
11 18
11 19
11 20
11 24
11 25
11 28
11 60
11 62
11 63
11 65
11 66
11 68
11 70
11 74
11 75
11 79
11 80
11 81
11 82
11 84
11 85
11 87
11 88
11 90
11 97
11 98
11 101
11 103
11 105
11 106
11 108
11 109
11 113
11 114
11 118
11 119
11 120
11 121
11 122
11 125
11 126
12 148
12 147
12 145
12 142
12 141
12 140
12 139
12 136
12 135
12 133
12 130
12 128
12 58
12 57
12 53
12 52
12 44
12 43
12 42
12 35
12 34
12 15
12 17
12 18
12 20
12 26
12 27
12 60
12 61
12 66
12 69
12 76
12 80
12 81
12 84
12 85
12 86
12 87
12 88
12 89
12 90
12 92
12 96
12 97
12 100
12 103
12 105
12 107
12 114
12 115
12 116
12 117
12 120
12 124
13 149
13 147
13 145
13 144
13 143
13 142
13 140
13 139
13 136
13 135
13 130
13 129
13 128
13 57
13 55
13 54
13 50
13 49
13 48
13 47
13 42
13 41
13 40
13 39
13 33
13 31
13 30
13 29
13 15
13 18
13 19
13 20
13 22
13 26
13 65
13 67
13 71
13 74
13 78
13 79
13 80
13 81
13 84
13 85
13 86
13 89
13 92
13 94
13 95
13 97
13 100
13 102
13 106
13 107
13 108
13 109
13 111
13 113
13 114
13 115
13 116
13 117
13 118
13 119
13 121
13 123
13 124
14 148
14 146
14 145
14 141
14 139
14 138
14 137
14 135
14 134
14 133
14 129
14 58
14 53
14 51
14 49
14 48
14 47
14 46
14 43
14 41
14 40
14 32
14 59
14 127
14 29
14 15
14 16
14 17
14 18
14 19
14 20
14 21
14 22
14 23
14 24
14 25
14 26
14 27
14 61
14 62
14 65
14 66
14 68
14 70
14 71
14 73
14 75
14 76
14 77
14 78
14 80
14 83
14 84
14 87
14 88
14 90
14 91
14 93
14 94
14 96
14 98
14 101
14 102
14 103
14 106
14 107
14 108
14 109
14 111
14 114
14 116
14 119
14 120
14 121
14 123
14 124
14 126
15 149
15 147
15 146
15 145
15 143
15 142
15 137
15 136
15 131
15 130
15 129
15 58
15 56
15 55
15 51
15 50
15 49
15 47
15 45
15 44
15 42
15 39
15 38
15 37
15 36
15 34
15 31
15 30
15 127
15 17
15 19
15 20
15 21
15 22
15 24
15 26
15 27
15 61
15 62
15 63
15 64
15 66
15 68
15 69
15 70
15 71
15 73
15 74
15 75
15 76
15 78
15 81
15 83
15 84
15 85
15 86
15 89
15 92
15 94
15 98
15 100
15 102
15 106
15 107
15 108
15 111
15 112
15 113
15 114
15 115
15 116
15 118
15 119
15 120
15 122
15 123
15 124
16 149
16 148
16 147
16 146
16 145
16 141
16 138
16 137
16 134
16 133
16 131
16 130
16 128
16 58
16 57
16 56
16 54
16 49
16 44
16 43
16 42
16 39
16 38
16 37
16 34
16 32
16 59
16 17
16 18
16 20
16 21
16 24
16 27
16 60
16 62
16 65
16 66
16 72
16 74
16 75
16 76
16 78
16 81
16 85
16 86
16 87
16 88
16 89
16 90
16 91
16 92
16 93
16 94
16 95
16 98
16 100
16 101
16 102
16 103
16 104
16 105
16 106
16 107
16 108
16 109
16 112
16 114
16 116
16 117
16 118
16 119
16 120
16 123
16 125
16 126
17 149
17 148
17 147
17 146
17 145
17 142
17 139
17 138
17 131
17 130
17 128
17 58
17 56
17 55
17 52
17 49
17 47
17 46
17 45
17 44
17 43
17 42
17 41
17 40
17 39
17 36
17 35
17 32
17 30
17 127
17 29
17 18
17 19
17 20
17 21
17 23
17 24
17 27
17 60
17 61
17 62
17 63
17 64
17 66
17 70
17 71
17 72
17 73
17 75
17 76
17 77
17 78
17 79
17 80
17 81
17 83
17 89
17 90
17 91
17 93
17 95
17 96
17 98
17 100
17 102
17 103
17 104
17 107
17 108
17 111
17 112
17 113
17 114
17 116
17 117
17 118
17 120
17 121
17 124
17 125
17 126
18 147
18 144
18 143
18 141
18 140
18 139
18 137
18 57
18 56
18 53
18 50
18 48
18 46
18 44
18 42
18 40
18 34
18 33
18 32
18 31
18 127
18 19
18 21
18 22
18 23
18 24
18 27
18 60
18 62
18 63
18 64
18 68
18 70
18 71
18 73
18 75
18 80
18 84
18 85
18 86
18 87
18 89
18 91
18 92
18 93
18 96
18 97
18 99
18 101
18 102
18 103
18 104
18 108
18 109
18 110
18 111
18 112
18 114
18 115
18 116
18 117
18 118
18 120
18 122
18 124
18 126
19 148
19 147
19 146
19 145
19 142
19 139
19 138
19 137
19 132
19 130
19 128
19 57
19 56
19 54
19 53
19 51
19 50
19 49
19 46
19 44
19 43
19 41
19 37
19 32
19 30
19 59
19 29
19 22
19 23
19 28
19 64
19 66
19 69
19 71
19 72
19 74
19 75
19 82
19 85
19 86
19 90
19 92
19 93
19 98
19 99
19 100
19 101
19 103
19 106
19 107
19 109
19 110
19 111
19 113
19 115
19 116
19 117
19 121
19 122
19 123
19 124
19 125
19 126
20 148
20 144
20 143
20 142
20 141
20 139
20 138
20 136
20 131
20 130
20 128
20 58
20 57
20 55
20 54
20 52
20 50
20 48
20 46
20 40
20 38
20 37
20 36
20 35
20 34
20 32
20 31
20 59
20 21
20 22
20 23
20 25
20 26
20 62
20 64
20 69
20 70
20 73
20 75
20 76
20 77
20 79
20 80
20 82
20 83
20 85
20 87
20 88
20 89
20 90
20 91
20 93
20 94
20 96
20 97
20 99
20 101
20 103
20 106
20 108
20 109
20 110
20 114
20 116
20 118
20 123
20 124
20 126
21 149
21 147
21 145
21 144
21 141
21 139
21 138
21 135
21 134
21 133
21 131
21 130
21 128
21 53
21 52
21 50
21 46
21 44
21 43
21 39
21 36
21 34
21 32
21 22
21 23
21 24
21 27
21 61
21 62
21 63
21 64
21 65
21 67
21 70
21 72
21 75
21 77
21 78
21 80
21 81
21 82
21 83
21 85
21 87
21 89
21 92
21 94
21 95
21 96
21 99
21 102
21 106
21 115
21 117
21 120
21 121
21 123
21 124
21 125
22 148
22 147
22 146
22 145
22 144
22 142
22 139
22 135
22 134
22 133
22 129
22 128
22 52
22 51
22 49
22 48
22 46
22 44
22 42
22 41
22 40
22 39
22 38
22 37
22 36
22 34
22 30
22 59
22 29
22 25
22 27
22 60
22 61
22 62
22 65
22 66
22 69
22 70
22 72
22 74
22 78
22 80
22 87
22 89
22 90
22 92
22 96
22 97
22 98
22 99
22 102
22 103
22 105
22 107
22 108
22 112
22 114
22 116
22 117
22 120
22 121
22 122
22 123
22 124
22 126
23 147
23 146
23 142
23 139
23 138
23 137
23 134
23 133
23 132
23 128
23 55
23 54
23 53
23 52
23 51
23 50
23 49
23 48
23 46
23 42
23 40
23 39
23 38
23 37
23 32
23 30
23 127
23 29
23 25
23 28
23 60
23 61
23 63
23 69
23 70
23 71
23 73
23 74
23 77
23 79
23 82
23 84
23 86
23 87
23 88
23 90
23 91
23 93
23 98
23 99
23 101
23 104
23 107
23 108
23 110
23 111
23 113
23 116
23 117
23 120
23 123
23 124
23 125
23 126
24 149
24 147
24 146
24 145
24 144
24 143
24 140
24 138
24 137
24 130
24 58
24 56
24 53
24 52
24 47
24 45
24 43
24 42
24 40
24 38
24 37
24 34
24 33
24 31
24 30
24 127
24 26
24 27
24 28
24 66
24 67
24 68
24 69
24 70
24 72
24 73
24 77
24 78
24 79
24 82
24 83
24 84
24 86
24 87
24 88
24 90
24 91
24 92
24 93
24 95
24 96
24 97
24 99
24 102
24 103
24 104
24 105
24 107
24 108
24 109
24 111
24 113
24 114
24 118
24 119
24 121
24 122
25 143
25 141
25 134
25 132
25 131
25 130
25 129
25 128
25 58
25 55
25 50
25 48
25 45
25 43
25 42
25 39
25 36
25 35
25 33
25 127
25 29
25 27
25 60
25 61
25 64
25 66
25 67
25 68
25 69
25 70
25 74
25 76
25 77
25 80
25 83
25 84
25 86
25 87
25 88
25 92
25 93
25 94
25 95
25 96
25 97
25 98
25 99
25 101
25 104
25 105
25 106
25 107
25 108
25 109
25 110
25 111
25 112
25 114
25 115
25 117
25 120
25 123
25 124
25 126
26 147
26 146
26 145
26 144
26 142
26 140
26 139
26 138
26 137
26 135
26 134
26 57
26 56
26 55
26 54
26 52
26 50
26 49
26 48
26 47
26 43
26 41
26 40
26 35
26 34
26 33
26 31
26 30
26 59
26 27
26 60
26 63
26 65
26 66
26 69
26 70
26 74
26 75
26 76
26 81
26 82
26 84
26 85
26 87
26 88
26 91
26 93
26 95
26 97
26 99
26 100
26 101
26 102
26 103
26 104
26 105
26 106
26 110
26 112
26 114
26 115
26 120
26 123
26 126
27 149
27 148
27 147
27 144
27 142
27 141
27 140
27 138
27 134
27 132
27 131
27 129
27 57
27 54
27 53
27 47
27 46
27 45
27 43
27 42
27 40
27 39
27 38
27 33
27 30
27 59
27 127
27 29
27 60
27 61
27 64
27 65
27 68
27 69
27 77
27 80
27 81
27 87
27 90
27 92
27 95
27 97
27 100
27 101
27 102
27 103
27 104
27 105
27 106
27 107
27 108
27 109
27 112
27 113
27 114
27 121
28 146
28 145
28 143
28 142
28 140
28 139
28 137
28 136
28 134
28 130
28 129
28 58
28 55
28 54
28 53
28 52
28 50
28 49
28 46
28 42
28 40
28 39
28 37
28 36
28 34
28 33
28 32
28 30
28 127
28 29
28 60
28 61
28 63
28 64
28 65
28 66
28 67
28 70
28 71
28 73
28 74
28 76
28 77
28 79
28 81
28 82
28 83
28 84
28 85
28 87
28 88
28 89
28 90
28 91
28 92
28 93
28 94
28 95
28 99
28 100
28 101
28 102
28 103
28 105
28 107
28 108
28 109
28 110
28 111
28 112
28 120
28 122
28 125
28 126
29 147
29 144
29 143
29 137
29 136
29 135
29 133
29 131
29 130
29 129
29 128
29 57
29 50
29 49
29 48
29 45
29 42
29 41
29 39
29 37
29 36
29 34
29 32
29 30
29 59
29 61
29 62
29 64
29 66
29 68
29 71
29 72
29 78
29 82
29 83
29 84
29 85
29 91
29 92
29 95
29 96
29 97
29 99
29 100
29 101
29 103
29 104
29 105
29 106
29 110
29 112
29 114
29 115
29 117
29 121
29 124
29 126
30 148
30 147
30 146
30 144
30 140
30 137
30 132
30 131
30 130
30 129
30 128
30 57
30 56
30 55
30 53
30 51
30 49
30 46
30 45
30 41
30 39
30 38
30 37
30 35
30 33
30 59
30 127
30 61
30 62
30 63
30 66
30 67
30 69
30 70
30 72
30 73
30 74
30 76
30 78
30 81
30 87
30 89
30 90
30 92
30 94
30 98
30 99
30 100
30 102
30 103
30 105
30 106
30 113
30 114
30 117
30 118
30 119
30 121
30 122
30 123
30 125
30 126
31 145
31 144
31 143
31 139
31 138
31 133
31 129
31 57
31 56
31 51
31 50
31 46
31 44
31 43
31 41
31 40
31 39
31 38
31 37
31 36
31 35
31 34
31 33
31 32
31 61
31 62
31 63
31 67
31 68
31 69
31 74
31 75
31 76
31 79
31 80
31 81
31 83
31 87
31 88
31 89
31 90
31 92
31 95
31 96
31 97
31 98
31 99
31 101
31 103
31 106
31 107
31 110
31 111
31 114
31 119
31 120
31 122
31 124
31 125
32 148
32 147
32 143
32 142
32 136
32 134
32 130
32 129
32 128
32 58
32 56
32 55
32 54
32 53
32 52
32 51
32 50
32 49
32 47
32 46
32 44
32 43
32 42
32 41
32 38
32 37
32 35
32 34
32 33
32 59
32 127
32 61
32 63
32 66
32 70
32 71
32 72
32 74
32 75
32 76
32 79
32 82
32 85
32 87
32 89
32 92
32 94
32 97
32 98
32 101
32 102
32 104
32 106
32 107
32 108
32 110
32 111
32 115
32 120
32 121
32 126
33 148
33 146
33 145
33 143
33 142
33 141
33 140
33 134
33 131
33 128
33 58
33 56
33 54
33 51
33 49
33 44
33 43
33 42
33 41
33 40
33 39
33 37
33 36
33 34
33 59
33 127
33 61
33 62
33 63
33 65
33 67
33 70
33 71
33 74
33 76
33 77
33 80
33 82
33 83
33 84
33 86
33 87
33 88
33 89
33 90
33 92
33 93
33 95
33 97
33 100
33 101
33 106
33 107
33 108
33 109
33 115
33 118
33 122
33 123
33 124
34 149
34 148
34 147
34 143
34 140
34 139
34 136
34 134
34 133
34 132
34 130
34 129
34 57
34 56
34 55
34 53
34 52
34 51
34 50
34 48
34 46
34 45
34 44
34 43
34 42
34 41
34 39
34 38
34 37
34 59
34 60
34 62
34 63
34 64
34 65
34 68
34 70
34 71
34 74
34 75
34 77
34 79
34 81
34 82
34 83
34 84
34 92
34 95
34 96
34 98
34 101
34 105
34 106
34 107
34 108
34 109
34 110
34 111
34 112
34 113
34 116
34 119
34 121
34 124
34 125
34 126
35 149
35 148
35 143
35 139
35 138
35 130
35 128
35 57
35 56
35 54
35 51
35 50
35 49
35 48
35 47
35 46
35 42
35 41
35 40
35 39
35 38
35 37
35 36
35 59
35 62
35 65
35 67
35 68
35 70
35 72
35 73
35 75
35 77
35 81
35 83
35 85
35 88
35 90
35 99
35 100
35 104
35 106
35 107
35 109
35 114
35 117
35 120
35 123
35 125
35 126
36 149
36 147
36 146
36 144
36 143
36 138
36 137
36 136
36 135
36 134
36 131
36 130
36 129
36 58
36 57
36 54
36 53
36 49
36 47
36 46
36 45
36 44
36 43
36 42
36 41
36 38
36 37
36 127
36 61
36 62
36 63
36 66
36 68
36 69
36 70
36 71
36 72
36 73
36 74
36 75
36 76
36 82
36 83
36 87
36 89
36 90
36 91
36 92
36 93
36 96
36 100
36 101
36 105
36 107
36 108
36 113
36 114
36 115
36 121
36 122
36 123
37 149
37 147
37 145
37 137
37 135
37 132
37 131
37 57
37 55
37 54
37 50
37 49
37 47
37 46
37 45
37 44
37 42
37 39
37 38
37 127
37 60
37 62
37 63
37 64
37 65
37 66
37 69
37 73
37 74
37 75
37 77
37 78
37 83
37 85
37 86
37 87
37 89
37 90
37 92
37 94
37 95
37 97
37 98
37 99
37 101
37 104
37 105
37 107
37 112
37 113
37 114
37 115
37 117
37 120
37 121
37 122
37 124
37 125
37 126
38 147
38 145
38 144
38 143
38 139
38 138
38 137
38 135
38 134
38 130
38 129
38 58
38 52
38 48
38 44
38 43
38 41
38 39
38 59
38 127
38 60
38 61
38 63
38 64
38 65
38 66
38 67
38 70
38 73
38 74
38 75
38 76
38 77
38 79
38 82
38 86
38 89
38 93
38 94
38 95
38 97
38 98
38 100
38 103
38 109
38 112
38 113
38 114
38 115
38 122
38 123
38 124
38 126
39 149
39 147
39 145
39 143
39 142
39 140
39 138
39 137
39 136
39 134
39 132
39 131
39 130
39 129
39 57
39 55
39 54
39 51
39 48
39 46
39 45
39 43
39 41
39 59
39 127
39 60
39 66
39 68
39 69
39 71
39 76
39 78
39 83
39 85
39 86
39 96
39 98
39 104
39 106
39 109
39 110
39 111
39 114
39 116
39 118
39 120
39 121
39 123
39 124
39 126
40 149
40 148
40 147
40 146
40 145
40 144
40 143
40 142
40 141
40 138
40 136
40 134
40 132
40 130
40 129
40 128
40 58
40 57
40 55
40 53
40 49
40 46
40 45
40 44
40 43
40 59
40 60
40 61
40 67
40 73
40 74
40 76
40 79
40 81
40 83
40 85
40 87
40 88
40 92
40 93
40 94
40 95
40 96
40 97
40 98
40 100
40 101
40 102
40 103
40 104
40 105
40 107
40 109
40 111
40 112
40 114
40 116
40 122
40 124
40 125
41 148
41 143
41 138
41 136
41 135
41 134
41 131
41 129
41 56
41 54
41 52
41 51
41 49
41 48
41 47
41 43
41 42
41 60
41 61
41 63
41 67
41 69
41 70
41 73
41 76
41 79
41 80
41 81
41 83
41 85
41 86
41 87
41 92
41 93
41 96
41 99
41 100
41 101
41 102
41 103
41 105
41 106
41 109
41 112
41 113
41 118
41 121
41 123
41 124
41 126
42 149
42 148
42 146
42 145
42 143
42 131
42 130
42 129
42 57
42 55
42 50
42 49
42 48
42 45
42 64
42 68
42 69
42 70
42 71
42 76
42 77
42 78
42 79
42 82
42 83
42 85
42 87
42 89
42 90
42 91
42 93
42 94
42 96
42 97
42 99
42 100
42 101
42 102
42 103
42 104
42 105
42 107
42 108
42 110
42 113
42 118
42 119
42 120
42 122
42 123
43 147
43 146
43 144
43 143
43 142
43 140
43 138
43 136
43 134
43 131
43 130
43 128
43 58
43 55
43 54
43 50
43 49
43 48
43 46
43 60
43 61
43 63
43 64
43 68
43 70
43 80
43 81
43 84
43 85
43 87
43 88
43 90
43 92
43 93
43 98
43 101
43 106
43 109
43 110
43 114
43 116
43 118
43 119
43 121
43 122
43 123
44 149
44 148
44 147
44 146
44 145
44 144
44 143
44 139
44 135
44 133
44 132
44 129
44 128
44 58
44 55
44 53
44 52
44 51
44 47
44 59
44 127
44 60
44 61
44 62
44 63
44 64
44 67
44 71
44 73
44 76
44 77
44 80
44 82
44 85
44 87
44 88
44 90
44 94
44 96
44 98
44 100
44 101
44 102
44 105
44 106
44 108
44 111
44 113
44 114
44 115
44 118
44 119
44 122
44 123
44 125
45 148
45 144
45 140
45 137
45 135
45 133
45 131
45 129
45 128
45 54
45 52
45 51
45 49
45 48
45 46
45 59
45 127
45 63
45 64
45 65
45 67
45 69
45 70
45 71
45 73
45 74
45 75
45 78
45 79
45 80
45 82
45 83
45 84
45 85
45 86
45 87
45 88
45 89
45 90
45 93
45 94
45 99
45 102
45 103
45 105
45 107
45 108
45 109
45 111
45 114
45 120
45 123
45 125
45 126
46 149
46 148
46 147
46 146
46 142
46 140
46 138
46 137
46 135
46 133
46 132
46 129
46 128
46 53
46 51
46 48
46 127
46 60
46 61
46 62
46 63
46 65
46 66
46 69
46 72
46 73
46 75
46 77
46 79
46 80
46 82
46 83
46 86
46 87
46 90
46 92
46 93
46 94
46 97
46 101
46 103
46 107
46 111
46 113
46 118
46 123
46 124
46 126
47 148
47 147
47 146
47 145
47 144
47 143
47 142
47 141
47 139
47 138
47 137
47 135
47 134
47 131
47 130
47 128
47 53
47 51
47 50
47 49
47 48
47 61
47 62
47 64
47 65
47 67
47 69
47 70
47 71
47 72
47 73
47 76
47 79
47 80
47 81
47 82
47 83
47 86
47 87
47 88
47 90
47 96
47 97
47 98
47 100
47 101
47 104
47 108
47 110
47 113
47 116
47 117
47 118
47 120
47 122
47 123
47 124
47 125
48 149
48 146
48 145
48 143
48 141
48 138
48 136
48 135
48 134
48 131
48 128
48 58
48 56
48 55
48 54
48 52
48 51
48 50
48 49
48 60
48 61
48 62
48 63
48 64
48 65
48 66
48 67
48 68
48 69
48 71
48 72
48 73
48 74
48 77
48 80
48 82
48 83
48 87
48 90
48 92
48 93
48 95
48 96
48 97
48 101
48 102
48 108
48 111
48 112
48 115
48 116
48 120
48 121
48 124
48 125
48 126
49 149
49 148
49 147
49 141
49 139
49 135
49 134
49 133
49 131
49 57
49 56
49 55
49 54
49 53
49 52
49 50
49 127
49 62
49 63
49 65
49 66
49 68
49 70
49 73
49 74
49 76
49 78
49 80
49 81
49 83
49 85
49 86
49 87
49 91
49 93
49 94
49 97
49 99
49 100
49 104
49 106
49 107
49 109
49 110
49 111
49 112
49 114
49 115
49 116
49 117
49 118
49 119
49 120
49 121
49 122
49 124
49 125
50 149
50 148
50 147
50 146
50 145
50 144
50 143
50 142
50 140
50 131
50 129
50 58
50 57
50 52
50 51
50 59
50 63
50 64
50 65
50 66
50 67
50 68
50 71
50 73
50 74
50 81
50 82
50 84
50 85
50 86
50 87
50 88
50 89
50 90
50 94
50 95
50 99
50 102
50 105
50 110
50 111
50 113
50 115
50 116
50 117
50 118
50 119
50 123
50 124
51 149
51 147
51 146
51 143
51 142
51 141
51 139
51 138
51 134
51 132
51 130
51 129
51 54
51 52
51 59
51 63
51 67
51 72
51 77
51 81
51 84
51 86
51 88
51 89
51 90
51 92
51 96
51 98
51 100
51 106
51 107
51 108
51 109
51 112
51 113
51 114
51 115
51 116
51 117
51 118
51 121
51 125
52 147
52 143
52 141
52 138
52 137
52 136
52 135
52 134
52 133
52 132
52 131
52 130
52 57
52 56
52 55
52 54
52 127
52 61
52 63
52 65
52 66
52 67
52 68
52 69
52 71
52 72
52 74
52 75
52 76
52 77
52 84
52 85
52 86
52 87
52 89
52 94
52 95
52 99
52 100
52 103
52 110
52 111
52 112
52 117
52 118
52 119
52 120
52 122
52 123
52 125
52 126
53 149
53 148
53 147
53 143
53 141
53 140
53 139
53 138
53 137
53 135
53 134
53 55
53 127
53 60
53 61
53 62
53 64
53 65
53 68
53 69
53 73
53 75
53 78
53 84
53 86
53 87
53 90
53 98
53 99
53 101
53 105
53 107
53 108
53 110
53 111
53 113
53 114
53 116
53 117
53 118
53 120
53 121
53 122
53 123
53 124
53 126
54 149
54 148
54 144
54 143
54 142
54 141
54 138
54 135
54 129
54 128
54 57
54 56
54 55
54 60
54 62
54 64
54 69
54 70
54 76
54 78
54 81
54 83
54 87
54 88
54 92
54 94
54 95
54 96
54 99
54 100
54 101
54 102
54 103
54 105
54 107
54 108
54 110
54 111
54 114
54 117
54 118
54 119
54 120
54 121
54 123
54 125
54 126
55 149
55 144
55 141
55 140
55 139
55 137
55 132
55 131
55 130
55 57
55 127
55 61
55 63
55 64
55 67
55 70
55 71
55 72
55 74
55 80
55 88
55 89
55 94
55 97
55 99
55 100
55 105
55 106
55 109
55 110
55 112
55 115
55 117
55 119
55 121
55 122
55 123
55 124
56 149
56 147
56 140
56 137
56 136
56 134
56 131
56 130
56 129
56 128
56 58
56 127
56 60
56 62
56 63
56 64
56 65
56 67
56 69
56 70
56 72
56 73
56 74
56 76
56 77
56 82
56 84
56 87
56 88
56 91
56 92
56 94
56 95
56 98
56 101
56 102
56 103
56 105
56 107
56 109
56 111
56 115
56 116
56 119
56 123
56 125
56 126
57 149
57 148
57 147
57 145
57 140
57 139
57 137
57 135
57 134
57 133
57 64
57 65
57 67
57 71
57 73
57 74
57 75
57 76
57 77
57 79
57 80
57 83
57 85
57 86
57 87
57 88
57 89
57 90
57 91
57 96
57 101
57 102
57 103
57 105
57 106
57 107
57 109
57 113
57 115
57 116
57 120
58 149
58 147
58 144
58 143
58 140
58 137
58 136
58 133
58 132
58 131
58 130
58 129
58 61
58 62
58 63
58 64
58 65
58 66
58 67
58 71
58 72
58 73
58 74
58 75
58 81
58 87
58 93
58 96
58 99
58 100
58 101
58 104
58 105
58 106
58 110
58 111
58 115
58 116
58 120
58 123
59 148
59 147
59 146
59 145
59 136
59 133
59 128
59 127
59 60
59 65
59 66
59 67
59 69
59 70
59 72
59 75
59 76
59 77
59 78
59 81
59 82
59 86
59 94
59 98
59 99
59 100
59 101
59 102
59 105
59 108
59 112
59 113
59 114
59 118
60 148
60 146
60 145
60 143
60 135
60 134
60 133
60 132
60 131
60 130
60 129
60 62
60 64
60 65
60 66
60 68
60 72
60 73
60 75
60 77
60 78
60 80
60 82
60 84
60 86
60 88
60 90
60 95
60 100
60 101
60 108
60 110
60 113
60 114
60 115
60 117
60 120
61 147
61 145
61 143
61 140
61 137
61 135
61 134
61 133
61 129
61 127
61 64
61 68
61 69
61 70
61 72
61 73
61 74
61 75
61 77
61 78
61 79
61 83
61 88
61 90
61 96
61 102
61 104
61 106
61 107
61 109
61 110
61 111
61 113
61 114
61 121
61 123
61 125
62 149
62 145
62 143
62 142
62 139
62 138
62 137
62 135
62 134
62 133
62 131
62 128
62 127
62 63
62 64
62 65
62 67
62 68
62 69
62 74
62 75
62 76
62 78
62 84
62 87
62 91
62 92
62 94
62 95
62 96
62 101
62 102
62 104
62 105
62 107
62 108
62 109
62 110
62 111
62 112
62 114
62 115
62 117
62 118
62 121
62 122
62 123
62 124
62 125
63 148
63 147
63 146
63 144
63 143
63 142
63 140
63 139
63 137
63 135
63 134
63 132
63 131
63 129
63 127
63 66
63 68
63 71
63 74
63 75
63 76
63 77
63 79
63 80
63 83
63 87
63 88
63 90
63 91
63 92
63 93
63 95
63 96
63 98
63 99
63 100
63 101
63 102
63 106
63 110
63 111
63 113
63 114
63 115
63 117
63 118
63 119
63 120
63 123
63 124
63 125
63 126
64 149
64 144
64 142
64 141
64 140
64 139
64 138
64 136
64 132
64 131
64 130
64 129
64 65
64 66
64 67
64 69
64 70
64 71
64 73
64 77
64 81
64 82
64 83
64 89
64 92
64 93
64 94
64 96
64 98
64 99
64 100
64 101
64 105
64 106
64 110
64 111
64 113
64 116
64 117
64 119
64 121
64 123
64 124
64 125
64 126
65 149
65 147
65 146
65 145
65 144
65 143
65 139
65 138
65 136
65 135
65 134
65 133
65 132
65 131
65 128
65 67
65 68
65 69
65 72
65 74
65 75
65 78
65 79
65 81
65 82
65 83
65 84
65 86
65 88
65 89
65 94
65 95
65 99
65 100
65 102
65 105
65 106
65 107
65 111
65 113
65 115
65 116
65 119
65 120
65 121
65 123
65 124
66 149
66 146
66 145
66 144
66 142
66 139
66 138
66 137
66 135
66 131
66 129
66 69
66 72
66 73
66 74
66 76
66 77
66 78
66 80
66 81
66 82
66 83
66 85
66 86
66 89
66 94
66 96
66 101
66 102
66 104
66 106
66 107
66 108
66 109
66 110
66 112
66 114
66 115
66 122
66 123
67 149
67 148
67 144
67 143
67 138
67 137
67 136
67 133
67 68
67 69
67 70
67 72
67 73
67 74
67 75
67 76
67 77
67 79
67 81
67 82
67 83
67 85
67 87
67 91
67 92
67 93
67 95
67 96
67 100
67 104
67 105
67 106
67 108
67 110
67 111
67 118
67 119
67 120
67 121
67 122
67 124
68 148
68 146
68 145
68 143
68 141
68 139
68 136
68 135
68 133
68 132
68 131
68 129
68 127
68 69
68 71
68 72
68 75
68 77
68 80
68 83
68 85
68 86
68 87
68 88
68 89
68 90
68 94
68 95
68 96
68 97
68 100
68 101
68 102
68 105
68 108
68 109
68 111
68 112
68 116
68 117
68 119
68 120
68 121
68 122
68 124
68 125
68 126
69 149
69 147
69 146
69 144
69 143
69 142
69 140
69 139
69 138
69 136
69 135
69 134
69 132
69 131
69 130
69 128
69 127
69 70
69 72
69 74
69 75
69 76
69 78
69 79
69 82
69 83
69 86
69 87
69 88
69 90
69 91
69 92
69 93
69 94
69 95
69 96
69 99
69 100
69 101
69 104
69 111
69 113
69 114
69 116
69 118
69 119
69 120
69 121
69 122
69 123
69 124
69 126
70 149
70 148
70 146
70 140
70 139
70 136
70 135
70 134
70 133
70 130
70 129
70 127
70 72
70 73
70 74
70 75
70 77
70 79
70 80
70 82
70 88
70 91
70 92
70 94
70 97
70 98
70 99
70 100
70 102
70 103
70 104
70 106
70 107
70 109
70 110
70 112
70 113
70 114
70 115
70 116
70 119
70 120
70 121
70 126
71 149
71 147
71 146
71 145
71 144
71 143
71 140
71 139
71 138
71 137
71 135
71 134
71 133
71 132
71 131
71 129
71 72
71 73
71 75
71 78
71 81
71 82
71 83
71 84
71 93
71 95
71 96
71 97
71 98
71 100
71 103
71 106
71 107
71 108
71 112
71 114
71 115
71 116
71 117
71 120
71 121
71 122
71 123
72 149
72 148
72 147
72 145
72 144
72 142
72 140
72 138
72 137
72 134
72 133
72 131
72 128
72 127
72 74
72 76
72 78
72 81
72 84
72 87
72 88
72 89
72 90
72 91
72 93
72 94
72 95
72 98
72 100
72 103
72 108
72 110
72 111
72 112
72 113
72 114
72 116
72 122
72 124
72 125
72 126
73 148
73 146
73 145
73 142
73 141
73 138
73 135
73 133
73 131
73 129
73 127
73 76
73 77
73 79
73 81
73 83
73 85
73 86
73 87
73 88
73 89
73 91
73 93
73 95
73 96
73 98
73 101
73 102
73 103
73 106
73 108
73 109
73 110
73 111
73 113
73 116
73 117
73 120
73 121
73 124
74 142
74 141
74 139
74 138
74 136
74 135
74 133
74 132
74 128
74 127
74 75
74 77
74 78
74 81
74 82
74 83
74 84
74 91
74 92
74 94
74 95
74 98
74 102
74 104
74 106
74 108
74 109
74 110
74 111
74 112
74 113
74 116
74 120
74 121
74 122
74 123
74 124
74 125
75 149
75 146
75 144
75 143
75 142
75 137
75 134
75 132
75 131
75 130
75 77
75 78
75 81
75 82
75 84
75 86
75 90
75 91
75 92
75 93
75 94
75 96
75 98
75 102
75 103
75 105
75 107
75 108
75 111
75 112
75 113
75 116
75 118
75 119
75 120
75 122
76 148
76 144
76 141
76 140
76 139
76 137
76 136
76 134
76 131
76 128
76 127
76 78
76 79
76 82
76 83
76 84
76 85
76 86
76 87
76 88
76 89
76 90
76 91
76 93
76 94
76 95
76 98
76 102
76 104
76 105
76 106
76 107
76 109
76 113
76 114
76 116
76 121
76 122
76 123
76 124
76 126
77 148
77 146
77 144
77 142
77 141
77 140
77 139
77 131
77 130
77 129
77 79
77 80
77 81
77 82
77 84
77 85
77 86
77 87
77 89
77 91
77 94
77 95
77 97
77 101
77 103
77 106
77 107
77 109
77 110
77 113
77 114
77 115
77 117
77 125
78 149
78 147
78 146
78 145
78 141
78 139
78 138
78 137
78 136
78 134
78 131
78 129
78 79
78 81
78 85
78 86
78 89
78 91
78 94
78 96
78 97
78 98
78 99
78 100
78 104
78 109
78 115
78 116
78 117
78 118
78 119
78 120
78 123
78 124
78 126
79 149
79 148
79 146
79 144
79 143
79 142
79 138
79 135
79 134
79 80
79 81
79 82
79 84
79 85
79 87
79 88
79 89
79 93
79 95
79 97
79 101
79 103
79 106
79 107
79 110
79 114
79 117
79 119
79 121
79 123
79 125
80 148
80 146
80 145
80 143
80 141
80 140
80 139
80 137
80 136
80 134
80 131
80 130
80 81
80 82
80 83
80 87
80 88
80 89
80 92
80 93
80 94
80 97
80 98
80 99
80 102
80 103
80 105
80 106
80 108
80 109
80 110
80 112
80 113
80 114
80 116
80 117
80 119
80 120
80 121
80 123
80 125
81 147
81 144
81 143
81 140
81 139
81 136
81 135
81 134
81 133
81 132
81 129
81 128
81 84
81 88
81 89
81 90
81 91
81 93
81 94
81 96
81 100
81 102
81 104
81 105
81 107
81 108
81 110
81 112
81 113
81 114
81 115
81 116
81 118
81 124
81 125
81 126
82 148
82 137
82 136
82 133
82 131
82 130
82 129
82 127
82 83
82 93
82 94
82 95
82 98
82 99
82 100
82 101
82 102
82 103
82 104
82 105
82 107
82 108
82 109
82 111
82 112
82 113
82 116
82 117
82 118
82 120
82 122
82 124
82 126
83 149
83 148
83 147
83 145
83 144
83 138
83 136
83 134
83 129
83 84
83 85
83 87
83 89
83 90
83 91
83 92
83 95
83 97
83 98
83 100
83 102
83 103
83 105
83 107
83 109
83 111
83 112
83 119
83 121
83 123
83 124
83 126
84 149
84 148
84 146
84 145
84 144
84 143
84 142
84 141
84 140
84 139
84 138
84 135
84 134
84 133
84 131
84 130
84 128
84 127
84 85
84 86
84 88
84 90
84 91
84 92
84 93
84 98
84 99
84 102
84 103
84 104
84 105
84 106
84 108
84 114
84 117
84 118
84 121
84 122
84 126
85 147
85 146
85 145
85 141
85 140
85 138
85 137
85 133
85 132
85 130
85 128
85 89
85 92
85 93
85 95
85 96
85 97
85 98
85 99
85 100
85 101
85 106
85 107
85 108
85 109
85 110
85 111
85 112
85 113
85 114
85 115
85 118
85 119
85 120
85 121
85 123
85 124
86 149
86 148
86 145
86 144
86 143
86 142
86 141
86 138
86 131
86 130
86 128
86 87
86 88
86 89
86 90
86 93
86 98
86 99
86 100
86 102
86 103
86 107
86 110
86 111
86 113
86 114
86 117
86 119
86 122
86 123
86 125
86 126
87 148
87 147
87 144
87 143
87 142
87 139
87 138
87 137
87 134
87 133
87 132
87 130
87 129
87 128
87 89
87 90
87 91
87 95
87 100
87 104
87 105
87 108
87 109
87 111
87 112
87 113
87 114
87 115
87 119
87 123
87 124
87 125
87 126
88 148
88 147
88 145
88 144
88 143
88 141
88 139
88 137
88 136
88 135
88 133
88 132
88 131
88 130
88 129
88 128
88 127
88 89
88 90
88 91
88 92
88 95
88 96
88 97
88 98
88 99
88 100
88 101
88 102
88 103
88 105
88 108
88 109
88 114
88 115
88 116
88 121
88 123
88 124
88 126
89 145
89 143
89 140
89 138
89 136
89 135
89 134
89 133
89 132
89 131
89 91
89 93
89 99
89 101
89 102
89 105
89 106
89 109
89 111
89 112
89 114
89 115
89 116
89 117
89 120
89 125
89 126
90 148
90 147
90 146
90 145
90 142
90 141
90 140
90 139
90 136
90 135
90 134
90 133
90 132
90 131
90 129
90 128
90 127
90 94
90 95
90 96
90 97
90 99
90 100
90 101
90 102
90 105
90 106
90 110
90 111
90 113
90 115
90 116
90 119
90 121
90 123
90 124
91 144
91 142
91 141
91 140
91 136
91 135
91 134
91 133
91 131
91 129
91 128
91 127
91 92
91 93
91 94
91 96
91 98
91 99
91 100
91 101
91 106
91 108
91 110
91 114
91 118
91 119
91 122
91 124
91 125
92 149
92 147
92 144
92 143
92 139
92 136
92 135
92 132
92 131
92 130
92 129
92 127
92 97
92 99
92 100
92 101
92 104
92 105
92 107
92 108
92 110
92 111
92 112
92 115
92 117
92 118
92 119
92 121
92 122
92 123
92 124
93 149
93 147
93 144
93 142
93 140
93 139
93 136
93 134
93 133
93 131
93 129
93 127
93 94
93 96
93 98
93 99
93 108
93 109
93 111
93 115
93 116
93 118
93 120
93 121
93 125
94 148
94 147
94 142
94 139
94 133
94 132
94 128
94 127
94 96
94 97
94 98
94 100
94 101
94 102
94 104
94 105
94 108
94 110
94 111
94 114
94 117
94 118
94 120
94 121
94 122
94 124
94 125
95 149
95 147
95 146
95 144
95 143
95 140
95 139
95 138
95 137
95 134
95 133
95 132
95 131
95 127
95 96
95 97
95 98
95 101
95 102
95 103
95 105
95 106
95 108
95 112
95 113
95 114
95 115
95 119
95 120
95 122
95 125
95 126
96 148
96 146
96 145
96 144
96 143
96 140
96 139
96 136
96 133
96 132
96 131
96 130
96 129
96 128
96 127
96 97
96 101
96 102
96 104
96 105
96 106
96 108
96 109
96 111
96 112
96 114
96 116
96 120
96 125
97 149
97 148
97 145
97 144
97 140
97 139
97 137
97 135
97 134
97 132
97 130
97 128
97 127
97 99
97 100
97 101
97 103
97 104
97 109
97 111
97 113
97 115
97 116
97 119
97 120
97 124
98 148
98 147
98 146
98 144
98 143
98 142
98 141
98 137
98 133
98 131
98 130
98 129
98 127
98 99
98 100
98 102
98 104
98 105
98 107
98 111
98 112
98 114
98 115
98 116
98 118
98 119
98 123
98 124
98 125
98 126
99 149
99 145
99 143
99 140
99 135
99 133
99 127
99 103
99 104
99 108
99 109
99 113
99 114
99 117
99 119
99 120
99 121
99 122
99 123
99 125
99 126
100 147
100 146
100 141
100 139
100 134
100 133
100 132
100 131
100 127
100 101
100 102
100 103
100 104
100 105
100 108
100 109
100 110
100 111
100 112
100 115
100 116
100 117
100 119
100 123
100 124
100 125
100 126
101 149
101 148
101 147
101 145
101 142
101 139
101 138
101 136
101 135
101 134
101 133
101 128
101 103
101 106
101 110
101 111
101 112
101 113
101 114
101 115
101 116
101 117
101 119
101 122
101 123
102 149
102 148
102 146
102 145
102 141
102 140
102 135
102 132
102 131
102 129
102 103
102 109
102 110
102 114
102 115
102 117
102 121
102 122
102 124
103 148
103 147
103 145
103 142
103 139
103 132
103 129
103 128
103 127
103 108
103 109
103 110
103 113
103 116
103 117
103 120
103 121
103 122
103 123
103 124
103 125
104 148
104 146
104 145
104 143
104 142
104 141
104 138
104 137
104 133
104 129
104 127
104 106
104 108
104 111
104 113
104 114
104 118
104 119
104 120
104 124
104 125
104 126
105 145
105 144
105 143
105 140
105 139
105 136
105 134
105 133
105 127
105 106
105 107
105 110
105 111
105 112
105 113
105 114
105 115
105 116
105 117
105 121
105 126
106 149
106 148
106 147
106 144
106 143
106 142
106 141
106 140
106 139
106 138
106 136
106 133
106 130
106 127
106 107
106 109
106 113
106 116
106 119
106 121
106 122
106 126
107 149
107 147
107 143
107 142
107 140
107 136
107 135
107 134
107 131
107 127
107 110
107 111
107 112
107 113
107 114
107 117
107 121
107 123
108 149
108 148
108 147
108 146
108 144
108 143
108 142
108 140
108 138
108 136
108 135
108 134
108 133
108 132
108 130
108 111
108 112
108 113
108 114
108 115
108 116
108 118
108 119
108 122
108 123
108 125
108 126
109 149
109 148
109 144
109 143
109 142
109 138
109 136
109 135
109 111
109 112
109 115
109 120
110 146
110 145
110 144
110 142
110 136
110 135
110 132
110 130
110 129
110 128
110 114
110 123
110 125
110 126
111 149
111 147
111 146
111 145
111 143
111 138
111 132
111 131
111 127
111 112
111 113
111 114
111 115
111 121
111 122
111 123
111 124
111 125
112 149
112 146
112 145
112 144
112 142
112 139
112 138
112 136
112 132
112 131
112 130
112 129
112 128
112 127
112 115
112 117
112 118
112 119
112 120
112 123
112 124
112 125
113 149
113 148
113 147
113 145
113 144
113 141
113 140
113 138
113 137
113 136
113 135
113 132
113 131
113 130
113 129
113 114
113 119
113 120
113 121
113 122
113 123
113 126
114 149
114 146
114 141
114 140
114 136
114 135
114 133
114 132
114 131
114 115
114 119
114 125
114 126
115 149
115 148
115 146
115 145
115 140
115 138
115 137
115 135
115 134
115 132
115 129
115 127
115 118
115 120
115 121
115 122
115 125
116 146
116 145
116 138
116 137
116 135
116 133
116 131
116 130
116 128
116 121
116 123
116 125
116 126
117 149
117 148
117 147
117 146
117 144
117 141
117 140
117 139
117 137
117 136
117 135
117 133
117 131
117 129
117 118
117 120
117 121
117 124
117 125
118 148
118 147
118 146
118 145
118 143
118 142
118 141
118 140
118 136
118 134
118 119
118 120
118 121
118 124
118 125
119 148
119 145
119 143
119 141
119 140
119 139
119 138
119 137
119 135
119 134
119 132
119 129
119 128
119 127
119 120
119 122
119 124
119 126
120 148
120 146
120 145
120 144
120 140
120 139
120 137
120 133
120 131
120 129
120 128
120 127
120 121
120 122
121 149
121 147
121 146
121 145
121 144
121 140
121 137
121 134
121 133
121 131
121 128
121 122
121 124
121 125
121 126
122 149
122 144
122 141
122 139
122 137
122 134
122 133
122 132
122 131
122 129
122 128
122 124
122 125
123 149
123 148
123 147
123 146
123 144
123 143
123 138
123 137
123 136
123 134
123 131
123 130
123 129
123 128
123 124
124 147
124 146
124 144
124 143
124 138
124 137
124 136
124 135
124 133
124 129
124 128
124 125
125 149
125 147
125 145
125 142
125 140
125 139
125 138
125 137
125 136
125 134
125 133
125 131
125 129
125 127
125 126
126 149
126 148
126 147
126 146
126 143
126 142
126 141
126 139
126 138
126 135
126 132
126 131
127 149
127 146
127 145
127 143
127 139
127 138
127 135
127 134
127 133
127 132
127 131
127 128
128 149
128 148
128 147
128 146
128 144
128 143
128 142
128 140
128 139
128 137
128 132
129 148
129 147
129 146
129 140
129 138
129 136
129 134
129 133
129 132
130 149
130 145
130 143
130 142
130 140
130 138
130 137
130 136
130 135
130 133
130 132
131 149
131 148
131 142
131 140
131 138
131 136
132 149
132 148
132 147
132 146
132 145
132 143
132 142
132 141
132 140
132 137
132 136
132 135
133 148
133 142
133 138
133 137
133 136
133 135
133 134
134 148
134 147
134 146
134 145
134 143
134 142
134 138
135 146
135 144
135 143
135 141
135 139
135 138
135 137
135 136
136 146
136 144
136 143
136 141
137 149
137 148
137 146
137 143
137 141
137 140
138 148
138 146
138 142
138 141
138 139
139 147
139 146
139 145
139 144
139 142
139 141
140 149
140 148
140 146
140 143
141 149
141 146
141 145
142 149
142 147
142 146
142 144
143 148
143 147
143 145
144 145
145 149
145 148
145 147
145 146
147 149