0 149
0 147
0 145
0 143
0 142
0 140
0 139
0 135
0 133
0 132
0 131
0 130
0 129
0 128
0 55
0 54
0 53
0 50
0 49
0 48
0 47
0 46
0 45
0 43
0 42
0 41
0 40
0 37
0 34
0 32
0 30
0 12
0 11
0 7
0 5
0 1
0 16
0 17
0 18
0 20
0 21
0 23
0 24
0 29
0 60
0 61
0 63
0 65
0 70
0 71
0 73
0 76
0 77
0 78
0 81
0 82
0 83
0 84
0 85
0 87
0 89
0 90
0 91
0 93
0 94
0 96
0 97
0 98
0 101
0 105
0 106
0 107
0 108
0 109
0 110
0 113
0 115
0 116
0 117
0 118
0 120
0 122
0 123
0 124
0 125
0 126
0 127
1 149
1 147
1 144
1 141
1 137
1 134
1 133
1 132
1 129
1 128
1 56
1 55
1 52
1 51
1 50
1 46
1 45
1 43
1 42
1 40
1 38
1 34
1 33
1 31
1 10
1 9
1 7
1 5
1 4
1 13
1 127
1 19
1 22
1 61
1 63
1 65
1 66
1 71
1 72
1 76
1 77
1 80
1 83
1 88
1 93
1 95
1 96
1 100
1 101
1 102
1 104
1 105
1 106
1 108
1 110
1 112
1 116
1 117
1 122
1 124
1 125
1 126
2 148
2 147
2 146
2 140
2 138
2 135
2 133
2 131
2 130
2 57
2 55
2 53
2 51
2 50
2 47
2 44
2 40
2 39
2 38
2 36
2 34
2 33
2 10
2 9
2 7
2 6
2 3
2 127
2 29
2 14
2 16
2 17
2 18
2 19
2 22
2 24
2 25
2 27
2 62
2 64
2 65
2 66
2 69
2 71
2 74
2 75
2 77
2 79
2 80
2 81
2 82
2 89
2 92
2 93
2 96
2 97
2 98
2 100
2 103
2 104
2 107
2 109
2 110
2 111
2 114
2 115
2 116
2 117
2 118
2 122
2 123
2 124
3 149
3 148
3 147
3 146
3 145
3 140
3 138
3 136
3 135
3 133
3 132
3 131
3 130
3 55
3 53
3 52
3 51
3 49
3 45
3 42
3 41
3 40
3 39
3 38
3 35
3 32
3 31
3 10
3 8
3 5
3 4
3 59
3 29
3 15
3 16
3 17
3 20
3 21
3 24
3 27
3 28
3 60
3 61
3 62
3 64
3 66
3 71
3 72
3 73
3 74
3 77
3 79
3 83
3 84
3 85
3 87
3 88
3 91
3 92
3 93
3 95
3 97
3 98
3 101
3 103
3 105
3 106
3 108
3 111
3 114
3 115
3 118
3 119
3 121
3 123
3 126
4 148
4 147
4 146
4 145
4 144
4 143
4 141
4 140
4 138
4 135
4 132
4 131
4 130
4 58
4 57
4 56
4 55
4 54
4 51
4 50
4 49
4 48
4 46
4 45
4 44
4 43
4 42
4 41
4 39
4 37
4 35
4 32
4 31
4 11
4 9
4 8
4 5
4 13
4 59
4 29
4 15
4 16
4 17
4 19
4 21
4 22
4 23
4 28
4 60
4 62
4 63
4 65
4 67
4 69
4 70
4 71
4 72
4 76
4 77
4 78
4 79
4 83
4 85
4 87
4 90
4 91
4 94
4 95
4 98
4 99
4 102
4 103
4 105
4 106
4 107
4 109
4 110
4 112
4 113
4 115
4 117
4 118
4 121
4 122
4 123
4 124
5 147
5 146
5 140
5 139
5 138
5 136
5 135
5 134
5 133
5 131
5 130
5 128
5 56
5 54
5 50
5 49
5 48
5 47
5 46
5 43
5 40
5 39
5 38
5 37
5 34
5 33
5 31
5 12
5 10
5 9
5 8
5 6
5 59
5 127
5 14
5 16
5 21
5 22
5 60
5 61
5 64
5 66
5 67
5 69
5 71
5 74
5 76
5 77
5 78
5 79
5 82
5 85
5 86
5 87
5 91
5 92
5 94
5 95
5 99
5 102
5 103
5 105
5 107
5 108
5 109
5 110
5 114
5 120
5 121
5 122
5 123
5 124
5 125
6 148
6 146
6 145
6 140
6 138
6 137
6 136
6 135
6 134
6 130
6 128
6 57
6 53
6 52
6 48
6 46
6 42
6 39
6 37
6 36
6 35
6 34
6 33
6 31
6 12
6 11
6 10
6 9
6 7
6 13
6 127
6 16
6 20
6 22
6 24
6 25
6 27
6 28
6 61
6 67
6 70
6 72
6 73
6 75
6 77
6 79
6 80
6 84
6 86
6 87
6 88
6 91
6 96
6 100
6 101
6 104
6 105
6 106
6 107
6 108
6 111
6 112
6 115
6 119
6 120
6 124
6 125
6 126
7 149
7 147
7 146
7 144
7 141
7 139
7 138
7 135
7 131
7 130
7 129
7 128
7 57
7 56
7 55
7 54
7 53
7 50
7 49
7 44
7 43
7 41
7 38
7 35
7 34
7 32
7 31
7 30
7 12
7 10
7 9
7 127
7 14
7 15
7 16
7 18
7 19
7 20
7 21
7 22
7 23
7 25
7 61
7 62
7 65
7 68
7 70
7 71
7 74
7 75
7 77
7 81
7 87
7 88
7 89
7 90
7 91
7 94
7 98
7 99
7 100
7 101
7 102
7 103
7 105
7 107
7 109
7 113
7 114
7 116
7 118
7 119
7 120
7 121
7 123
7 125
8 148
8 147
8 141
8 140
8 137
8 136
8 135
8 133
8 130
8 128
8 52
8 51
8 49
8 48
8 43
8 41
8 38
8 37
8 36
8 35
8 33
8 32
8 30
8 9
8 15
8 16
8 17
8 21
8 22
8 27
8 63
8 66
8 67
8 69
8 70
8 72
8 81
8 82
8 83
8 84
8 88
8 89
8 90
8 91
8 92
8 97
8 103
8 105
8 106
8 107
8 108
8 110
8 111
8 115
8 119
8 120
8 121
8 123
8 126
9 149
9 147
9 144
9 142
9 141
9 138
9 136
9 133
9 131
9 129
9 128
9 57
9 53
9 52
9 51
9 50
9 47
9 46
9 44
9 43
9 42
9 41
9 39
9 35
9 31
9 12
9 11
9 10
9 13
9 14
9 20
9 21
9 24
9 25
9 26
9 28
9 60
9 61
9 62
9 66
9 67
9 68
9 70
9 71
9 72
9 73
9 75
9 76
9 78
9 79
9 82
9 83
9 84
9 85
9 87
9 89
9 91
9 92
9 94
9 95
9 97
9 99
9 101
9 102
9 105
9 109
9 111
9 115
9 117
9 121
9 122
9 124
9 125
10 148
10 147
10 146
10 145
10 143
10 139
10 136
10 135
10 133
10 131
10 58
10 56
10 53
10 52
10 51
10 49
10 47
10 45
10 44
10 43
10 39
10 38
10 37
10 35
10 34
10 32
10 30
10 11
10 13
10 59
10 14
10 15
10 18
10 25
10 63
10 65
10 66
10 70
10 71
10 72
10 73
10 75
10 76
10 80
10 82
10 83
10 86
10 87
10 90
10 91
10 92
10 95
10 96
10 98
10 102
10 105
10 108
10 110
10 113
10 114
10 117
10 121
10 126
11 148
11 147
11 145
11 143
11 142
11 141
11 139
11 129
11 128
11 57
11 56
11 55
11 53
11 51
11 50
11 49
11 47
11 46
11 45
11 43
11 42
11 39
11 38
11 35
11 33
11 32
11 30
11 12
11 59
11 127
11 14
11 15
11 18
11 19
11 23
11 24
11 28
11 63
11 65
11 70
11 72
11 79
11 80
11 81
11 83
11 84
11 85
11 86
11 87
11 88
11 90
11 91
11 95
11 96
11 97
11 102
11 103
11 104
11 109
11 110
11 111
11 112
11 116
11 117
11 121
11 123
11 126
12 143
12 141
12 139
12 136
12 135
12 134
12 132
12 130
12 129
12 58
12 56
12 55
12 50
12 47
12 45
12 43
12 41
12 38
12 35
12 34
12 30
12 13
12 15
12 20
12 23
12 24
12 26
12 28
12 60
12 69
12 76
12 77
12 80
12 82
12 83
12 88
12 91
12 92
12 93
12 94
12 98
12 101
12 103
12 104
12 105
12 112
12 115
12 116
12 118
12 121
12 122
12 123
12 125
12 126
13 149
13 144
13 143
13 142
13 137
13 136
13 135
13 134
13 133
13 131
13 56
13 55
13 54
13 53
13 51
13 49
13 47
13 46
13 45
13 44
13 43
13 41
13 39
13 35
13 30
13 127
13 14
13 19
13 20
13 23
13 26
13 61
13 63
13 65
13 67
13 70
13 75
13 77
13 79
13 80
13 83
13 84
13 86
13 87
13 89
13 90
13 91
13 95
13 96
13 98
13 100
13 102
13 103
13 106
13 108
13 110
13 111
13 112
13 113
13 114
13 116
13 117
13 118
13 119
13 120
13 121
13 122
13 123
13 124
13 125
13 126
14 148
14 145
14 143
14 142
14 138
14 137
14 131
14 130
14 58
14 56
14 54
14 51
14 46
14 44
14 43
14 42
14 41
14 38
14 35
14 32
14 31
14 59
14 127
14 29
14 16
14 19
14 24
14 25
14 26
14 28
14 61
14 62
14 65
14 69
14 72
14 73
14 74
14 79
14 84
14 85
14 87
14 89
14 90
14 91
14 92
14 95
14 99
14 100
14 101
14 103
14 107
14 108
14 110
14 115
14 117
14 120
14 121
14 125
14 126
15 148
15 147
15 145
15 144
15 143
15 141
15 134
15 131
15 130
15 128
15 58
15 57
15 56
15 55
15 53
15 52
15 42
15 41
15 40
15 39
15 36
15 32
15 31
15 19
15 20
15 23
15 26
15 27
15 60
15 62
15 63
15 67
15 70
15 71
15 73
15 75
15 76
15 77
15 78
15 79
15 80
15 82
15 83
15 84
15 87
15 88
15 89
15 90
15 92
15 93
15 94
15 95
15 98
15 99
15 104
15 105
15 106
15 107
15 109
15 110
15 113
15 114
15 117
15 119
15 123
15 125
16 148
16 145
16 144
16 143
16 141
16 140
16 139
16 138
16 137
16 136
16 135
16 133
16 130
16 129
16 58
16 57
16 54
16 52
16 50
16 49
16 48
16 44
16 42
16 40
16 39
16 35
16 34
16 31
16 59
16 127
16 29
16 18
16 19
16 20
16 22
16 23
16 25
16 26
16 28
16 60
16 62
16 63
16 68
16 69
16 70
16 71
16 72
16 73
16 74
16 77
16 79
16 80
16 81
16 83
16 86
16 88
16 89
16 90
16 92
16 93
16 94
16 95
16 98
16 99
16 100
16 101
16 102
16 103
16 107
16 108
16 109
16 110
16 115
16 116
16 117
16 118
16 119
16 120
17 144
17 140
17 138
17 135
17 134
17 132
17 131
17 58
17 57
17 56
17 51
17 46
17 44
17 43
17 42
17 37
17 31
17 127
17 21
17 26
17 60
17 62
17 65
17 66
17 67
17 68
17 69
17 70
17 71
17 75
17 77
17 79
17 80
17 81
17 84
17 88
17 90
17 98
17 101
17 104
17 107
17 108
17 109
17 113
17 120
17 121
17 122
17 123
17 125
18 148
18 145
18 143
18 142
18 141
18 140
18 137
18 135
18 133
18 131
18 130
18 58
18 57
18 55
18 52
18 51
18 49
18 48
18 46
18 45
18 41
18 40
18 36
18 35
18 33
18 29
18 20
18 24
18 60
18 61
18 62
18 63
18 64
18 65
18 66
18 77
18 78
18 80
18 81
18 85
18 87
18 88
18 89
18 94
18 96
18 97
18 99
18 100
18 105
18 106
18 110
18 116
18 119
18 122
18 123
18 124
19 149
19 145
19 144
19 142
19 140
19 139
19 138
19 136
19 134
19 133
19 132
19 131
19 129
19 128
19 58
19 56
19 50
19 47
19 46
19 45
19 42
19 40
19 39
19 36
19 34
19 33
19 32
19 30
19 29
19 22
19 23
19 24
19 28
19 60
19 61
19 63
19 66
19 67
19 70
19 71
19 74
19 75
19 77
19 78
19 79
19 82
19 84
19 85
19 87
19 91
19 92
19 94
19 97
19 98
19 99
19 102
19 103
19 104
19 108
19 111
19 119
19 120
19 121
19 122
19 123
19 124
19 125
20 149
20 148
20 146
20 145
20 143
20 142
20 140
20 134
20 133
20 131
20 130
20 129
20 58
20 57
20 55
20 54
20 52
20 50
20 47
20 46
20 45
20 42
20 41
20 35
20 34
20 32
20 59
20 29
20 21
20 22
20 26
20 60
20 65
20 66
20 67
20 68
20 69
20 74
20 77
20 82
20 85
20 86
20 91
20 94
20 95
20 97
20 98
20 99
20 100
20 101
20 102
20 104
20 106
20 108
20 111
20 113
20 114
20 115
20 116
20 117
20 119
20 121
20 124
21 149
21 148
21 145
21 144
21 143
21 141
21 140
21 139
21 135
21 134
21 129
21 58
21 56
21 52
21 51
21 50
21 49
21 48
21 41
21 39
21 38
21 37
21 36
21 35
21 34
21 127
21 29
21 22
21 26
21 27
21 60
21 63
21 64
21 65
21 68
21 69
21 74
21 76
21 77
21 79
21 80
21 83
21 84
21 86
21 91
21 94
21 95
21 97
21 100
21 101
21 105
21 109
21 110
21 111
21 112
21 121
21 123
21 124
22 148
22 147
22 144
22 143
22 141
22 139
22 135
22 131
22 129
22 58
22 57
22 52
22 50
22 49
22 48
22 46
22 44
22 42
22 41
22 39
22 38
22 36
22 35
22 33
22 32
22 30
22 127
22 25
22 26
22 61
22 62
22 63
22 66
22 67
22 68
22 69
22 70
22 72
22 74
22 75
22 76
22 77
22 78
22 79
22 81
22 82
22 84
22 86
22 87
22 88
22 89
22 90
22 91
22 92
22 93
22 94
22 96
22 100
22 102
22 103
22 106
22 112
22 114
22 116
22 117
22 118
22 119
22 122
22 123
22 126
23 149
23 148
23 147
23 144
23 143
23 142
23 141
23 140
23 138
23 135
23 132
23 129
23 128
23 58
23 56
23 55
23 53
23 48
23 46
23 45
23 41
23 40
23 39
23 37
23 35
23 33
23 31
23 30
23 59
23 127
23 29
23 27
23 61
23 63
23 64
23 67
23 70
23 71
23 73
23 74
23 80
23 81
23 82
23 84
23 87
23 91
23 92
23 96
23 100
23 105
23 107
23 108
23 111
23 112
23 114
23 116
23 117
23 118
23 119
23 120
23 123
23 126
24 148
24 146
24 144
24 140
24 134
24 133
24 130
24 129
24 58
24 57
24 56
24 55
24 53
24 52
24 51
24 48
24 47
24 43
24 42
24 41
24 39
24 38
24 37
24 36
24 34
24 33
24 32
24 59
24 26
24 62
24 65
24 66
24 68
24 69
24 70
24 73
24 76
24 82
24 84
24 85
24 86
24 87
24 88
24 93
24 96
24 98
24 99
24 100
24 102
24 110
24 114
24 115
24 116
25 148
25 147
25 146
25 145
25 143
25 138
25 137
25 136
25 135
25 133
25 131
25 128
25 57
25 52
25 49
25 48
25 46
25 45
25 42
25 40
25 35
25 34
25 33
25 31
25 59
25 29
25 26
25 28
25 60
25 61
25 62
25 63
25 65
25 67
25 68
25 70
25 71
25 72
25 75
25 76
25 77
25 79
25 80
25 82
25 84
25 87
25 88
25 89
25 90
25 92
25 93
25 96
25 97
25 98
25 99
25 100
25 103
25 105
25 108
25 110
25 112
25 114
25 115
25 117
25 122
25 123
25 124
25 125
26 147
26 145
26 143
26 141
26 139
26 134
26 133
26 130
26 129
26 57
26 56
26 55
26 53
26 52
26 51
26 49
26 46
26 44
26 43
26 42
26 41
26 39
26 38
26 37
26 35
26 34
26 33
26 30
26 59
26 29
26 60
26 61
26 62
26 64
26 69
26 70
26 73
26 74
26 75
26 76
26 78
26 81
26 84
26 85
26 86
26 87
26 88
26 91
26 92
26 93
26 94
26 96
26 97
26 99
26 101
26 103
26 107
26 108
26 109
26 112
26 113
26 115
26 116
26 117
26 119
26 121
26 123
27 148
27 145
27 141
27 140
27 139
27 137
27 136
27 135
27 134
27 133
27 129
27 128
27 56
27 55
27 54
27 53
27 51
27 47
27 44
27 38
27 37
27 35
27 34
27 32
27 31
27 127
27 29
27 64
27 66
27 67
27 72
27 73
27 75
27 76
27 83
27 84
27 89
27 91
27 92
27 94
27 96
27 97
27 99
27 102
27 103
27 105
27 106
27 108
27 109
27 110
27 111
27 112
27 118
27 119
27 120
27 122
27 124
27 126
28 149
28 148
28 147
28 145
28 144
28 143
28 140
28 138
28 136
28 135
28 134
28 133
28 132
28 57
28 55
28 54
28 53
28 52
28 46
28 45
28 44
28 43
28 42
28 38
28 36
28 34
28 30
28 127
28 29
28 60
28 62
28 63
28 64
28 73
28 74
28 76
28 78
28 79
28 80
28 84
28 86
28 88
28 90
28 92
28 93
28 95
28 99
28 103
28 104
28 105
28 106
28 107
28 108
28 109
28 111
28 112
28 118
28 121
28 123
28 125
29 146
29 144
29 143
29 141
29 138
29 129
29 128
29 53
29 52
29 49
29 48
29 45
29 43
29 39
29 38
29 33
29 32
29 31
29 30
29 59
29 127
29 60
29 61
29 64
29 66
29 67
29 70
29 74
29 79
29 80
29 81
29 82
29 84
29 85
29 86
29 87
29 90
29 91
29 92
29 94
29 95
29 96
29 97
29 99
29 102
29 106
29 107
29 113
29 114
29 116
29 117
29 119
29 121
29 122
29 123
29 125
30 149
30 148
30 147
30 146
30 145
30 144
30 142
30 141
30 138
30 135
30 134
30 132
30 131
30 130
30 54
30 53
30 51
30 49
30 48
30 44
30 43
30 41
30 36
30 35
30 34
30 32
30 127
30 61
30 63
30 66
30 69
30 73
30 75
30 77
30 81
30 82
30 84
30 85
30 86
30 87
30 88
30 94
30 96
30 97
30 102
30 104
30 107
30 110
30 111
30 112
30 114
30 123
30 124
30 126
31 148
31 147
31 146
31 145
31 142
31 141
31 138
31 137
31 135
31 133
31 131
31 130
31 57
31 51
31 50
31 48
31 47
31 46
31 45
31 43
31 38
31 37
31 36
31 34
31 33
31 32
31 59
31 127
31 62
31 64
31 67
31 68
31 69
31 70
31 71
31 72
31 73
31 74
31 78
31 80
31 81
31 82
31 84
31 87
31 89
31 90
31 91
31 93
31 95
31 96
31 98
31 101
31 102
31 103
31 104
31 107
31 109
31 110
31 114
31 116
31 117
31 118
31 122
32 145
32 144
32 141
32 140
32 138
32 137
32 136
32 135
32 133
32 132
32 131
32 129
32 128
32 57
32 55
32 54
32 53
32 52
32 51
32 49
32 42
32 40
32 36
32 33
32 59
32 65
32 67
32 68
32 74
32 75
32 77
32 78
32 79
32 80
32 82
32 86
32 87
32 89
32 93
32 96
32 97
32 99
32 101
32 102
32 105
32 106
32 107
32 111
32 114
32 115
32 117
32 118
32 119
32 123
33 147
33 145
33 144
33 142
33 141
33 140
33 139
33 138
33 135
33 134
33 133
33 129
33 58
33 56
33 55
33 54
33 52
33 51
33 50
33 49
33 47
33 46
33 43
33 40
33 36
33 35
33 34
33 59
33 61
33 63
33 64
33 65
33 69
33 71
33 77
33 78
33 79
33 80
33 82
33 85
33 89
33 90
33 91
33 93
33 94
33 97
33 99
33 100
33 101
33 102
33 105
33 106
33 113
33 114
33 115
33 118
33 120
33 121
33 122
33 126
34 148
34 146
34 141
34 140
34 138
34 137
34 136
34 135
34 133
34 131
34 128
34 58
34 57
34 56
34 55
34 52
34 50
34 47
34 46
34 45
34 44
34 37
34 36
34 35
34 127
34 60
34 63
34 64
34 66
34 67
34 68
34 69
34 71
34 73
34 74
34 75
34 76
34 81
34 82
34 83
34 85
34 90
34 91
34 93
34 94
34 95
34 97
34 98
34 99
34 100
34 101
34 102
34 106
34 108
34 109
34 111
34 114
34 115
34 117
34 118
34 119
34 120
34 121
34 122
34 123
34 126
35 149
35 147
35 143
35 142
35 141
35 139
35 138
35 137
35 136
35 135
35 132
35 131
35 130
35 128
35 55
35 53
35 47
35 45
35 40
35 39
35 64
35 67
35 72
35 74
35 75
35 76
35 77
35 79
35 80
35 81
35 84
35 85
35 89
35 90
35 93
35 94
35 95
35 96
35 97
35 99
35 102
35 104
35 105
35 107
35 108
35 109
35 110
35 111
35 112
35 113
35 115
35 117
35 119
35 120
35 122
35 123
36 149
36 148
36 147
36 146
36 145
36 144
36 141
36 138
36 135
36 133
36 132
36 130
36 56
36 55
36 54
36 53
36 51
36 49
36 48
36 47
36 44
36 43
36 42
36 40
36 38
36 37
36 59
36 127
36 60
36 61
36 64
36 68
36 72
36 73
36 74
36 75
36 77
36 79
36 80
36 81
36 84
36 86
36 87
36 88
36 92
36 93
36 95
36 96
36 98
36 99
36 100
36 102
36 103
36 104
36 105
36 106
36 108
36 114
36 115
36 117
36 118
36 119
36 122
36 124
36 126
37 148
37 146
37 144
37 143
37 140
37 139
37 136
37 134
37 132
37 131
37 130
37 129
37 128
37 58
37 57
37 55
37 54
37 52
37 48
37 47
37 46
37 44
37 42
37 41
37 39
37 38
37 59
37 127
37 60
37 61
37 63
37 65
37 66
37 67
37 69
37 71
37 72
37 73
37 74
37 75
37 80
37 84
37 85
37 86
37 90
37 91
37 92
37 93
37 97
37 98
37 100
37 104
37 105
37 107
37 108
37 109
37 111
37 112
37 113
37 115
37 116
37 118
37 119
37 120
37 121
37 124
38 148
38 147
38 144
38 141
38 140
38 135
38 134
38 130
38 129
38 128
38 57
38 53
38 52
38 47
38 46
38 44
38 43
38 39
38 59
38 60
38 61
38 62
38 63
38 64
38 65
38 66
38 67
38 70
38 76
38 79
38 80
38 81
38 82
38 84
38 86
38 87
38 89
38 91
38 96
38 98
38 100
38 103
38 105
38 107
38 109
38 113
38 115
38 116
38 117
38 118
38 121
38 122
38 124
38 125
38 126
39 146
39 145
39 144
39 143
39 140
39 138
39 137
39 134
39 133
39 130
39 128
39 57
39 56
39 55
39 54
39 53
39 52
39 51
39 50
39 48
39 47
39 45
39 44
39 42
39 59
39 60
39 61
39 63
39 65
39 67
39 68
39 73
39 74
39 75
39 78
39 79
39 83
39 86
39 88
39 89
39 93
39 94
39 95
39 96
39 99
39 100
39 101
39 103
39 105
39 107
39 110
39 116
39 117
39 118
39 119
39 120
39 122
39 123
39 124
39 126
40 148
40 147
40 146
40 143
40 141
40 135
40 134
40 132
40 55
40 54
40 53
40 52
40 51
40 48
40 47
40 46
40 44
40 43
40 41
40 127
40 61
40 63
40 69
40 72
40 73
40 74
40 76
40 82
40 84
40 88
40 89
40 90
40 95
40 98
40 99
40 100
40 101
40 103
40 106
40 107
40 111
40 113
40 118
40 119
40 123
41 148
41 146
41 145
41 137
41 136
41 134
41 133
41 132
41 131
41 130
41 128
41 58
41 57
41 56
41 55
41 52
41 49
41 48
41 47
41 46
41 43
41 59
41 127
41 61
41 62
41 66
41 67
41 72
41 75
41 77
41 78
41 79
41 86
41 87
41 90
41 92
41 93
41 97
41 98
41 101
41 102
41 103
41 110
41 112
41 115
41 118
41 119
41 121
41 123
41 125
42 146
42 145
42 144
42 142
42 141
42 140
42 138
42 136
42 132
42 131
42 130
42 57
42 55
42 54
42 53
42 52
42 51
42 49
42 48
42 46
42 44
42 61
42 65
42 66
42 67
42 68
42 69
42 72
42 75
42 77
42 79
42 80
42 82
42 84
42 85
42 86
42 87
42 92
42 96
42 97
42 99
42 101
42 102
42 103
42 105
42 107
42 108
42 111
42 116
42 124
43 147
43 146
43 145
43 144
43 143
43 141
43 139
43 137
43 136
43 133
43 132
43 131
43 129
43 58
43 55
43 53
43 51
43 50
43 49
43 48
43 45
43 127
43 60
43 61
43 62
43 70
43 71
43 79
43 85
43 86
43 89
43 92
43 95
43 96
43 102
43 103
43 105
43 106
43 107
43 108
43 111
43 112
43 119
43 123
43 124
43 126
44 149
44 145
44 143
44 139
44 134
44 133
44 132
44 131
44 130
44 57
44 56
44 54
44 50
44 49
44 59
44 127
44 60
44 65
44 66
44 67
44 68
44 71
44 72
44 73
44 75
44 76
44 77
44 85
44 86
44 90
44 91
44 93
44 94
44 98
44 99
44 101
44 103
44 104
44 108
44 111
44 113
44 116
44 122
44 126
45 149
45 144
45 143
45 141
45 138
45 137
45 132
45 131
45 130
45 58
45 54
45 53
45 52
45 50
45 48
45 127
45 62
45 65
45 68
45 69
45 71
45 72
45 73
45 80
45 81
45 87
45 88
45 89
45 92
45 93
45 94
45 97
45 105
45 107
45 108
45 109
45 110
45 111
45 112
45 113
45 116
45 118
45 119
45 120
45 124
45 125
45 126
46 145
46 144
46 143
46 141
46 138
46 137
46 134
46 133
46 131
46 129
46 128
46 57
46 54
46 53
46 52
46 49
46 48
46 47
46 59
46 127
46 60
46 62
46 63
46 65
46 70
46 72
46 73
46 74
46 76
46 77
46 78
46 79
46 81
46 85
46 86
46 87
46 89
46 90
46 93
46 95
46 98
46 99
46 100
46 105
46 106
46 107
46 109
46 112
46 113
46 118
46 119
46 122
46 124
46 125
47 148
47 147
47 146
47 145
47 143
47 142
47 140
47 139
47 138
47 137
47 136
47 135
47 134
47 133
47 130
47 57
47 54
47 53
47 52
47 51
47 61
47 63
47 65
47 66
47 67
47 70
47 72
47 73
47 74
47 78
47 79
47 80
47 81
47 83
47 84
47 86
47 88
47 90
47 92
47 93
47 94
47 96
47 97
47 99
47 101
47 104
47 105
47 108
47 109
47 110
47 113
47 117
47 119
47 120
47 121
47 122
47 123
47 126
48 147
48 146
48 140
48 139
48 136
48 135
48 134
48 133
48 132
48 131
48 130
48 128
48 58
48 57
48 56
48 51
48 49
48 59
48 60
48 63
48 64
48 65
48 66
48 67
48 69
48 71
48 72
48 73
48 74
48 75
48 76
48 80
48 83
48 84
48 88
48 89
48 91
48 92
48 95
48 96
48 98
48 100
48 104
48 105
48 107
48 110
48 111
48 117
48 119
48 120
48 121
48 123
48 124
48 126
49 148
49 147
49 146
49 145
49 144
49 141
49 138
49 136
49 135
49 130
49 57
49 56
49 53
49 50
49 59
49 127
49 61
49 62
49 64
49 65
49 67
49 69
49 71
49 72
49 76
49 77
49 78
49 81
49 82
49 85
49 86
49 88
49 89
49 90
49 94
49 95
49 97
49 100
49 101
49 105
49 106
49 107
49 111
49 113
49 114
49 116
49 117
49 118
49 119
49 120
49 121
49 122
49 123
49 125
49 126
50 149
50 147
50 145
50 144
50 141
50 136
50 134
50 131
50 130
50 129
50 128
50 58
50 56
50 54
50 52
50 51
50 127
50 63
50 64
50 65
50 67
50 69
50 70
50 71
50 73
50 77
50 78
50 79
50 80
50 83
50 84
50 86
50 87
50 89
50 91
50 96
50 97
50 99
50 100
50 101
50 103
50 104
50 105
50 107
50 108
50 109
50 110
50 111
50 112
50 113
50 117
50 118
50 119
50 123
50 124
50 125
50 126
51 148
51 146
51 143
51 141
51 139
51 137
51 136
51 133
51 130
51 58
51 57
51 54
51 53
51 59
51 127
51 60
51 61
51 67
51 69
51 70
51 73
51 74
51 78
51 79
51 81
51 83
51 84
51 86
51 87
51 90
51 95
51 96
51 97
51 100
51 104
51 105
51 110
51 114
51 115
51 116
51 117
51 118
51 119
51 123
51 124
51 125
52 149
52 146
52 145
52 140
52 138
52 137
52 136
52 135
52 133
52 129
52 128
52 57
52 56
52 55
52 54
52 127
52 62
52 63
52 64
52 65
52 66
52 69
52 71
52 73
52 74
52 75
52 76
52 77
52 79
52 80
52 83
52 84
52 85
52 86
52 88
52 89
52 90
52 91
52 95
52 96
52 97
52 99
52 102
52 104
52 105
52 106
52 108
52 109
52 111
52 113
52 115
52 116
52 118
52 119
52 120
52 121
52 122
52 123
52 124
52 125
52 126
53 149
53 148
53 145
53 143
53 140
53 138
53 133
53 131
53 130
53 128
53 58
53 56
53 127
53 60
53 61
53 62
53 63
53 66
53 70
53 71
53 75
53 78
53 79
53 81
53 82
53 88
53 89
53 91
53 92
53 94
53 95
53 96
53 100
53 101
53 102
53 104
53 110
53 112
53 113
53 115
53 116
53 122
53 123
54 149
54 148
54 145
54 141
54 139
54 136
54 135
54 134
54 133
54 129
54 58
54 57
54 55
54 60
54 62
54 63
54 65
54 70
54 75
54 76
54 78
54 79
54 82
54 83
54 85
54 86
54 89
54 90
54 93
54 95
54 96
54 100
54 101
54 103
54 105
54 106
54 108
54 109
54 110
54 112
54 115
54 116
54 123
54 124
55 148
55 147
55 146
55 145
55 141
55 140
55 139
55 137
55 131
55 129
55 128
55 58
55 56
55 60
55 61
55 62
55 63
55 65
55 67
55 68
55 69
55 70
55 73
55 74
55 82
55 84
55 85
55 86
55 87
55 90
55 91
55 92
55 93
55 95
55 104
55 106
55 107
55 108
55 109
55 110
55 111
55 113
55 114
55 115
55 116
55 117
56 149
56 147
56 146
56 145
56 143
56 141
56 140
56 138
56 135
56 134
56 133
56 131
56 129
56 58
56 127
56 60
56 61
56 62
56 64
56 67
56 68
56 69
56 70
56 73
56 74
56 75
56 77
56 78
56 79
56 80
56 84
56 87
56 88
56 89
56 90
56 92
56 94
56 97
56 98
56 101
56 103
56 106
56 107
56 109
56 110
56 111
56 112
56 114
56 118
56 119
56 120
56 122
56 126
57 149
57 147
57 145
57 144
57 140
57 138
57 135
57 131
57 130
57 128
57 58
57 127
57 61
57 64
57 65
57 68
57 70
57 73
57 74
57 75
57 78
57 80
57 83
57 84
57 85
57 86
57 89
57 91
57 92
57 93
57 95
57 96
57 97
57 99
57 101
57 102
57 103
57 104
57 107
57 112
57 113
57 114
57 117
57 118
57 125
57 126
58 148
58 147
58 146
58 145
58 143
58 142
58 140
58 139
58 138
58 136
58 133
58 132
58 131
58 129
58 128
58 59
58 64
58 66
58 68
58 69
58 70
58 71
58 74
58 75
58 76
58 79
58 80
58 83
58 87
58 89
58 92
58 94
58 95
58 101
58 103
58 109
58 110
58 111
58 112
58 115
58 116
58 122
58 125
59 148
59 146
59 142
59 141
59 140
59 139
59 132
59 131
59 128
59 127
59 60
59 63
59 64
59 68
59 72
59 78
59 81
59 85
59 86
59 88
59 92
59 93
59 94
59 95
59 97
59 98
59 100
59 101
59 102
59 103
59 104
59 106
59 107
59 108
59 110
59 111
59 114
59 117
59 118
59 119
60 149
60 143
60 141
60 137
60 135
60 134
60 133
60 132
60 62
60 67
60 69
60 70
60 73
60 74
60 75
60 76
60 77
60 78
60 79
60 82
60 84
60 89
60 91
60 92
60 93
60 95
60 96
60 98
60 100
60 102
60 104
60 106
60 107
60 108
60 110
60 111
60 112
60 113
60 117
60 121
60 125
61 148
61 147
61 146
61 145
61 140
61 139
61 135
61 133
61 130
61 128
61 127
61 62
61 66
61 67
61 68
61 72
61 73
61 76
61 78
61 82
61 84
61 87
61 88
61 89
61 90
61 91
61 92
61 98
61 100
61 101
61 102
61 105
61 106
61 107
61 110
61 111
61 113
61 115
61 116
61 117
61 119
61 121
61 125
62 148
62 147
62 146
62 145
62 143
62 139
62 138
62 134
62 133
62 131
62 130
62 129
62 128
62 127
62 64
62 65
62 68
62 69
62 72
62 75
62 76
62 78
62 79
62 82
62 85
62 86
62 88
62 89
62 91
62 92
62 93
62 94
62 96
62 98
62 100
62 101
62 102
62 104
62 106
62 117
62 118
62 119
62 120
62 122
62 124
62 126
63 147
63 146
63 145
63 142
63 141
63 139
63 138
63 135
63 132
63 131
63 129
63 127
63 65
63 66
63 67
63 68
63 69
63 74
63 76
63 77
63 79
63 80
63 81
63 85
63 89
63 90
63 91
63 92
63 93
63 94
63 97
63 98
63 99
63 102
63 105
63 106
63 107
63 111
63 112
63 113
63 114
63 115
63 119
63 120
63 121
63 123
63 124
63 126
64 149
64 146
64 142
64 139
64 138
64 136
64 135
64 133
64 130
64 127
64 67
64 68
64 72
64 74
64 78
64 81
64 84
64 85
64 86
64 88
64 89
64 90
64 93
64 95
64 96
64 97
64 98
64 100
64 101
64 102
64 103
64 105
64 107
64 111
64 116
64 120
64 122
64 124
64 125
65 147
65 144
65 141
65 139
65 138
65 137
65 136
65 135
65 131
65 130
65 129
65 127
65 66
65 68
65 70
65 71
65 73
65 76
65 79
65 80
65 82
65 83
65 85
65 86
65 87
65 89
65 90
65 96
65 98
65 99
65 100
65 105
65 107
65 113
65 114
65 117
65 118
65 120
65 121
65 122
66 149
66 148
66 147
66 146
66 143
66 139
66 134
66 133
66 129
66 128
66 127
66 69
66 71
66 72
66 73
66 76
66 78
66 79
66 82
66 83
66 84
66 87
66 88
66 89
66 91
66 92
66 93
66 94
66 95
66 96
66 97
66 98
66 100
66 101
66 102
66 104
66 105
66 106
66 107
66 109
66 113
66 114
66 118
66 119
66 121
66 122
66 124
67 149
67 148
67 146
67 138
67 137
67 136
67 135
67 133
67 131
67 130
67 129
67 69
67 70
67 75
67 76
67 78
67 80
67 81
67 85
67 87
67 90
67 93
67 94
67 95
67 97
67 99
67 102
67 103
67 105
67 106
67 107
67 108
67 109
67 110
67 111
67 112
67 115
67 117
67 118
67 119
67 120
67 123
67 126
68 148
68 147
68 146
68 143
68 142
68 138
68 136
68 134
68 133
68 132
68 130
68 129
68 128
68 70
68 71
68 72
68 73
68 74
68 75
68 76
68 77
68 78
68 79
68 81
68 85
68 86
68 88
68 90
68 91
68 93
68 95
68 96
68 98
68 99
68 101
68 104
68 105
68 107
68 109
68 114
68 115
68 116
68 117
68 118
68 121
68 123
68 124
68 126
69 149
69 147
69 146
69 145
69 142
69 141
69 140
69 134
69 132
69 131
69 129
69 128
69 127
69 70
69 71
69 73
69 74
69 78
69 79
69 87
69 90
69 91
69 94
69 98
69 100
69 101
69 104
69 107
69 108
69 109
69 112
69 113
69 115
69 117
69 118
69 120
69 123
69 124
70 146
70 145
70 144
70 140
70 138
70 136
70 135
70 134
70 129
70 128
70 127
70 71
70 75
70 76
70 80
70 81
70 82
70 84
70 85
70 90
70 92
70 93
70 94
70 95
70 96
70 98
70 99
70 100
70 101
70 103
70 104
70 105
70 106
70 107
70 109
70 111
70 113
70 114
70 116
70 117
70 118
70 119
70 121
70 122
70 124
71 149
71 148
71 147
71 145
71 143
71 140
71 139
71 137
71 134
71 133
71 131
71 73
71 74
71 77
71 78
71 81
71 82
71 84
71 92
71 93
71 99
71 103
71 104
71 105
71 110
71 111
71 112
71 116
71 118
71 119
71 120
71 121
71 124
71 125
71 126
72 146
72 145
72 141
72 140
72 138
72 137
72 136
72 134
72 133
72 132
72 131
72 130
72 129
72 74
72 75
72 77
72 80
72 84
72 85
72 88
72 91
72 98
72 99
72 101
72 104
72 105
72 106
72 108
72 109
72 112
72 113
72 115
72 116
72 118
72 121
72 122
72 123
72 125
72 126
73 147
73 143
73 137
73 136
73 133
73 131
73 127
73 74
73 76
73 77
73 78
73 79
73 81
73 82
73 84
73 85
73 86
73 87
73 88
73 89
73 90
73 91
73 92
73 93
73 94
73 95
73 97
73 100
73 104
73 106
73 108
73 112
73 114
73 119
73 120
73 123
73 124
73 125
73 126
74 148
74 147
74 146
74 144
74 143
74 141
74 140
74 138
74 137
74 135
74 131
74 129
74 76
74 78
74 79
74 84
74 87
74 90
74 100
74 102
74 103
74 104
74 106
74 107
74 109
74 110
74 111
74 114
74 115
74 116
74 117
74 118
74 120
74 121
74 122
74 124
75 146
75 145
75 144
75 143
75 142
75 141
75 140
75 138
75 137
75 136
75 134
75 133
75 132
75 131
75 129
75 127
75 77
75 80
75 81
75 83
75 86
75 89
75 90
75 91
75 93
75 94
75 96
75 98
75 102
75 105
75 110
75 111
75 113
75 114
75 120
76 147
76 141
76 139
76 131
76 128
76 127
76 77
76 78
76 80
76 81
76 82
76 83
76 85
76 86
76 88
76 89
76 90
76 91
76 94
76 95
76 98
76 102
76 104
76 106
76 110
76 111
76 113
76 114
76 116
76 118
76 120
76 123
76 124
76 126
77 149
77 148
77 146
77 144
77 139
77 138
77 137
77 136
77 134
77 133
77 130
77 129
77 128
77 78
77 79
77 81
77 83
77 84
77 95
77 97
77 99
77 100
77 101
77 103
77 107
77 108
77 112
77 113
77 115
77 125
78 149
78 148
78 146
78 145
78 144
78 143
78 141
78 139
78 138
78 137
78 136
78 134
78 133
78 132
78 131
78 130
78 129
78 128
78 83
78 85
78 89
78 90
78 92
78 95
78 96
78 99
78 102
78 104
78 106
78 107
78 109
78 111
78 112
78 113
78 115
78 117
78 119
78 121
78 122
78 124
78 125
79 149
79 148
79 147
79 144
79 141
79 139
79 138
79 137
79 134
79 133
79 132
79 130
79 127
79 81
79 83
79 87
79 89
79 91
79 92
79 93
79 94
79 95
79 96
79 98
79 100
79 102
79 105
79 107
79 112
79 113
79 114
79 115
79 116
79 117
79 118
79 123
79 124
79 125
80 149
80 147
80 146
80 145
80 144
80 143
80 142
80 140
80 137
80 136
80 135
80 133
80 131
80 81
80 82
80 83
80 88
80 89
80 90
80 93
80 97
80 99
80 101
80 103
80 104
80 105
80 107
80 108
80 110
80 115
80 118
80 121
80 122
80 123
80 125
81 148
81 145
81 144
81 143
81 142
81 141
81 139
81 137
81 136
81 135
81 132
81 129
81 82
81 84
81 85
81 86
81 88
81 91
81 94
81 97
81 98
81 99
81 100
81 101
81 102
81 103
81 104
81 106
81 107
81 109
81 110
81 111
81 112
81 114
81 115
81 116
81 118
81 120
81 121
81 122
82 148
82 147
82 145
82 144
82 143
82 142
82 141
82 138
82 137
82 136
82 135
82 132
82 131
82 129
82 128
82 127
82 83
82 88
82 90
82 93
82 94
82 97
82 98
82 100
82 102
82 105
82 106
82 108
82 109
82 118
82 122
82 123
82 124
82 126
83 149
83 148
83 146
83 142
83 141
83 139
83 137
83 136
83 135
83 134
83 130
83 129
83 128
83 127
83 84
83 85
83 86
83 90
83 91
83 93
83 94
83 95
83 96
83 97
83 98
83 100
83 103
83 105
83 106
83 108
83 109
83 110
83 112
83 115
83 117
83 118
83 119
83 120
83 122
83 123
83 124
84 145
84 143
84 140
84 139
84 138
84 136
84 133
84 128
84 85
84 87
84 89
84 91
84 94
84 95
84 97
84 100
84 102
84 104
84 106
84 110
84 114
84 115
84 118
84 119
84 120
84 121
84 123
85 149
85 148
85 147
85 144
85 143
85 142
85 141
85 140
85 139
85 135
85 133
85 132
85 129
85 128
85 88
85 89
85 90
85 92
85 93
85 97
85 98
85 99
85 100
85 101
85 102
85 105
85 108
85 109
85 110
85 111
85 113
85 114
85 115
85 120
85 121
85 125
86 149
86 147
86 145
86 144
86 143
86 142
86 140
86 138
86 137
86 136
86 134
86 133
86 132
86 130
86 129
86 128
86 87
86 93
86 97
86 99
86 100
86 106
86 107
86 110
86 113
86 114
86 115
86 116
86 119
86 120
86 122
86 125
87 149
87 148
87 147
87 143
87 142
87 139
87 138
87 136
87 135
87 134
87 133
87 132
87 129
87 88
87 90
87 92
87 97
87 98
87 100
87 103
87 105
87 106
87 111
87 114
87 115
87 119
87 121
87 122
87 124
87 125
88 148
88 147
88 142
88 140
88 139
88 138
88 135
88 132
88 131
88 129
88 127
88 90
88 91
88 92
88 93
88 95
88 96
88 100
88 103
88 104
88 106
88 109
88 110
88 112
88 114
88 118
88 119
88 122
88 124
88 125
88 126
89 147
89 146
89 144
89 140
89 135
89 132
89 131
89 130
89 127
89 93
89 94
89 96
89 98
89 99
89 100
89 103
89 104
89 105
89 107
89 113
89 116
89 117
89 120
89 122
90 149
90 148
90 147
90 146
90 145
90 143
90 142
90 141
90 140
90 139
90 133
90 132
90 131
90 130
90 129
90 91
90 94
90 96
90 97
90 99
90 102
90 103
90 104
90 108
90 111
90 112
90 115
90 116
90 119
90 123
90 124
90 125
91 149
91 148
91 146
91 144
91 143
91 141
91 139
91 138
91 137
91 133
91 130
91 128
91 93
91 94
91 96
91 97
91 99
91 101
91 102
91 103
91 105
91 106
91 107
91 111
91 114
91 115
91 117
91 120
91 122
91 123
91 126
92 148
92 147
92 146
92 144
92 143
92 142
92 139
92 137
92 136
92 133
92 130
92 129
92 93
92 94
92 96
92 98
92 99
92 100
92 104
92 108
92 109
92 113
92 116
92 118
92 123
92 124
93 148
93 147
93 146
93 145
93 142
93 140
93 138
93 137
93 136
93 134
93 133
93 131
93 96
93 99
93 100
93 102
93 105
93 106
93 108
93 111
93 112
93 113
93 115
93 117
93 120
93 121
93 125
94 148
94 147
94 144
94 142
94 141
94 140
94 139
94 136
94 131
94 130
94 127
94 96
94 97
94 99
94 101
94 106
94 108
94 112
94 113
94 114
94 115
94 116
94 117
94 122
94 124
94 125
95 149
95 148
95 147
95 146
95 144
95 143
95 140
95 137
95 136
95 134
95 133
95 132
95 131
95 130
95 127
95 96
95 98
95 103
95 106
95 107
95 110
95 113
95 115
95 116
95 117
95 118
95 119
95 120
95 125
96 149
96 145
96 142
96 137
96 136
96 134
96 133
96 131
96 129
96 127
96 97
96 98
96 99
96 100
96 101
96 105
96 106
96 111
96 113
96 114
96 115
96 117
96 118
96 119
96 122
96 124
96 125
96 126
97 148
97 146
97 145
97 144
97 143
97 142
97 141
97 140
97 139
97 137
97 134
97 133
97 132
97 129
97 128
97 101
97 102
97 103
97 105
97 108
97 109
97 111
97 113
97 121
97 122
97 123
97 124
97 126
98 149
98 148
98 147
98 146
98 142
98 139
98 137
98 136
98 135
98 133
98 131
98 130
98 128
98 127
98 101
98 102
98 104
98 105
98 107
98 109
98 111
98 116
98 121
98 123
98 124
99 148
99 145
99 144
99 140
99 137
99 136
99 135
99 133
99 132
99 129
99 128
99 102
99 107
99 110
99 116
99 117
99 119
99 120
99 123
99 124
99 125
100 149
100 145
100 144
100 143
100 141
100 140
100 139
100 132
100 131
100 130
100 128
100 127
100 104
100 105
100 106
100 108
100 109
100 110
100 111
100 113
100 114
100 116
100 117
100 119
100 121
100 122
100 125
101 149
101 146
101 145
101 144
101 141
101 139
101 138
101 137
101 136
101 134
101 133
101 132
101 130
101 129
101 103
101 104
101 105
101 106
101 107
101 108
101 109
101 110
101 111
101 115
101 117
101 119
101 121
101 122
101 125
102 148
102 147
102 140
102 139
102 137
102 136
102 134
102 133
102 132
102 131
102 104
102 106
102 109
102 112
102 114
102 117
102 118
102 119
102 123
102 125
103 149
103 147
103 144
103 143
103 140
103 139
103 137
103 129
103 106
103 108
103 109
103 113
103 115
103 116
103 119
103 120
103 122
103 123
103 125
104 149
104 147
104 144
104 143
104 140
104 139
104 137
104 136
104 135
104 134
104 133
104 131
104 128
104 127
104 105
104 108
104 110
104 111
104 112
104 113
104 114
104 115
104 117
104 120
104 121
104 124
104 126
105 148
105 144
105 143
105 142
105 141
105 140
105 138
105 136
105 134
105 132
105 130
105 129
105 128
105 108
105 111
105 114
105 115
105 116
105 117
105 118
105 120
105 122
105 124
105 125
105 126
106 149
106 142
106 141
106 140
106 138
106 137
106 136
106 133
106 131
106 130
106 129
106 127
106 108
106 111
106 114
106 117
106 119
106 120
106 124
106 125
107 149
107 148
107 147
107 141
107 139
107 138
107 137
107 133
107 132
107 131
107 129
107 128
107 127
107 111
107 112
107 114
107 115
107 118
107 119
107 120
107 121
107 122
107 123
107 124
107 126
108 149
108 143
108 140
108 135
108 133
108 132
108 131
108 130
108 128
108 127
108 111
108 112
108 113
108 118
108 119
108 121
108 125
109 149
109 144
109 143
109 142
109 141
109 139
109 137
109 133
109 132
109 131
109 130
109 112
109 114
109 115
109 116
109 118
109 119
109 123
109 125
110 146
110 141
110 140
110 139
110 138
110 136
110 135
110 133
110 130
110 128
110 127
110 111
110 112
110 113
110 114
110 115
110 118
110 119
110 121
110 122
110 124
111 149
111 148
111 147
111 146
111 144
111 142
111 140
111 139
111 138
111 137
111 136
111 134
111 131
111 130
111 128
111 127
111 112
111 114
111 115
111 117
111 118
111 120
111 122
111 123
111 124
112 145
112 141
112 139
112 134
112 132
112 131
112 129
112 128
112 127
112 113
112 114
112 115
112 116
112 122
112 124
113 149
113 147
113 146
113 145
113 144
113 143
113 139
113 134
113 133
113 130
113 128
113 127
113 114
113 123
114 147
114 146
114 145
114 144
114 143
114 142
114 141
114 140
114 139
114 135
114 133
114 132
114 130
114 128
114 117
114 118
114 119
114 120
114 122
114 126
115 149
115 147
115 146
115 145
115 140
115 135
115 134
115 133
115 132
115 131
115 130
115 129
115 128
115 116
115 118
115 120
115 122
115 124
115 125
115 126
116 148
116 141
116 138
116 137
116 136
116 135
116 134
116 131
116 129
116 127
116 117
116 119
116 125
116 126
117 149
117 148
117 145
117 143
117 142
117 141
117 137
117 135
117 134
117 129
117 128
117 127
117 119
117 120
117 122
117 123
117 125
117 126
118 149
118 148
118 146
118 145
118 142
118 140
118 139
118 136
118 134
118 132
118 131
118 130
118 129
118 127
118 119
118 120
118 121
118 126
119 148
119 142
119 140
119 137
119 135
119 134
119 131
119 129
119 120
119 121
119 122
119 123
119 126
120 148
120 147
120 146
120 141
120 140
120 138
120 136
120 135
120 134
120 130
120 129
120 128
120 121
120 124
120 125
120 126
121 147
121 146
121 143
121 142
121 141
121 138
121 137
121 136
121 135
121 134
121 132
121 131
121 130
121 128
121 127
121 122
121 125
121 126
122 149
122 148
122 147
122 146
122 143
122 142
122 140
122 138
122 135
122 134
122 133
122 132
122 130
122 129
122 124
122 126
123 146
123 144
123 141
123 140
123 139
123 137
123 136
123 135
123 131
123 130
123 129
123 127
123 125
124 149
124 148
124 146
124 138
124 137
124 136
124 134
124 132
124 131
124 129
125 149
125 140
125 139
125 138
125 136
125 134
125 133
125 132
125 131
125 130
125 129
125 128
125 127
126 148
126 146
126 145
126 144
126 143
126 142
126 141
126 140
126 139
126 138
126 136
126 134
126 132
126 127
127 149
127 148
127 146
127 145
127 143
127 142
127 141
127 139
127 137
127 135
127 134
127 132
127 130
128 149
128 148
128 146
128 144
128 142
128 138
128 135
128 134
128 133
128 132
128 129
129 144
129 142
129 140
129 139
129 137
129 136
129 135
129 133
129 132
129 131
130 149
130 148
130 147
130 146
130 145
130 144
130 143
130 138
130 136
130 134
131 148
131 146
131 143
131 142
131 140
131 139
131 138
131 137
131 135
131 134
131 132
132 149
132 148
132 145
132 144
132 143
132 142
132 140
132 138
132 134
132 133
133 148
133 147
133 146
133 145
133 144
133 142
133 140
133 137
133 136
134 148
134 143
134 142
134 137
134 135
135 149
135 148
135 147
135 144
135 142
135 141
135 139
135 138
135 137
135 136
136 149
136 148
136 146
136 145
136 143
136 140
136 137
137 148
137 146
137 145
137 144
137 138
138 146
138 141
138 140
138 139
139 148
139 147
139 145
139 143
139 142
139 141
140 147
140 146
140 145
140 143
140 142
141 149
141 148
141 146
142 148
142 147
142 146
142 145
142 144
142 143
143 149
143 147
143 145
144 149
145 149
145 146
146 148
146 147