0 99
0 96
0 94
0 93
0 92
0 91
0 88
0 85
0 82
0 81
0 79
0 78
0 74
0 72
0 70
0 69
0 66
0 65
0 63
0 62
0 60
0 27
0 26
0 22
0 16
0 15
0 2
0 4
0 6
0 7
0 12
0 33
0 34
0 40
0 44
0 45
0 49
0 51
0 53
0 54
0 55
0 56
0 59
1 97
1 95
1 94
1 93
1 87
1 86
1 85
1 80
1 78
1 76
1 72
1 71
1 70
1 68
1 67
1 65
1 64
1 62
1 60
1 27
1 26
1 25
1 24
1 22
1 21
1 20
1 18
1 17
1 29
1 59
1 13
1 3
1 4
1 5
1 9
1 10
1 12
1 32
1 33
1 34
1 36
1 38
1 39
1 42
1 43
1 47
1 48
1 50
1 51
1 53
1 54
1 57
1 58
2 98
2 96
2 94
2 93
2 89
2 88
2 86
2 85
2 83
2 82
2 81
2 80
2 79
2 77
2 76
2 75
2 72
2 66
2 63
2 62
2 61
2 60
2 26
2 25
2 23
2 22
2 21
2 20
2 19
2 16
2 29
2 59
2 13
2 3
2 9
2 11
2 12
2 31
2 33
2 35
2 37
2 38
2 39
2 41
2 47
2 48
2 50
2 58
3 99
3 96
3 95
3 90
3 89
3 88
3 87
3 86
3 85
3 84
3 83
3 82
3 81
3 80
3 78
3 77
3 76
3 74
3 73
3 66
3 64
3 63
3 62
3 60
3 27
3 26
3 22
3 20
3 15
3 7
3 8
3 10
3 12
3 31
3 32
3 34
3 38
3 40
3 41
3 42
3 43
3 46
3 48
3 49
3 50
3 51
3 53
3 54
3 56
3 58
4 99
4 97
4 96
4 95
4 90
4 88
4 82
4 81
4 78
4 77
4 76
4 75
4 70
4 69
4 68
4 64
4 28
4 21
4 19
4 18
4 14
4 29
4 6
4 10
4 11
4 12
4 32
4 34
4 39
4 42
4 44
4 45
4 48
4 50
4 51
4 52
4 54
4 55
5 97
5 96
5 95
5 93
5 91
5 90
5 88
5 87
5 84
5 83
5 82
5 80
5 79
5 78
5 77
5 76
5 74
5 73
5 71
5 68
5 65
5 61
5 60
5 27
5 26
5 25
5 24
5 22
5 21
5 20
5 18
5 17
5 15
5 14
5 59
5 13
5 6
5 8
5 10
5 34
5 35
5 36
5 38
5 43
5 44
5 45
5 46
5 48
5 50
5 52
5 53
5 56
6 95
6 94
6 93
6 92
6 91
6 87
6 86
6 85
6 84
6 83
6 80
6 76
6 75
6 73
6 70
6 69
6 67
6 65
6 64
6 62
6 61
6 24
6 22
6 21
6 19
6 17
6 15
6 29
6 9
6 30
6 32
6 33
6 34
6 36
6 39
6 40
6 42
6 45
6 46
6 48
6 50
6 52
6 54
6 55
6 56
6 57
7 99
7 98
7 95
7 94
7 93
7 92
7 88
7 83
7 82
7 81
7 79
7 75
7 73
7 71
7 70
7 69
7 66
7 65
7 64
7 62
7 28
7 26
7 24
7 23
7 22
7 20
7 19
7 18
7 17
7 16
7 59
7 30
7 34
7 35
7 36
7 37
7 39
7 43
7 44
7 46
7 48
7 49
7 50
7 52
7 54
7 55
7 58
8 99
8 98
8 97
8 95
8 94
8 92
8 89
8 88
8 85
8 83
8 81
8 79
8 78
8 76
8 74
8 73
8 68
8 65
8 62
8 60
8 22
8 21
8 18
8 17
8 59
8 13
8 9
8 10
8 12
8 31
8 32
8 33
8 37
8 40
8 41
8 44
8 45
8 46
8 47
8 48
8 51
8 53
8 54
8 56
9 99
9 98
9 97
9 96
9 94
9 92
9 90
9 89
9 87
9 86
9 80
9 79
9 73
9 72
9 71
9 66
9 65
9 63
9 62
9 27
9 24
9 23
9 22
9 21
9 16
9 30
9 31
9 36
9 37
9 41
9 43
9 45
9 48
9 50
9 51
9 53
9 57
9 58
10 99
10 98
10 95
10 92
10 90
10 89
10 84
10 81
10 80
10 78
10 77
10 76
10 75
10 74
10 71
10 66
10 65
10 62
10 60
10 28
10 27
10 26
10 20
10 19
10 18
10 17
10 16
10 14
10 59
10 13
10 12
10 31
10 32
10 33
10 35
10 36
10 38
10 39
10 40
10 42
10 43
10 44
10 45
10 46
10 47
10 48
10 50
10 53
10 56
10 58
11 86
11 85
11 84
11 81
11 80
11 79
11 78
11 74
11 73
11 72
11 71
11 67
11 66
11 64
11 63
11 27
11 26
11 23
11 20
11 19
11 18
11 16
11 15
11 14
11 29
11 12
11 33
11 34
11 35
11 36
11 37
11 38
11 48
11 49
11 50
11 51
11 52
11 55
11 56
11 57
12 98
12 97
12 94
12 93
12 90
12 88
12 86
12 79
12 77
12 74
12 73
12 72
12 71
12 70
12 67
12 66
12 63
12 60
12 28
12 27
12 25
12 24
12 23
12 22
12 21
12 20
12 17
12 16
12 15
12 29
12 59
12 31
12 33
12 34
12 35
12 39
12 42
12 45
12 46
12 49
12 50
12 54
12 55
12 56
12 57
12 58
13 98
13 94
13 92
13 91
13 89
13 88
13 87
13 86
13 85
13 84
13 82
13 80
13 77
13 75
13 74
13 69
13 65
13 64
13 63
13 61
13 28
13 26
13 25
13 23
13 19
13 17
13 15
13 29
13 59
13 33
13 38
13 40
13 42
13 44
13 46
13 57
13 58
14 98
14 97
14 96
14 94
14 93
14 91
14 90
14 88
14 87
14 86
14 83
14 82
14 81
14 80
14 78
14 77
14 75
14 74
14 72
14 70
14 69
14 68
14 67
14 66
14 62
14 28
14 26
14 25
14 18
14 15
14 29
14 32
14 34
14 38
14 39
14 40
14 41
14 44
14 45
14 46
14 47
14 48
14 52
14 53
14 54
14 57
15 97
15 96
15 95
15 94
15 93
15 90
15 89
15 88
15 87
15 86
15 81
15 79
15 78
15 77
15 76
15 75
15 73
15 71
15 67
15 66
15 65
15 64
15 63
15 60
15 28
15 27
15 24
15 19
15 30
15 31
15 32
15 35
15 36
15 37
15 38
15 39
15 40
15 42
15 43
15 45
15 47
15 48
15 50
15 52
15 53
15 55
15 56
15 58
16 98
16 91
16 90
16 89
16 88
16 85
16 84
16 81
16 80
16 78
16 77
16 76
16 75
16 73
16 72
16 71
16 70
16 67
16 66
16 65
16 63
16 62
16 61
16 27
16 19
16 18
16 17
16 29
16 32
16 36
16 40
16 41
16 42
16 43
16 46
16 48
16 49
16 51
16 52
16 53
16 54
16 55
16 57
17 99
17 97
17 96
17 92
17 89
17 84
17 83
17 82
17 81
17 75
17 73
17 70
17 69
17 66
17 65
17 63
17 26
17 25
17 22
17 21
17 19
17 29
17 30
17 31
17 33
17 37
17 38
17 41
17 42
17 43
17 44
17 45
17 47
17 48
17 49
17 51
17 53
17 54
17 56
17 58
18 99
18 98
18 96
18 95
18 92
18 91
18 89
18 88
18 86
18 84
18 83
18 82
18 81
18 74
18 72
18 69
18 68
18 67
18 66
18 65
18 64
18 63
18 62
18 60
18 28
18 25
18 23
18 22
18 21
18 29
18 59
18 31
18 33
18 34
18 36
18 37
18 38
18 40
18 41
18 44
18 46
18 47
18 51
18 56
18 57
19 99
19 98
19 96
19 90
19 89
19 88
19 87
19 86
19 85
19 84
19 83
19 82
19 81
19 80
19 79
19 78
19 77
19 76
19 72
19 71
19 70
19 68
19 67
19 65
19 62
19 61
19 27
19 25
19 24
19 22
19 20
19 59
19 32
19 34
19 36
19 37
19 38
19 40
19 45
19 46
19 47
19 48
19 49
19 50
19 52
19 54
20 98
20 97
20 94
20 88
20 84
20 82
20 80
20 78
20 77
20 76
20 75
20 74
20 72
20 70
20 69
20 68
20 66
20 64
20 63
20 60
20 25
20 24
20 22
20 29
20 31
20 32
20 33
20 37
20 41
20 43
20 45
20 46
20 47
20 48
20 50
20 52
20 57
20 58
21 99
21 97
21 95
21 92
21 90
21 88
21 87
21 86
21 84
21 82
21 79
21 75
21 74
21 71
21 69
21 67
21 64
21 63
21 61
21 28
21 26
21 24
21 23
21 29
21 59
21 30
21 32
21 34
21 35
21 37
21 40
21 41
21 43
21 44
21 45
21 47
21 49
21 50
21 51
21 53
21 54
21 55
21 56
22 99
22 98
22 97
22 94
22 93
22 92
22 89
22 88
22 81
22 79
22 78
22 77
22 75
22 73
22 69
22 66
22 65
22 64
22 63
22 25
22 23
22 29
22 30
22 32
22 34
22 38
22 40
22 42
22 44
22 46
22 52
22 55
22 56
23 98
23 97
23 96
23 95
23 93
23 90
23 87
23 86
23 85
23 84
23 82
23 81
23 79
23 78
23 77
23 76
23 75
23 71
23 69
23 68
23 67
23 66
23 64
23 62
23 27
23 26
23 25
23 24
23 59
23 30
23 31
23 32
23 33
23 34
23 37
23 40
23 41
23 47
23 48
23 49
23 51
23 52
23 53
23 58
24 98
24 97
24 95
24 93
24 92
24 91
24 90
24 89
24 88
24 87
24 85
24 82
24 81
24 79
24 78
24 75
24 74
24 72
24 71
24 70
24 67
24 66
24 65
24 64
24 61
24 60
24 28
24 27
24 25
24 59
24 34
24 37
24 38
24 40
24 41
24 44
24 47
24 51
24 55
25 99
25 95
25 93
25 90
25 89
25 88
25 87
25 86
25 85
25 82
25 81
25 79
25 77
25 75
25 74
25 70
25 69
25 67
25 64
25 27
25 59
25 30
25 32
25 36
25 38
25 39
25 40
25 41
25 43
25 46
25 47
25 48
25 49
25 50
25 52
25 54
25 56
26 99
26 95
26 93
26 92
26 91
26 89
26 88
26 87
26 85
26 84
26 83
26 82
26 80
26 79
26 78
26 77
26 72
26 71
26 69
26 67
26 60
26 27
26 30
26 31
26 32
26 34
26 35
26 37
26 38
26 40
26 43
26 44
26 45
26 46
26 48
26 49
26 50
26 52
26 53
26 56
26 57
26 58
27 98
27 96
27 95
27 94
27 90
27 88
27 87
27 84
27 83
27 82
27 76
27 75
27 74
27 73
27 72
27 68
27 66
27 65
27 64
27 63
27 29
27 59
27 33
27 38
27 41
27 42
27 43
27 45
27 46
27 48
27 49
27 53
27 54
27 56
28 92
28 89
28 87
28 86
28 83
28 82
28 81
28 78
28 77
28 76
28 75
28 71
28 62
28 60
28 32
28 33
28 35
28 36
28 37
28 39
28 41
28 42
28 44
28 45
28 47
28 51
28 53
28 54
28 55
28 58
29 98
29 94
29 90
29 88
29 86
29 85
29 83
29 80
29 77
29 73
29 72
29 71
29 70
29 64
29 60
29 30
29 33
29 34
29 35
29 36
29 37
29 40
29 41
29 44
29 45
29 46
29 49
29 52
29 53
29 56
29 57
30 96
30 95
30 94
30 89
30 88
30 86
30 82
30 80
30 79
30 74
30 73
30 72
30 69
30 67
30 65
30 64
30 61
30 33
30 34
30 38
30 40
30 42
30 43
30 44
30 45
30 51
30 53
30 54
30 55
30 57
31 99
31 93
31 91
31 89
31 88
31 86
31 83
31 82
31 81
31 79
31 78
31 77
31 74
31 73
31 69
31 65
31 63
31 38
31 44
31 45
31 51
31 54
31 58
32 99
32 98
32 97
32 90
32 89
32 84
32 83
32 82
32 81
32 80
32 76
32 74
32 72
32 71
32 70
32 69
32 65
32 64
32 63
32 35
32 40
32 41
32 42
32 43
32 46
32 47
32 49
32 52
32 54
32 55
32 56
32 57
33 99
33 97
33 96
33 92
33 88
33 86
33 85
33 84
33 83
33 81
33 80
33 73
33 72
33 71
33 70
33 69
33 66
33 62
33 61
33 60
33 37
33 39
33 40
33 42
33 44
33 46
33 47
33 50
33 52
33 53
33 56
33 57
34 99
34 96
34 94
34 93
34 92
34 88
34 82
34 81
34 77
34 76
34 75
34 74
34 72
34 71
34 69
34 68
34 67
34 66
34 65
34 61
34 59
34 36
34 37
34 38
34 41
34 44
34 46
34 48
34 52
34 53
34 54
34 55
35 99
35 98
35 97
35 96
35 95
35 93
35 92
35 90
35 85
35 83
35 79
35 77
35 76
35 75
35 74
35 72
35 70
35 69
35 65
35 63
35 62
35 61
35 60
35 36
35 38
35 39
35 41
35 43
35 44
35 46
35 48
35 49
35 52
35 54
35 55
35 56
35 57
36 99
36 98
36 96
36 95
36 93
36 91
36 86
36 84
36 77
36 76
36 73
36 71
36 70
36 69
36 68
36 64
36 63
36 60
36 59
36 39
36 40
36 41
36 45
36 46
36 48
36 49
36 51
36 52
36 53
36 57
37 98
37 97
37 96
37 95
37 94
37 92
37 91
37 90
37 89
37 86
37 83
37 81
37 80
37 79
37 77
37 76
37 72
37 71
37 70
37 68
37 66
37 64
37 63
37 62
37 61
37 60
37 39
37 41
37 42
37 43
37 44
37 45
37 46
37 48
37 54
37 55
37 56
38 99
38 97
38 96
38 94
38 92
38 91
38 89
38 87
38 84
38 83
38 81
38 80
38 79
38 77
38 76
38 75
38 74
38 72
38 71
38 69
38 68
38 67
38 66
38 64
38 63
38 61
38 59
38 41
38 42
38 44
38 46
38 49
38 50
38 51
38 52
38 56
39 99
39 96
39 95
39 93
39 92
39 86
39 85
39 83
39 81
39 80
39 76
39 75
39 73
39 72
39 70
39 66
39 65
39 61
39 41
39 42
39 44
39 45
39 48
39 51
39 52
39 53
39 54
39 55
39 56
39 58
40 99
40 97
40 95
40 93
40 92
40 91
40 87
40 79
40 78
40 75
40 73
40 70
40 68
40 67
40 66
40 65
40 64
40 60
40 43
40 46
40 47
40 51
40 56
40 57
40 58
41 98
41 97
41 95
41 94
41 93
41 89
41 88
41 86
41 85
41 84
41 82
41 77
41 76
41 74
41 72
41 71
41 70
41 69
41 67
41 64
41 60
41 59
41 43
41 49
41 50
41 55
41 57
41 58
42 99
42 98
42 96
42 94
42 93
42 91
42 90
42 87
42 86
42 85
42 84
42 83
42 81
42 80
42 76
42 75
42 74
42 72
42 71
42 70
42 69
42 68
42 67
42 66
42 64
42 62
42 61
42 44
42 46
42 47
42 48
42 50
42 51
42 55
42 57
43 99
43 97
43 96
43 95
43 94
43 92
43 89
43 88
43 87
43 86
43 83
43 82
43 81
43 80
43 79
43 75
43 73
43 70
43 69
43 62
43 61
43 59
43 45
43 53
43 56
43 58
44 97
44 96
44 93
44 91
44 89
44 88
44 87
44 83
44 81
44 79
44 74
44 72
44 65
44 64
44 63
44 47
44 50
44 53
44 54
44 58
45 99
45 98
45 96
45 93
45 92
45 90
45 89
45 88
45 87
45 86
45 83
45 79
45 77
45 76
45 75
45 74
45 70
45 62
45 60
45 59
45 50
45 54
46 99
46 97
46 95
46 93
46 92
46 89
46 86
46 85
46 83
46 80
46 79
46 77
46 75
46 73
46 72
46 71
46 67
46 64
46 60
46 47
46 49
46 50
46 51
46 55
47 98
47 96
47 94
47 91
47 89
47 88
47 87
47 84
47 83
47 81
47 79
47 77
47 71
47 70
47 69
47 67
47 62
47 48
47 49
47 50
47 51
47 54
47 55
47 57
48 98
48 94
48 93
48 92
48 91
48 84
48 83
48 82
48 77
48 76
48 74
48 72
48 70
48 66
48 64
48 63
48 59
48 49
48 51
48 54
48 57
48 58
49 97
49 90
49 89
49 88
49 87
49 86
49 84
49 83
49 81
49 79
49 77
49 76
49 75
49 72
49 69
49 68
49 66
49 65
49 64
49 62
49 61
49 59
49 50
49 54
49 57
50 98
50 95
50 93
50 91
50 87
50 84
50 82
50 81
50 78
50 76
50 75
50 74
50 73
50 69
50 68
50 66
50 63
50 62
50 59
50 52
50 53
51 98
51 97
51 95
51 92
51 89
51 88
51 86
51 84
51 82
51 70
51 66
51 65
51 63
51 59
51 54
51 55
52 97
52 96
52 94
52 93
52 84
52 82
52 81
52 78
52 76
52 75
52 74
52 68
52 67
52 65
52 64
52 62
52 60
52 59
52 53
52 55
52 56
53 99
53 98
53 94
53 93
53 87
53 86
53 82
53 80
53 79
53 78
53 76
53 75
53 72
53 69
53 66
53 65
53 62
53 61
53 54
53 55
53 57
54 98
54 93
54 92
54 91
54 89
54 87
54 85
54 82
54 80
54 79
54 77
54 76
54 74
54 72
54 71
54 70
54 68
54 67
54 66
54 65
54 64
54 63
54 62
54 59
54 55
54 57
54 58
55 98
55 95
55 94
55 91
55 90
55 87
55 84
55 83
55 80
55 79
55 78
55 77
55 76
55 74
55 73
55 72
55 68
55 67
55 65
55 64
55 63
55 61
55 59
55 56
56 99
56 97
56 96
56 95
56 92
56 88
56 87
56 85
56 81
56 80
56 79
56 78
56 76
56 75
56 72
56 69
56 68
56 67
56 64
56 62
56 61
56 57
56 58
57 97
57 95
57 92
57 91
57 88
57 87
57 83
57 82
57 80
57 79
57 78
57 77
57 76
57 74
57 73
57 72
57 71
57 70
57 68
57 66
57 64
57 63
57 61
57 59
57 58
58 99
58 97
58 94
58 93
58 92
58 91
58 88
58 87
58 85
58 82
58 80
58 79
58 78
58 77
58 75
58 73
58 72
58 71
58 63
58 61
58 60
59 97
59 96
59 94
59 93
59 89
59 88
59 83
59 81
59 80
59 77
59 75
59 69
59 68
59 67
59 65
59 64
59 63
59 62
59 60
60 97
60 95
60 94
60 91
60 90
60 88
60 86
60 85
60 84
60 83
60 82
60 79
60 77
60 76
60 75
60 74
60 73
60 70
60 69
60 65
60 64
60 62
60 61
61 98
61 97
61 94
61 93
61 91
61 90
61 89
61 87
61 85
61 83
61 78
61 73
61 69
61 68
61 67
61 66
62 97
62 96
62 95
62 94
62 93
62 91
62 88
62 87
62 85
62 83
62 78
62 73
62 72
62 71
62 70
62 69
62 68
62 67
62 63
63 98
63 94
63 90
63 89
63 86
63 82
63 79
63 76
63 75
63 70
63 68
63 65
63 64
64 98
64 96
64 95
64 94
64 86
64 83
64 80
64 79
64 76
64 75
64 74
64 73
64 72
64 70
64 69
64 68
64 67
65 99
65 98
65 96
65 93
65 92
65 91
65 90
65 85
65 84
65 83
65 82
65 81
65 78
65 74
65 70
65 67
65 66
66 98
66 94
66 93
66 92
66 89
66 87
66 86
66 85
66 84
66 83
66 81
66 80
66 75
66 73
66 72
66 67
67 99
67 98
67 95
67 94
67 90
67 88
67 87
67 85
67 84
67 83
67 81
67 80
67 79
67 72
67 70
67 69
67 68
68 99
68 96
68 94
68 92
68 90
68 84
68 82
68 80
68 78
68 77
68 76
68 75
68 74
68 73
68 72
68 71
68 69
69 96
69 94
69 91
69 89
69 88
69 87
69 85
69 84
69 79
69 78
69 77
69 71
69 70
70 99
70 97
70 96
70 94
70 92
70 91
70 90
70 89
70 87
70 86
70 84
70 82
70 81
70 78
70 77
70 76
70 74
71 97
71 96
71 95
71 94
71 93
71 91
71 89
71 88
71 84
71 83
71 82
71 78
71 77
71 76
71 73
72 99
72 98
72 96
72 95
72 93
72 91
72 90
72 86
72 85
72 84
72 83
72 82
72 79
72 78
72 77
72 75
72 74
73 98
73 97
73 96
73 95
73 94
73 93
73 92
73 91
73 88
73 85
73 84
73 81
73 78
73 77
73 76
73 75
73 74
74 98
74 97
74 96
74 94
74 91
74 90
74 89
74 87
74 83
74 81
74 80
74 79
74 76
75 99
75 98
75 94
75 92
75 91
75 90
75 86
75 84
75 83
75 82
75 77
75 76
76 99
76 98
76 96
76 94
76 91
76 90
76 89
76 88
76 87
76 84
76 83
76 82
76 80
76 79
76 77
77 98
77 97
77 96
77 94
77 93
77 92
77 91
77 90
77 88
77 86
77 85
77 84
77 83
77 81
77 79
77 78
78 99
78 94
78 93
78 92
78 89
78 87
78 85
78 83
78 82
78 80
78 79
79 97
79 96
79 92
79 89
79 88
79 86
79 83
79 82
79 80
80 98
80 96
80 95
80 94
80 93
80 91
80 89
80 88
80 87
80 85
80 83
80 82
81 99
81 97
81 96
81 94
81 93
81 89
81 86
81 85
81 83
81 82
82 97
82 95
82 92
82 91
82 90
82 88
82 87
82 86
82 85
83 99
83 98
83 96
83 95
83 93
83 87
83 84
84 99
84 97
84 93
84 91
84 89
84 88
84 86
84 85
85 99
85 96
85 95
85 93
85 92
85 91
85 88
85 87
86 99
86 98
86 96
86 91
86 90
86 89
86 88
86 87
87 99
87 94
87 93
87 91
87 90
87 88
88 99
88 96
88 94
88 90
89 98
89 97
89 95
89 91
90 99
90 97
90 95
90 94
90 91
91 98
91 97
91 95
91 93
92 98
92 97
92 96
92 93
93 98
93 96
93 94
94 96
95 98
96 99
96 98
96 97