0 98
0 97
0 92
0 91
0 89
0 85
0 84
0 83
0 82
0 76
0 75
0 74
0 73
0 69
0 68
0 66
0 64
0 62
0 61
0 29
0 28
0 27
0 25
0 16
0 15
0 7
0 30
0 33
0 35
0 38
0 41
0 50
0 51
0 52
0 55
0 56
0 57
1 99
1 98
1 97
1 96
1 95
1 90
1 89
1 88
1 85
1 84
1 83
1 79
1 78
1 75
1 73
1 70
1 68
1 63
1 62
1 61
1 23
1 22
1 21
1 20
1 14
1 29
1 6
1 7
1 11
1 12
1 30
1 32
1 33
1 35
1 38
1 40
1 41
1 43
1 44
1 45
1 46
1 47
1 48
1 49
1 51
1 54
1 55
1 56
1 58
2 99
2 98
2 96
2 91
2 90
2 89
2 88
2 87
2 85
2 78
2 76
2 73
2 72
2 70
2 69
2 68
2 67
2 66
2 61
2 26
2 24
2 23
2 21
2 19
2 18
2 14
2 29
2 59
2 4
2 5
2 11
2 30
2 31
2 34
2 36
2 39
2 44
2 46
2 47
2 50
2 53
2 55
2 56
2 58
3 98
3 97
3 96
3 92
3 91
3 90
3 89
3 88
3 87
3 85
3 82
3 77
3 74
3 73
3 70
3 69
3 67
3 65
3 64
3 63
3 60
3 28
3 20
3 17
3 15
3 59
3 13
3 4
3 9
3 10
3 32
3 33
3 36
3 37
3 38
3 40
3 43
3 44
3 46
3 47
3 48
3 49
3 50
3 51
3 52
3 53
3 55
4 99
4 98
4 96
4 95
4 93
4 91
4 88
4 84
4 81
4 79
4 78
4 74
4 73
4 71
4 70
4 67
4 65
4 64
4 63
4 28
4 25
4 24
4 23
4 22
4 20
4 19
4 18
4 17
4 16
4 15
4 14
4 29
4 59
4 13
4 5
4 6
4 7
4 11
4 12
4 31
4 32
4 34
4 35
4 36
4 37
4 38
4 39
4 40
4 42
4 43
4 46
4 48
4 49
4 50
4 51
4 54
4 55
4 56
4 57
5 97
5 94
5 93
5 91
5 89
5 85
5 82
5 79
5 78
5 77
5 76
5 75
5 74
5 73
5 68
5 67
5 64
5 61
5 60
5 23
5 18
5 17
5 16
5 29
5 59
5 6
5 7
5 9
5 10
5 11
5 30
5 32
5 33
5 37
5 38
5 41
5 43
5 54
5 57
5 58
6 97
6 96
6 93
6 90
6 89
6 88
6 82
6 80
6 78
6 77
6 76
6 72
6 71
6 70
6 68
6 66
6 65
6 64
6 28
6 26
6 22
6 20
6 19
6 18
6 16
6 15
6 14
6 29
6 59
6 7
6 34
6 35
6 37
6 38
6 39
6 40
6 41
6 43
6 44
6 45
6 50
6 55
6 56
7 97
7 91
7 90
7 89
7 87
7 86
7 84
7 82
7 81
7 80
7 79
7 78
7 75
7 74
7 70
7 64
7 63
7 24
7 23
7 21
7 20
7 18
7 14
7 29
7 8
7 10
7 12
7 30
7 34
7 35
7 39
7 40
7 41
7 43
7 45
7 46
7 48
7 49
7 51
7 52
7 56
7 57
7 58
8 99
8 96
8 95
8 92
8 91
8 90
8 88
8 86
8 85
8 83
8 80
8 79
8 77
8 75
8 69
8 68
8 66
8 65
8 63
8 60
8 28
8 26
8 25
8 24
8 23
8 21
8 18
8 17
8 16
8 15
8 29
8 13
8 10
8 31
8 32
8 34
8 35
8 36
8 39
8 40
8 44
8 48
8 50
8 53
8 55
8 56
8 58
9 98
9 95
9 94
9 93
9 92
9 91
9 88
9 87
9 86
9 85
9 83
9 82
9 80
9 79
9 76
9 75
9 71
9 70
9 69
9 66
9 65
9 64
9 63
9 62
9 28
9 27
9 26
9 25
9 23
9 22
9 20
9 17
9 15
9 11
9 12
9 30
9 36
9 37
9 39
9 40
9 41
9 43
9 46
9 47
9 48
9 54
9 55
9 58
10 99
10 98
10 97
10 95
10 92
10 91
10 90
10 87
10 84
10 83
10 81
10 78
10 76
10 75
10 72
10 70
10 64
10 27
10 26
10 20
10 19
10 17
10 16
10 14
10 29
10 59
10 12
10 30
10 32
10 33
10 34
10 35
10 36
10 37
10 38
10 41
10 44
10 47
10 49
10 50
10 51
10 52
10 53
10 55
11 96
11 89
11 85
11 84
11 83
11 80
11 78
11 74
11 73
11 71
11 70
11 69
11 67
11 66
11 62
11 24
11 23
11 22
11 21
11 19
11 18
11 29
11 59
11 30
11 32
11 33
11 34
11 36
11 37
11 38
11 40
11 42
11 43
11 44
11 46
11 48
11 49
11 51
11 53
11 58
12 99
12 95
12 94
12 88
12 86
12 85
12 81
12 80
12 77
12 75
12 74
12 72
12 71
12 70
12 69
12 66
12 65
12 64
12 63
12 27
12 26
12 25
12 22
12 21
12 19
12 18
12 16
12 14
12 30
12 34
12 36
12 38
12 41
12 44
12 47
12 48
12 50
12 51
12 53
12 55
13 97
13 92
13 91
13 84
13 83
13 81
13 80
13 75
13 74
13 72
13 69
13 68
13 67
13 64
13 61
13 28
13 23
13 22
13 20
13 17
13 16
13 15
13 14
13 29
13 59
13 30
13 31
13 32
13 35
13 36
13 38
13 39
13 40
13 43
13 46
13 50
13 51
13 52
13 55
13 58
14 99
14 97
14 93
14 91
14 88
14 86
14 85
14 82
14 78
14 76
14 74
14 71
14 70
14 67
14 65
14 63
14 60
14 28
14 26
14 24
14 19
14 30
14 31
14 33
14 34
14 37
14 38
14 39
14 44
14 45
14 46
14 50
14 53
14 55
14 56
14 57
15 99
15 98
15 97
15 96
15 95
15 93
15 91
15 90
15 89
15 88
15 87
15 86
15 84
15 83
15 77
15 76
15 74
15 73
15 72
15 70
15 69
15 67
15 66
15 65
15 63
15 62
15 28
15 27
15 25
15 24
15 21
15 20
15 19
15 29
15 30
15 31
15 32
15 33
15 34
15 39
15 42
15 44
15 45
15 50
15 51
15 53
15 55
15 56
15 58
16 99
16 98
16 93
16 92
16 89
16 88
16 86
16 85
16 84
16 81
16 79
16 76
16 73
16 69
16 68
16 66
16 64
16 62
16 60
16 26
16 25
16 20
16 18
16 17
16 29
16 59
16 30
16 31
16 36
16 38
16 40
16 43
16 47
16 48
16 49
16 50
16 52
16 58
17 97
17 95
17 93
17 90
17 87
17 83
17 82
17 80
17 78
17 77
17 75
17 73
17 68
17 66
17 64
17 63
17 62
17 60
17 27
17 21
17 29
17 59
17 30
17 31
17 33
17 35
17 37
17 39
17 40
17 41
17 43
17 44
17 47
17 48
17 49
17 52
17 53
17 54
17 56
17 57
18 99
18 98
18 97
18 96
18 93
18 83
18 81
18 80
18 78
18 75
18 74
18 68
18 65
18 64
18 28
18 25
18 24
18 19
18 59
18 32
18 33
18 34
18 36
18 37
18 40
18 41
18 42
18 44
18 47
18 51
18 52
18 58
19 99
19 94
19 91
19 89
19 88
19 87
19 86
19 82
19 79
19 78
19 71
19 70
19 68
19 66
19 61
19 60
19 27
19 26
19 30
19 32
19 35
19 36
19 40
19 43
19 47
19 48
19 50
19 51
19 54
19 55
19 56
19 57
20 99
20 98
20 96
20 93
20 89
20 87
20 86
20 85
20 82
20 81
20 80
20 79
20 78
20 76
20 73
20 67
20 66
20 65
20 63
20 61
20 60
20 27
20 26
20 25
20 23
20 21
20 29
20 59
20 31
20 33
20 34
20 36
20 40
20 42
20 43
20 47
20 48
20 52
20 55
20 57
20 58
21 99
21 97
21 96
21 93
21 91
21 87
21 85
21 84
21 82
21 81
21 79
21 77
21 75
21 71
21 69
21 68
21 67
21 64
21 63
21 60
21 27
21 26
21 25
21 23
21 29
21 32
21 33
21 36
21 37
21 39
21 43
21 44
21 46
21 49
21 50
21 55
21 56
22 99
22 92
22 90
22 89
22 88
22 87
22 86
22 85
22 82
22 81
22 80
22 78
22 77
22 75
22 74
22 73
22 72
22 71
22 70
22 66
22 65
22 64
22 62
22 24
22 29
22 32
22 33
22 34
22 36
22 43
22 44
22 45
22 47
22 49
22 50
22 51
22 57
22 58
23 99
23 96
23 95
23 93
23 91
23 88
23 87
23 85
23 83
23 81
23 79
23 77
23 75
23 73
23 72
23 70
23 68
23 65
23 64
23 62
23 61
23 26
23 25
23 24
23 29
23 30
23 31
23 32
23 35
23 36
23 37
23 39
23 40
23 41
23 44
23 47
23 52
23 53
23 55
23 57
23 58
24 99
24 95
24 94
24 91
24 90
24 86
24 85
24 82
24 81
24 80
24 78
24 76
24 75
24 72
24 66
24 64
24 63
24 62
24 61
24 60
24 25
24 29
24 32
24 34
24 35
24 37
24 38
24 39
24 40
24 42
24 45
24 46
24 48
24 52
24 54
24 55
24 56
24 58
25 98
25 95
25 94
25 93
25 91
25 89
25 88
25 87
25 86
25 85
25 84
25 82
25 81
25 75
25 73
25 72
25 70
25 68
25 67
25 66
25 65
25 64
25 60
25 27
25 26
25 59
25 33
25 37
25 38
25 39
25 40
25 42
25 43
25 46
25 48
25 49
25 54
25 56
25 57
25 58
26 97
26 96
26 95
26 94
26 92
26 91
26 90
26 89
26 88
26 87
26 83
26 82
26 80
26 79
26 73
26 69
26 67
26 65
26 64
26 63
26 61
26 60
26 27
26 30
26 32
26 33
26 34
26 35
26 37
26 38
26 39
26 44
26 46
26 47
26 50
26 51
26 56
26 57
26 58
27 96
27 95
27 93
27 92
27 90
27 88
27 87
27 86
27 85
27 84
27 83
27 80
27 79
27 78
27 77
27 75
27 74
27 73
27 66
27 61
27 59
27 30
27 33
27 35
27 36
27 37
27 40
27 42
27 44
27 45
27 49
27 52
27 55
27 56
27 58
28 94
28 93
28 91
28 90
28 88
28 87
28 85
28 84
28 83
28 78
28 76
28 73
28 72
28 70
28 67
28 65
28 62
28 29
28 30
28 32
28 33
28 35
28 40
28 42
28 48
28 49
28 51
28 52
28 53
28 54
28 58
29 95
29 92
29 89
29 87
29 85
29 84
29 83
29 81
29 80
29 79
29 77
29 76
29 75
29 74
29 72
29 67
29 63
29 61
29 60
29 30
29 35
29 37
29 39
29 40
29 41
29 45
29 49
29 50
29 51
29 52
29 53
29 56
30 99
30 98
30 97
30 94
30 92
30 89
30 84
30 83
30 82
30 81
30 79
30 78
30 77
30 70
30 69
30 67
30 66
30 61
30 31
30 33
30 34
30 35
30 39
30 40
30 41
30 42
30 44
30 45
30 48
30 49
30 51
30 52
30 53
30 55
31 99
31 94
31 93
31 92
31 89
31 88
31 87
31 82
31 80
31 79
31 78
31 77
31 76
31 75
31 73
31 72
31 71
31 70
31 69
31 66
31 64
31 33
31 34
31 37
31 41
31 42
31 44
31 45
31 46
31 47
31 48
31 50
31 52
31 53
31 57
31 58
32 99
32 98
32 96
32 95
32 89
32 88
32 86
32 85
32 81
32 80
32 79
32 78
32 77
32 75
32 73
32 71
32 68
32 67
32 62
32 61
32 59
32 39
32 40
32 41
32 44
32 47
32 50
32 53
32 55
32 56
32 57
33 99
33 97
33 95
33 94
33 91
33 90
33 86
33 84
33 83
33 82
33 79
33 78
33 77
33 75
33 71
33 69
33 66
33 65
33 62
33 61
33 59
33 34
33 37
33 38
33 42
33 45
33 46
33 48
33 49
33 50
33 52
33 53
33 54
33 55
34 99
34 98
34 97
34 92
34 84
34 83
34 79
34 78
34 76
34 75
34 72
34 70
34 69
34 68
34 66
34 64
34 62
34 60
34 59
34 38
34 39
34 43
34 46
34 47
34 50
34 55
34 57
35 99
35 97
35 96
35 94
35 93
35 92
35 91
35 90
35 89
35 86
35 84
35 83
35 80
35 74
35 73
35 67
35 66
35 63
35 62
35 61
35 60
35 36
35 37
35 38
35 40
35 42
35 43
35 44
35 45
35 47
35 48
35 49
35 50
35 52
35 53
35 54
35 56
35 57
36 99
36 98
36 97
36 95
36 93
36 91
36 89
36 83
36 82
36 79
36 78
36 77
36 76
36 72
36 66
36 65
36 64
36 62
36 60
36 59
36 37
36 39
36 41
36 43
36 44
36 46
36 48
36 51
36 54
36 55
36 56
36 57
36 58
37 99
37 98
37 97
37 94
37 93
37 91
37 90
37 88
37 87
37 86
37 85
37 84
37 81
37 80
37 78
37 76
37 68
37 67
37 66
37 65
37 62
37 60
37 38
37 42
37 44
37 45
37 47
37 48
37 49
37 50
37 51
37 53
37 55
37 57
37 58
38 97
38 95
38 94
38 92
38 91
38 89
38 88
38 87
38 83
38 80
38 79
38 78
38 76
38 75
38 74
38 73
38 72
38 71
38 70
38 67
38 65
38 64
38 63
38 62
38 59
38 40
38 42
38 45
38 50
38 56
38 57
39 99
39 96
39 95
39 93
39 92
39 90
39 89
39 86
39 83
39 79
39 77
39 76
39 75
39 73
39 72
39 70
39 67
39 66
39 63
39 62
39 61
39 59
39 40
39 42
39 44
39 46
39 47
39 48
39 50
39 54
39 55
39 56
39 57
39 58
40 99
40 96
40 95
40 94
40 91
40 90
40 89
40 87
40 85
40 82
40 80
40 76
40 73
40 72
40 70
40 69
40 67
40 66
40 65
40 62
40 61
40 41
40 43
40 45
40 51
40 53
40 56
41 99
41 98
41 97
41 95
41 94
41 93
41 91
41 89
41 84
41 83
41 82
41 77
41 75
41 72
41 71
41 70
41 63
41 61
41 43
41 44
41 45
41 46
41 47
41 49
41 51
41 53
41 54
41 56
42 99
42 95
42 94
42 91
42 90
42 88
42 87
42 86
42 85
42 84
42 80
42 79
42 78
42 77
42 76
42 74
42 73
42 71
42 70
42 67
42 66
42 63
42 44
42 46
42 47
42 50
42 51
42 52
42 53
42 54
43 98
43 93
43 92
43 88
43 85
43 84
43 80
43 78
43 77
43 76
43 75
43 74
43 73
43 72
43 71
43 69
43 65
43 64
43 63
43 61
43 60
43 59
43 45
43 49
43 50
43 51
43 52
43 53
43 54
43 55
43 56
43 57
43 58
44 98
44 96
44 95
44 94
44 91
44 90
44 89
44 87
44 84
44 82
44 79
44 77
44 76
44 74
44 73
44 69
44 68
44 67
44 66
44 65
44 62
44 61
44 59
44 48
44 54
44 58
45 97
45 95
45 91
45 90
45 89
45 85
45 84
45 83
45 80
45 78
45 77
45 73
45 72
45 71
45 69
45 67
45 66
45 64
45 62
45 46
45 48
45 50
45 51
45 52
45 53
45 54
45 55
45 57
46 95
46 94
46 93
46 88
46 87
46 84
46 79
46 78
46 76
46 74
46 72
46 70
46 63
46 62
46 61
46 47
46 48
46 51
46 58
47 99
47 97
47 89
47 88
47 87
47 86
47 84
47 83
47 82
47 80
47 77
47 76
47 74
47 73
47 69
47 68
47 65
47 64
47 62
47 49
47 54
48 96
48 95
48 93
48 92
48 89
48 87
48 82
48 81
48 78
48 77
48 74
48 65
48 64
48 49
48 50
48 51
48 52
48 54
48 55
49 99
49 97
49 94
49 93
49 92
49 91
49 89
49 86
49 83
49 82
49 81
49 80
49 77
49 76
49 74
49 73
49 70
49 67
49 64
49 59
49 54
49 56
49 57
49 58
50 99
50 97
50 90
50 88
50 82
50 81
50 80
50 79
50 78
50 77
50 73
50 72
50 69
50 68
50 62
50 60
50 59
50 51
50 55
50 57
51 99
51 98
51 94
51 93
51 92
51 91
51 89
51 88
51 87
51 85
51 83
51 80
51 79
51 78
51 77
51 74
51 73
51 72
51 70
51 59
51 54
51 55
51 56
51 58
52 96
52 93
52 91
52 90
52 89
52 87
52 85
52 81
52 79
52 71
52 70
52 68
52 65
52 64
52 63
52 62
52 61
52 60
52 59
52 54
52 56
52 58
53 99
53 98
53 97
53 96
53 95
53 92
53 90
53 86
53 85
53 82
53 81
53 76
53 74
53 73
53 72
53 71
53 68
53 64
53 63
53 59
53 54
53 55
53 57
53 58
54 97
54 96
54 95
54 93
54 87
54 85
54 82
54 81
54 78
54 77
54 74
54 72
54 64
54 55
54 56
54 57
54 58
55 96
55 95
55 91
55 89
55 87
55 85
55 83
55 82
55 79
55 78
55 77
55 74
55 71
55 70
55 69
55 68
55 67
55 63
55 60
55 57
55 58
56 98
56 97
56 96
56 94
56 93
56 90
56 88
56 86
56 85
56 84
56 82
56 81
56 79
56 78
56 76
56 75
56 74
56 72
56 71
56 69
56 66
56 64
56 63
56 59
56 57
56 58
57 96
57 94
57 93
57 92
57 86
57 83
57 81
57 80
57 77
57 75
57 72
57 71
57 70
57 66
57 65
57 64
57 62
58 99
58 98
58 96
58 95
58 93
58 91
58 89
58 88
58 86
58 85
58 84
58 83
58 82
58 81
58 76
58 74
58 71
58 70
58 69
58 68
58 67
58 66
58 64
58 63
58 62
59 98
59 93
59 90
59 88
59 87
59 83
59 82
59 81
59 80
59 79
59 78
59 76
59 74
59 73
59 72
59 71
59 70
59 65
59 64
59 63
59 62
59 61
60 99
60 96
60 95
60 94
60 92
60 90
60 89
60 88
60 86
60 83
60 80
60 79
60 77
60 76
60 75
60 73
60 71
60 70
60 69
60 68
60 67
60 64
60 63
60 61
61 98
61 96
61 95
61 94
61 91
61 90
61 88
61 84
61 82
61 81
61 79
61 76
61 75
61 74
61 72
61 70
61 69
61 67
61 66
61 63
62 99
62 98
62 96
62 95
62 94
62 93
62 92
62 86
62 85
62 81
62 80
62 79
62 78
62 77
62 76
62 75
62 72
62 70
62 67
62 65
62 63
63 97
63 94
63 93
63 92
63 90
63 86
63 85
63 84
63 81
63 73
63 72
63 71
63 68
63 67
63 66
63 65
63 64
64 97
64 92
64 91
64 87
64 86
64 83
64 82
64 81
64 80
64 79
64 76
64 75
64 74
64 73
64 72
64 71
64 69
64 68
64 66
65 99
65 98
65 96
65 94
65 93
65 92
65 90
65 89
65 88
65 86
65 84
65 82
65 78
65 77
65 76
65 75
65 72
65 71
65 68
65 67
66 99
66 98
66 97
66 95
66 94
66 92
66 91
66 88
66 87
66 85
66 84
66 82
66 80
66 79
66 77
66 76
66 75
66 74
67 96
67 94
67 93
67 92
67 91
67 89
67 88
67 86
67 85
67 82
67 81
67 80
67 79
67 77
67 76
67 75
67 74
67 71
67 70
67 68
68 99
68 98
68 97
68 92
68 91
68 89
68 87
68 82
68 81
68 80
68 79
68 78
68 75
68 74
68 73
68 70
69 96
69 91
69 88
69 87
69 86
69 85
69 80
69 74
69 73
69 71
69 70
70 99
70 97
70 95
70 93
70 91
70 89
70 88
70 87
70 85
70 84
70 83
70 82
70 81
70 80
70 79
70 77
70 76
70 75
70 73
71 96
71 95
71 94
71 93
71 92
71 89
71 87
71 84
71 83
71 82
71 81
71 80
71 77
71 75
71 73
72 97
72 96
72 95
72 94
72 91
72 90
72 89
72 84
72 83
72 81
72 79
72 78
72 77
72 76
72 75
72 74
72 73
73 99
73 98
73 94
73 93
73 91
73 90
73 89
73 88
73 87
73 78
73 75
73 74
74 97
74 94
74 88
74 80
74 77
74 76
74 75
75 96
75 95
75 88
75 87
75 85
75 82
75 80
75 79
75 78
75 76
76 99
76 98
76 93
76 92
76 89
76 88
76 84
76 83
76 82
76 81
76 80
76 78
77 99
77 97
77 96
77 95
77 94
77 92
77 91
77 90
77 89
77 85
77 84
77 82
77 79
78 99
78 97
78 96
78 94
78 93
78 92
78 90
78 89
78 88
78 87
78 85
78 84
78 82
79 98
79 93
79 90
79 88
79 86
79 85
79 83
79 82
79 81
80 98
80 97
80 94
80 92
80 88
80 87
80 85
80 81
81 99
81 98
81 97
81 96
81 94
81 93
81 91
81 90
81 88
81 86
81 84
81 83
81 82
82 99
82 95
82 94
82 93
82 90
83 99
83 98
83 97
83 95
83 94
83 92
83 91
83 90
83 88
83 87
84 99
84 98
84 90
84 87
84 86
84 85
85 98
85 96
85 95
85 92
85 90
85 88
86 96
86 94
86 93
86 91
86 90
86 89
87 99
87 96
87 93
87 91
87 90
87 89
88 99
88 98
88 95
88 94
88 92
88 89
89 99
89 97
89 94
89 93
89 90
90 98
90 96
90 95
90 92
90 91
91 97
91 96
91 95
91 93
91 92
92 99
92 98
92 93
93 97
93 96
94 99
94 97
94 96
95 99
95 97
97 99
97 98
98 99