0 198
0 197
0 196
0 193
0 192
0 188
0 185
0 184
0 183
0 182
0 180
0 179
0 176
0 175
0 173
0 168
0 167
0 162
0 155
0 154
0 153
0 152
0 149
0 148
0 147
0 146
0 145
0 144
0 141
0 140
0 138
0 137
0 136
0 135
0 133
0 131
0 128
0 59
0 58
0 57
0 53
0 51
0 50
0 48
0 47
0 44
0 42
0 41
0 38
0 37
0 36
0 33
0 32
0 30
0 13
0 11
0 9
0 8
0 7
0 5
0 3
0 14
0 15
0 19
0 20
0 21
0 22
0 27
0 29
0 62
0 63
0 64
0 65
0 66
0 67
0 69
0 74
0 75
0 77
0 79
0 80
0 81
0 82
0 83
0 85
0 89
0 91
0 92
0 93
0 95
0 97
0 98
0 99
0 104
0 111
0 114
0 115
0 116
0 117
0 119
0 120
0 121
0 122
0 124
1 195
1 194
1 192
1 191
1 190
1 188
1 187
1 184
1 183
1 181
1 180
1 177
1 176
1 174
1 169
1 167
1 165
1 163
1 162
1 161
1 159
1 158
1 157
1 156
1 154
1 153
1 152
1 151
1 150
1 148
1 147
1 146
1 143
1 141
1 137
1 136
1 132
1 131
1 128
1 55
1 54
1 53
1 52
1 49
1 48
1 47
1 44
1 42
1 40
1 39
1 38
1 37
1 34
1 11
1 10
1 7
1 3
1 59
1 15
1 19
1 20
1 21
1 22
1 24
1 25
1 60
1 61
1 63
1 66
1 67
1 68
1 69
1 70
1 71
1 72
1 73
1 74
1 78
1 79
1 80
1 81
1 83
1 86
1 90
1 91
1 92
1 94
1 96
1 97
1 99
1 101
1 102
1 104
1 107
1 108
1 110
1 113
1 114
1 116
1 117
1 121
1 122
1 123
1 124
1 125
2 199
2 198
2 197
2 196
2 193
2 190
2 187
2 186
2 185
2 183
2 180
2 179
2 178
2 175
2 169
2 162
2 161
2 160
2 159
2 158
2 157
2 155
2 154
2 150
2 149
2 148
2 147
2 146
2 145
2 144
2 143
2 142
2 140
2 135
2 134
2 133
2 130
2 54
2 52
2 51
2 50
2 48
2 46
2 43
2 42
2 40
2 39
2 36
2 34
2 33
2 31
2 30
2 12
2 11
2 9
2 8
2 7
2 5
2 3
2 13
2 59
2 127
2 29
2 15
2 17
2 19
2 21
2 24
2 27
2 61
2 64
2 65
2 66
2 67
2 68
2 72
2 74
2 75
2 76
2 77
2 78
2 79
2 84
2 85
2 87
2 88
2 89
2 90
2 92
2 94
2 96
2 97
2 99
2 101
2 103
2 110
2 111
2 112
2 113
2 114
2 115
2 116
2 117
2 122
2 125
3 197
3 196
3 190
3 184
3 183
3 182
3 177
3 176
3 175
3 174
3 173
3 170
3 169
3 168
3 167
3 164
3 163
3 162
3 161
3 159
3 157
3 154
3 153
3 152
3 151
3 150
3 149
3 147
3 146
3 144
3 143
3 140
3 134
3 133
3 131
3 130
3 57
3 53
3 51
3 50
3 48
3 42
3 39
3 36
3 35
3 34
3 31
3 12
3 11
3 8
3 5
3 4
3 59
3 29
3 15
3 18
3 21
3 22
3 24
3 61
3 63
3 64
3 65
3 67
3 68
3 70
3 73
3 74
3 77
3 79
3 80
3 84
3 86
3 87
3 89
3 90
3 92
3 93
3 97
3 99
3 100
3 104
3 107
3 110
3 116
3 117
3 118
3 119
3 120
3 121
3 122
3 123
3 125
4 196
4 194
4 191
4 190
4 188
4 184
4 182
4 181
4 179
4 176
4 170
4 169
4 165
4 163
4 162
4 161
4 160
4 159
4 158
4 151
4 149
4 145
4 144
4 143
4 142
4 140
4 136
4 135
4 134
4 133
4 130
4 57
4 56
4 55
4 53
4 49
4 48
4 46
4 43
4 42
4 41
4 33
4 31
4 30
4 11
4 9
4 7
4 6
4 5
4 13
4 127
4 15
4 16
4 20
4 21
4 22
4 25
4 28
4 60
4 61
4 63
4 64
4 65
4 67
4 70
4 71
4 72
4 78
4 79
4 82
4 85
4 86
4 88
4 91
4 92
4 94
4 95
4 97
4 98
4 99
4 102
4 103
4 107
4 108
4 109
4 110
4 112
4 114
4 115
4 119
4 121
4 122
4 124
4 125
4 126
5 198
5 196
5 195
5 194
5 189
5 188
5 181
5 177
5 173
5 170
5 168
5 167
5 165
5 164
5 163
5 162
5 156
5 155
5 153
5 152
5 151
5 150
5 146
5 145
5 141
5 139
5 136
5 135
5 134
5 132
5 52
5 51
5 48
5 47
5 44
5 41
5 40
5 39
5 38
5 34
5 10
5 9
5 6
5 127
5 15
5 16
5 17
5 18
5 21
5 22
5 23
5 24
5 27
5 28
5 63
5 64
5 65
5 69
5 70
5 71
5 73
5 75
5 76
5 77
5 81
5 83
5 84
5 85
5 87
5 89
5 90
5 91
5 92
5 94
5 95
5 96
5 100
5 101
5 103
5 104
5 106
5 108
5 112
5 113
5 118
5 120
5 122
5 123
6 199
6 198
6 195
6 194
6 193
6 190
6 187
6 184
6 181
6 180
6 174
6 172
6 166
6 164
6 161
6 159
6 158
6 157
6 155
6 154
6 150
6 147
6 146
6 145
6 143
6 134
6 133
6 131
6 129
6 128
6 56
6 55
6 53
6 52
6 51
6 47
6 45
6 44
6 43
6 42
6 40
6 39
6 38
6 35
6 32
6 30
6 12
6 9
6 8
6 7
6 59
6 127
6 29
6 14
6 16
6 17
6 19
6 20
6 21
6 22
6 25
6 26
6 28
6 60
6 61
6 62
6 63
6 64
6 65
6 67
6 68
6 70
6 72
6 74
6 75
6 76
6 77
6 79
6 83
6 85
6 87
6 89
6 97
6 99
6 100
6 101
6 102
6 103
6 104
6 111
6 112
6 113
6 117
6 121
6 126
7 197
7 196
7 195
7 193
7 192
7 191
7 187
7 185
7 184
7 183
7 182
7 181
7 180
7 179
7 178
7 177
7 176
7 172
7 171
7 170
7 167
7 162
7 161
7 159
7 158
7 156
7 153
7 151
7 150
7 148
7 145
7 143
7 142
7 141
7 140
7 138
7 136
7 134
7 132
7 131
7 130
7 128
7 55
7 53
7 51
7 50
7 47
7 46
7 43
7 41
7 38
7 33
7 32
7 31
7 30
7 12
7 10
7 9
7 8
7 13
7 15
7 16
7 21
7 24
7 25
7 26
7 27
7 63
7 64
7 65
7 66
7 69
7 70
7 72
7 73
7 74
7 77
7 81
7 82
7 83
7 84
7 85
7 87
7 88
7 92
7 93
7 97
7 98
7 100
7 103
7 105
7 106
7 108
7 112
7 113
7 115
7 117
7 120
7 121
7 123
7 124
7 125
7 126
8 199
8 197
8 196
8 192
8 190
8 180
8 175
8 174
8 169
8 166
8 164
8 163
8 158
8 156
8 155
8 152
8 151
8 148
8 145
8 143
8 142
8 140
8 139
8 138
8 136
8 56
8 55
8 53
8 52
8 48
8 47
8 45
8 43
8 42
8 38
8 37
8 32
8 12
8 10
8 9
8 14
8 15
8 16
8 18
8 20
8 22
8 24
8 26
8 61
8 64
8 65
8 67
8 68
8 69
8 73
8 75
8 76
8 77
8 79
8 81
8 83
8 84
8 87
8 90
8 91
8 94
8 101
8 102
8 103
8 105
8 109
8 110
8 111
8 113
8 114
8 115
8 116
8 117
8 120
8 124
8 125
8 126
9 197
9 196
9 192
9 190
9 187
9 186
9 184
9 182
9 181
9 180
9 177
9 176
9 175
9 171
9 168
9 167
9 165
9 163
9 162
9 161
9 158
9 157
9 156
9 155
9 154
9 152
9 147
9 143
9 142
9 141
9 140
9 139
9 138
9 137
9 133
9 129
9 128
9 58
9 57
9 55
9 54
9 53
9 52
9 51
9 49
9 43
9 38
9 37
9 36
9 33
9 30
9 11
9 13
9 59
9 16
9 17
9 18
9 19
9 21
9 22
9 27
9 61
9 62
9 63
9 64
9 66
9 67
9 68
9 71
9 72
9 74
9 75
9 76
9 77
9 81
9 82
9 83
9 85
9 88
9 89
9 93
9 94
9 96
9 100
9 101
9 103
9 104
9 106
9 108
9 112
9 115
9 117
9 118
9 120
9 121
9 122
9 124
10 196
10 195
10 186
10 184
10 183
10 182
10 181
10 178
10 176
10 174
10 169
10 168
10 165
10 164
10 160
10 158
10 157
10 156
10 154
10 153
10 151
10 150
10 149
10 145
10 143
10 142
10 141
10 140
10 136
10 135
10 132
10 131
10 130
10 128
10 58
10 57
10 54
10 53
10 52
10 50
10 49
10 47
10 44
10 43
10 39
10 38
10 36
10 35
10 33
10 30
10 12
10 11
10 13
10 15
10 16
10 20
10 22
10 24
10 28
10 61
10 62
10 63
10 64
10 65
10 67
10 68
10 70
10 72
10 74
10 76
10 77
10 79
10 82
10 85
10 87
10 89
10 92
10 94
10 97
10 98
10 100
10 102
10 104
10 105
10 107
10 109
10 110
10 111
10 113
10 118
10 121
10 122
10 124
11 199
11 198
11 196
11 194
11 193
11 190
11 187
11 186
11 185
11 183
11 181
11 180
11 178
11 177
11 175
11 174
11 173
11 172
11 171
11 166
11 165
11 161
11 160
11 157
11 155
11 154
11 153
11 152
11 150
11 149
11 148
11 147
11 145
11 144
11 142
11 135
11 133
11 132
11 130
11 56
11 55
11 54
11 52
11 48
11 47
11 45
11 39
11 37
11 34
11 33
11 32
11 59
11 29
11 14
11 15
11 16
11 19
11 22
11 26
11 28
11 60
11 64
11 66
11 67
11 68
11 75
11 76
11 77
11 78
11 80
11 81
11 83
11 85
11 88
11 89
11 93
11 96
11 99
11 102
11 104
11 105
11 106
11 108
11 111
11 112
11 116
11 119
11 120
11 122
11 124
11 125
11 126
12 199
12 198
12 196
12 193
12 191
12 189
12 188
12 185
12 182
12 181
12 179
12 176
12 174
12 173
12 172
12 171
12 166
12 165
12 161
12 156
12 155
12 154
12 148
12 146
12 144
12 142
12 139
12 138
12 137
12 136
12 135
12 133
12 132
12 131
12 130
12 128
12 58
12 53
12 48
12 47
12 45
12 42
12 40
12 39
12 38
12 36
12 35
12 32
12 29
12 15
12 18
12 19
12 22
12 23
12 25
12 26
12 28
12 61
12 65
12 68
12 69
12 72
12 73
12 74
12 75
12 77
12 78
12 79
12 80
12 81
12 83
12 84
12 85
12 86
12 87
12 88
12 92
12 93
12 95
12 96
12 97
12 98
12 99
12 104
12 105
12 106
12 108
12 114
12 115
12 117
12 118
12 119
12 121
12 125
13 199
13 198
13 196
13 195
13 194
13 193
13 192
13 191
13 190
13 189
13 187
13 186
13 183
13 180
13 179
13 173
13 171
13 170
13 166
13 162
13 160
13 159
13 158
13 157
13 154
13 152
13 150
13 147
13 145
13 144
13 142
13 136
13 134
13 130
13 129
13 128
13 57
13 56
13 55
13 53
13 52
13 48
13 47
13 45
13 44
13 42
13 41
13 40
13 38
13 33
13 31
13 30
13 59
13 127
13 29
13 17
13 20
13 23
13 24
13 25
13 27
13 28
13 60
13 62
13 66
13 67
13 68
13 69
13 72
13 73
13 74
13 77
13 79
13 80
13 82
13 84
13 86
13 87
13 88
13 89
13 91
13 92
13 96
13 97
13 100
13 103
13 104
13 105
13 106
13 107
13 112
13 115
13 116
13 117
13 118
13 119
13 120
13 121
13 122
13 123
13 124
13 125
14 199
14 197
14 193
14 192
14 190
14 189
14 188
14 186
14 185
14 183
14 179
14 176
14 175
14 174
14 173
14 172
14 170
14 165
14 163
14 161
14 160
14 159
14 158
14 145
14 142
14 138
14 137
14 134
14 130
14 129
14 58
14 57
14 56
14 53
14 51
14 49
14 48
14 47
14 41
14 39
14 36
14 32
14 31
14 59
14 15
14 19
14 20
14 23
14 25
14 26
14 28
14 61
14 64
14 65
14 66
14 67
14 71
14 72
14 73
14 74
14 78
14 79
14 81
14 83
14 87
14 94
14 95
14 96
14 101
14 104
14 105
14 106
14 109
14 113
14 115
14 117
14 123
14 124
14 125
14 126
15 199
15 197
15 196
15 193
15 192
15 190
15 187
15 186
15 185
15 184
15 182
15 180
15 174
15 173
15 172
15 166
15 163
15 158
15 157
15 156
15 155
15 154
15 152
15 150
15 149
15 148
15 147
15 146
15 145
15 143
15 142
15 141
15 140
15 137
15 136
15 131
15 130
15 129
15 128
15 55
15 50
15 49
15 48
15 46
15 45
15 43
15 41
15 39
15 36
15 34
15 32
15 30
15 127
15 29
15 17
15 18
15 19
15 26
15 27
15 64
15 65
15 67
15 69
15 72
15 75
15 76
15 77
15 78
15 79
15 80
15 81
15 82
15 85
15 86
15 87
15 88
15 89
15 92
15 95
15 96
15 99
15 100
15 103
15 104
15 107
15 108
15 112
15 117
15 121
15 123
15 124
16 199
16 198
16 196
16 195
16 188
16 186
16 185
16 184
16 183
16 182
16 178
16 172
16 171
16 170
16 169
16 168
16 167
16 163
16 162
16 158
16 157
16 156
16 152
16 151
16 149
16 146
16 144
16 143
16 141
16 140
16 136
16 133
16 132
16 130
16 56
16 53
16 52
16 51
16 49
16 46
16 45
16 44
16 43
16 40
16 31
16 30
16 59
16 127
16 29
16 17
16 18
16 19
16 20
16 24
16 28
16 61
16 70
16 73
16 74
16 77
16 78
16 83
16 87
16 90
16 92
16 93
16 95
16 98
16 100
16 102
16 103
16 105
16 111
16 114
16 115
16 116
16 119
16 121
16 122
16 124
16 125
16 126
17 199
17 197
17 194
17 193
17 191
17 189
17 187
17 186
17 184
17 183
17 180
17 176
17 173
17 171
17 170
17 169
17 167
17 166
17 165
17 163
17 162
17 161
17 159
17 157
17 156
17 154
17 153
17 151
17 150
17 149
17 147
17 145
17 144
17 141
17 139
17 138
17 137
17 136
17 135
17 134
17 133
17 131
17 128
17 58
17 53
17 52
17 51
17 50
17 49
17 47
17 43
17 42
17 40
17 39
17 38
17 35
17 34
17 32
17 30
17 59
17 127
17 29
17 20
17 23
17 25
17 61
17 62
17 63
17 65
17 68
17 70
17 71
17 72
17 73
17 75
17 76
17 78
17 79
17 81
17 83
17 84
17 87
17 88
17 89
17 92
17 95
17 96
17 97
17 101
17 102
17 103
17 104
17 105
17 109
17 110
17 117
17 121
17 124
17 125
18 199
18 197
18 194
18 189
18 185
18 184
18 183
18 177
18 175
18 174
18 172
18 171
18 170
18 167
18 166
18 164
18 162
18 161
18 160
18 158
18 156
18 155
18 154
18 153
18 149
18 146
18 145
18 140
18 58
18 57
18 56
18 55
18 54
18 50
18 46
18 44
18 42
18 41
18 40
18 38
18 37
18 36
18 35
18 34
18 33
18 32
18 31
18 30
18 59
18 127
18 20
18 23
18 24
18 28
18 61
18 62
18 63
18 75
18 77
18 82
18 84
18 87
18 88
18 89
18 92
18 99
18 100
18 102
18 107
18 108
18 115
18 117
18 119
18 121
18 122
18 124
18 126
19 199
19 198
19 197
19 196
19 192
19 190
19 189
19 187
19 184
19 183
19 182
19 181
19 179
19 178
19 175
19 172
19 170
19 167
19 166
19 161
19 160
19 155
19 154
19 152
19 151
19 150
19 149
19 147
19 145
19 143
19 141
19 139
19 138
19 134
19 131
19 129
19 128
19 56
19 54
19 53
19 52
19 51
19 50
19 49
19 48
19 46
19 44
19 43
19 41
19 33
19 59
19 29
19 23
19 28
19 60
19 62
19 64
19 65
19 66
19 70
19 71
19 73
19 74
19 83
19 94
19 95
19 97
19 98
19 101
19 102
19 108
19 110
19 115
19 116
19 117
19 118
19 119
19 120
19 121
19 123
19 124
19 126
20 199
20 193
20 191
20 190
20 189
20 188
20 186
20 185
20 182
20 179
20 177
20 172
20 171
20 170
20 169
20 166
20 165
20 160
20 159
20 158
20 157
20 154
20 152
20 151
20 147
20 141
20 140
20 137
20 136
20 134
20 132
20 131
20 128
20 58
20 57
20 55
20 51
20 48
20 43
20 38
20 37
20 36
20 35
20 34
20 33
20 30
20 127
20 22
20 23
20 24
20 27
20 60
20 62
20 63
20 66
20 68
20 69
20 70
20 73
20 74
20 75
20 77
20 78
20 83
20 85
20 86
20 92
20 94
20 96
20 98
20 99
20 100
20 101
20 102
20 104
20 106
20 108
20 109
20 112
20 114
20 117
20 118
20 120
20 122
20 124
20 125
20 126
21 199
21 198
21 196
21 195
21 194
21 192
21 189
21 188
21 187
21 182
21 180
21 179
21 176
21 175
21 172
21 171
21 169
21 168
21 165
21 164
21 163
21 161
21 160
21 159
21 158
21 157
21 156
21 155
21 152
21 148
21 147
21 146
21 145
21 144
21 143
21 142
21 140
21 139
21 137
21 136
21 135
21 129
21 58
21 57
21 56
21 55
21 54
21 52
21 48
21 47
21 46
21 43
21 42
21 40
21 36
21 35
21 34
21 31
21 127
21 29
21 23
21 24
21 25
21 26
21 27
21 28
21 62
21 64
21 67
21 68
21 69
21 70
21 73
21 74
21 75
21 77
21 78
21 81
21 82
21 83
21 85
21 86
21 87
21 88
21 90
21 91
21 92
21 93
21 94
21 95
21 96
21 98
21 101
21 102
21 103
21 104
21 105
21 106
21 108
21 109
21 111
21 112
21 113
21 117
21 118
21 120
21 121
21 122
21 124
21 126
22 199
22 198
22 197
22 196
22 192
22 191
22 188
22 186
22 185
22 183
22 182
22 179
22 178
22 177
22 176
22 175
22 174
22 172
22 171
22 167
22 166
22 164
22 163
22 162
22 161
22 157
22 155
22 153
22 152
22 150
22 148
22 147
22 145
22 143
22 141
22 137
22 136
22 135
22 58
22 56
22 55
22 54
22 53
22 51
22 49
22 48
22 43
22 42
22 41
22 38
22 35
22 34
22 33
22 32
22 30
22 60
22 61
22 62
22 63
22 64
22 66
22 67
22 68
22 69
22 70
22 76
22 77
22 84
22 87
22 88
22 90
22 91
22 92
22 93
22 94
22 96
22 98
22 100
22 101
22 102
22 103
22 105
22 107
22 108
22 109
22 111
22 112
22 113
22 115
22 116
22 117
22 121
22 124
23 195
23 194
23 192
23 188
23 187
23 183
23 179
23 178
23 177
23 173
23 171
23 169
23 168
23 166
23 165
23 164
23 163
23 162
23 160
23 159
23 154
23 152
23 149
23 146
23 144
23 142
23 141
23 140
23 138
23 135
23 133
23 131
23 130
23 55
23 54
23 52
23 49
23 48
23 43
23 42
23 39
23 38
23 35
23 34
23 31
23 30
23 59
23 127
23 24
23 25
23 28
23 61
23 62
23 63
23 64
23 65
23 66
23 68
23 69
23 71
23 72
23 74
23 75
23 79
23 82
23 83
23 84
23 86
23 88
23 89
23 91
23 95
23 98
23 99
23 101
23 102
23 103
23 104
23 105
23 106
23 107
23 108
23 109
23 112
23 113
23 114
23 118
23 122
23 123
23 124
23 126
24 197
24 196
24 195
24 191
24 190
24 188
24 187
24 183
24 179
24 178
24 177
24 172
24 171
24 168
24 167
24 165
24 163
24 161
24 157
24 156
24 155
24 154
24 151
24 150
24 148
24 145
24 144
24 141
24 138
24 137
24 136
24 135
24 134
24 133
24 131
24 129
24 128
24 58
24 57
24 55
24 54
24 53
24 50
24 48
24 46
24 44
24 41
24 39
24 36
24 34
24 32
24 31
24 25
24 28
24 61
24 62
24 63
24 64
24 65
24 67
24 68
24 69
24 71
24 72
24 76
24 77
24 83
24 84
24 85
24 87
24 88
24 90
24 96
24 98
24 100
24 101
24 103
24 104
24 105
24 106
24 110
24 113
24 115
24 116
24 117
24 118
24 120
24 121
24 123
24 124
24 125
25 198
25 197
25 196
25 195
25 194
25 192
25 190
25 188
25 186
25 181
25 180
25 178
25 176
25 174
25 173
25 169
25 166
25 165
25 164
25 162
25 159
25 153
25 152
25 150
25 146
25 144
25 143
25 142
25 140
25 138
25 137
25 136
25 133
25 132
25 131
25 130
25 128
25 56
25 55
25 53
25 52
25 48
25 47
25 46
25 45
25 44
25 43
25 40
25 34
25 33
25 32
25 26
25 27
25 28
25 60
25 61
25 62
25 66
25 67
25 68
25 69
25 71
25 72
25 74
25 75
25 77
25 80
25 81
25 82
25 83
25 85
25 87
25 88
25 89
25 92
25 94
25 95
25 97
25 98
25 99
25 101
25 102
25 104
25 105
25 107
25 109
25 111
25 114
25 115
25 116
25 117
25 118
25 119
25 120
25 121
25 125
26 199
26 198
26 193
26 191
26 190
26 189
26 188
26 186
26 185
26 184
26 182
26 179
26 173
26 171
26 169
26 167
26 161
26 160
26 158
26 155
26 152
26 150
26 149
26 148
26 147
26 146
26 144
26 143
26 142
26 141
26 140
26 138
26 137
26 135
26 133
26 132
26 131
26 130
26 128
26 58
26 57
26 56
26 55
26 54
26 52
26 50
26 49
26 48
26 46
26 45
26 42
26 39
26 37
26 36
26 35
26 33
26 32
26 30
26 65
26 70
26 71
26 72
26 73
26 74
26 82
26 83
26 85
26 86
26 92
26 95
26 96
26 97
26 98
26 99
26 101
26 105
26 106
26 108
26 110
26 111
26 113
26 115
26 116
26 118
26 119
26 120
26 121
26 122
26 124
26 125
27 199
27 198
27 197
27 196
27 194
27 193
27 191
27 190
27 189
27 187
27 184
27 181
27 180
27 179
27 178
27 177
27 175
27 174
27 173
27 171
27 170
27 168
27 166
27 165
27 162
27 160
27 157
27 154
27 152
27 151
27 147
27 145
27 144
27 143
27 138
27 137
27 136
27 135
27 133
27 129
27 58
27 56
27 55
27 53
27 47
27 46
27 45
27 44
27 43
27 41
27 36
27 34
27 33
27 31
27 28
27 60
27 61
27 63
27 64
27 65
27 67
27 73
27 75
27 76
27 77
27 80
27 81
27 85
27 86
27 89
27 94
27 96
27 98
27 99
27 101
27 104
27 107
27 110
27 113
27 115
27 116
27 117
27 118
27 120
27 121
27 122
27 124
27 125
28 196
28 190
28 187
28 184
28 182
28 180
28 176
28 175
28 174
28 171
28 170
28 168
28 166
28 165
28 162
28 159
28 158
28 155
28 154
28 152
28 150
28 149
28 147
28 143
28 142
28 140
28 139
28 137
28 131
28 130
28 58
28 57
28 56
28 55
28 54
28 50
28 49
28 48
28 47
28 46
28 44
28 43
28 42
28 41
28 39
28 38
28 31
28 30
28 127
28 60
28 62
28 64
28 68
28 69
28 70
28 74
28 76
28 83
28 84
28 88
28 89
28 90
28 94
28 98
28 103
28 107
28 110
28 111
28 115
28 116
28 117
28 119
28 121
28 122
28 123
28 125
28 126
29 198
29 196
29 195
29 194
29 193
29 191
29 186
29 184
29 181
29 175
29 174
29 172
29 171
29 170
29 168
29 167
29 164
29 160
29 159
29 150
29 149
29 145
29 143
29 142
29 141
29 140
29 137
29 135
29 132
29 131
29 130
29 129
29 54
29 50
29 48
29 47
29 41
29 40
29 39
29 38
29 34
29 33
29 32
29 31
29 30
29 127
29 60
29 62
29 67
29 68
29 70
29 72
29 83
29 84
29 85
29 86
29 87
29 89
29 90
29 91
29 93
29 94
29 100
29 102
29 103
29 106
29 109
29 111
29 112
29 113
29 114
29 116
29 117
29 119
29 122
29 124
30 199
30 198
30 197
30 191
30 188
30 186
30 185
30 184
30 183
30 182
30 180
30 178
30 176
30 172
30 170
30 169
30 168
30 164
30 161
30 159
30 158
30 156
30 155
30 152
30 151
30 150
30 149
30 143
30 142
30 141
30 138
30 137
30 134
30 129
30 56
30 55
30 53
30 52
30 48
30 47
30 43
30 42
30 41
30 40
30 39
30 36
30 35
30 34
30 33
30 31
30 60
30 61
30 62
30 64
30 65
30 68
30 69
30 70
30 73
30 75
30 76
30 79
30 80
30 81
30 83
30 86
30 87
30 91
30 93
30 96
30 98
30 99
30 100
30 102
30 110
30 112
30 113
30 115
30 116
30 118
30 120
30 121
30 122
30 126
31 198
31 197
31 188
31 187
31 186
31 183
31 182
31 181
31 179
31 178
31 177
31 170
31 169
31 167
31 166
31 165
31 163
31 162
31 159
31 158
31 156
31 155
31 151
31 150
31 147
31 143
31 141
31 140
31 137
31 134
31 133
31 131
31 130
31 129
31 128
31 58
31 57
31 56
31 54
31 53
31 52
31 51
31 50
31 48
31 47
31 38
31 37
31 35
31 59
31 60
31 62
31 63
31 66
31 68
31 70
31 71
31 72
31 73
31 76
31 79
31 80
31 81
31 83
31 85
31 86
31 88
31 91
31 93
31 98
31 99
31 100
31 101
31 104
31 105
31 106
31 107
31 109
31 110
31 111
31 113
31 114
31 119
31 120
31 121
31 123
31 126
32 199
32 198
32 195
32 194
32 188
32 187
32 185
32 184
32 183
32 181
32 179
32 178
32 177
32 174
32 171
32 169
32 165
32 164
32 162
32 158
32 157
32 154
32 153
32 150
32 147
32 144
32 135
32 134
32 133
32 132
32 131
32 130
32 58
32 56
32 55
32 52
32 51
32 49
32 44
32 41
32 40
32 39
32 38
32 37
32 34
32 59
32 62
32 67
32 68
32 69
32 70
32 75
32 76
32 78
32 79
32 80
32 81
32 82
32 85
32 86
32 87
32 88
32 89
32 90
32 92
32 93
32 94
32 98
32 100
32 101
32 102
32 104
32 105
32 108
32 109
32 113
32 114
32 116
32 123
32 125
32 126
33 198
33 197
33 196
33 194
33 193
33 189
33 188
33 185
33 184
33 183
33 181
33 178
33 177
33 176
33 170
33 169
33 168
33 166
33 164
33 160
33 156
33 154
33 153
33 152
33 150
33 148
33 146
33 140
33 139
33 133
33 130
33 129
33 128
33 58
33 55
33 47
33 46
33 45
33 42
33 41
33 39
33 38
33 36
33 35
33 34
33 59
33 60
33 64
33 65
33 66
33 67
33 68
33 70
33 71
33 72
33 75
33 76
33 77
33 79
33 84
33 87
33 93
33 95
33 97
33 98
33 101
33 102
33 104
33 105
33 106
33 118
33 119
33 120
33 123
33 124
33 126
34 198
34 197
34 195
34 194
34 192
34 191
34 190
34 189
34 187
34 184
34 183
34 182
34 180
34 179
34 177
34 176
34 174
34 171
34 167
34 165
34 164
34 163
34 162
34 161
34 160
34 159
34 157
34 152
34 151
34 150
34 149
34 147
34 146
34 144
34 141
34 140
34 139
34 138
34 136
34 135
34 132
34 129
34 57
34 55
34 51
34 49
34 48
34 47
34 45
34 44
34 42
34 37
34 60
34 62
34 64
34 65
34 69
34 70
34 74
34 76
34 77
34 78
34 80
34 81
34 83
34 84
34 85
34 86
34 90
34 93
34 96
34 99
34 100
34 102
34 104
34 108
34 109
34 111
34 112
34 113
34 115
34 117
34 118
34 119
34 120
34 123
34 125
34 126
35 196
35 195
35 192
35 191
35 189
35 188
35 187
35 186
35 185
35 183
35 180
35 178
35 173
35 171
35 169
35 168
35 164
35 159
35 158
35 157
35 152
35 149
35 147
35 145
35 142
35 140
35 139
35 138
35 136
35 133
35 130
35 57
35 55
35 54
35 53
35 52
35 51
35 48
35 46
35 45
35 40
35 60
35 61
35 62
35 66
35 67
35 71
35 72
35 73
35 76
35 78
35 80
35 84
35 86
35 96
35 99
35 100
35 101
35 103
35 107
35 108
35 109
35 112
35 116
35 120
35 121
35 123
35 126
36 199
36 197
36 192
36 191
36 190
36 189
36 188
36 187
36 186
36 184
36 183
36 180
36 179
36 178
36 176
36 174
36 171
36 169
36 166
36 163
36 158
36 155
36 153
36 150
36 146
36 145
36 144
36 142
36 141
36 140
36 139
36 135
36 132
36 131
36 130
36 128
36 57
36 56
36 55
36 54
36 53
36 52
36 50
36 47
36 45
36 42
36 38
36 37
36 61
36 63
36 66
36 67
36 70
36 72
36 73
36 76
36 77
36 79
36 80
36 81
36 83
36 84
36 85
36 86
36 88
36 91
36 93
36 94
36 96
36 100
36 101
36 104
36 106
36 107
36 108
36 109
36 111
36 112
36 113
36 116
36 117
36 120
36 122
36 123
36 124
36 125
36 126
37 198
37 197
37 195
37 193
37 190
37 188
37 187
37 185
37 181
37 178
37 175
37 174
37 169
37 166
37 164
37 163
37 162
37 157
37 155
37 152
37 151
37 149
37 148
37 145
37 142
37 138
37 137
37 136
37 135
37 133
37 132
37 53
37 52
37 50
37 49
37 48
37 47
37 46
37 43
37 42
37 38
37 59
37 60
37 61
37 64
37 67
37 69
37 71
37 74
37 80
37 81
37 85
37 87
37 88
37 90
37 91
37 92
37 94
37 96
37 98
37 99
37 100
37 101
37 102
37 103
37 105
37 106
37 107
37 108
37 109
37 110
37 112
37 115
37 117
37 118
37 121
37 123
37 124
37 125
37 126
38 199
38 198
38 197
38 196
38 194
38 193
38 192
38 188
38 187
38 186
38 185
38 183
38 182
38 181
38 179
38 177
38 176
38 171
38 169
38 168
38 166
38 164
38 160
38 158
38 157
38 156
38 154
38 153
38 150
38 148
38 146
38 145
38 144
38 142
38 141
38 140
38 138
38 134
38 133
38 130
38 129
38 128
38 58
38 56
38 55
38 54
38 52
38 51
38 49
38 42
38 40
38 127
38 60
38 62
38 69
38 70
38 71
38 72
38 73
38 74
38 77
38 79
38 80
38 81
38 85
38 86
38 93
38 96
38 97
38 100
38 102
38 103
38 104
38 105
38 106
38 108
38 109
38 110
38 111
38 113
38 114
38 115
38 117
38 118
38 122
38 123
38 124
38 125
39 197
39 195
39 194
39 192
39 191
39 190
39 187
39 186
39 182
39 180
39 179
39 178
39 177
39 172
39 170
39 169
39 168
39 167
39 163
39 161
39 160
39 157
39 156
39 155
39 154
39 148
39 147
39 145
39 143
39 142
39 141
39 139
39 138
39 133
39 131
39 130
39 129
39 58
39 57
39 56
39 55
39 54
39 53
39 52
39 48
39 46
39 44
39 42
39 40
39 59
39 127
39 60
39 61
39 65
39 67
39 71
39 73
39 76
39 77
39 78
39 80
39 84
39 85
39 86
39 87
39 89
39 93
39 94
39 97
39 99
39 101
39 103
39 109
39 114
39 116
39 118
39 120
39 121
39 122
39 123
39 124
39 125
40 195
40 194
40 193
40 191
40 190
40 189
40 179
40 178
40 174
40 173
40 172
40 170
40 167
40 166
40 165
40 159
40 158
40 156
40 155
40 154
40 152
40 149
40 148
40 147
40 143
40 142
40 139
40 138
40 133
40 132
40 128
40 55
40 54
40 50
40 49
40 45
40 43
40 42
40 60
40 61
40 62
40 63
40 64
40 66
40 69
40 70
40 71
40 75
40 77
40 78
40 79
40 81
40 83
40 84
40 85
40 87
40 88
40 89
40 91
40 92
40 94
40 97
40 98
40 99
40 100
40 101
40 102
40 105
40 107
40 108
40 109
40 110
40 111
40 112
40 113
40 114
40 115
40 118
40 125
41 199
41 198
41 197
41 196
41 195
41 188
41 187
41 186
41 185
41 183
41 181
41 179
41 178
41 177
41 174
41 173
41 171
41 170
41 167
41 163
41 161
41 159
41 158
41 155
41 154
41 153
41 152
41 150
41 149
41 144
41 143
41 142
41 141
41 139
41 138
41 137
41 136
41 134
41 130
41 129
41 128
41 58
41 56
41 55
41 54
41 50
41 47
41 45
41 44
41 59
41 60
41 61
41 64
41 65
41 67
41 68
41 71
41 72
41 74
41 76
41 77
41 78
41 80
41 83
41 85
41 86
41 89
41 91
41 94
41 95
41 96
41 100
41 101
41 102
41 103
41 105
41 108
41 109
41 110
41 112
41 113
41 114
41 115
41 116
41 117
41 118
41 119
41 125
42 199
42 198
42 194
42 192
42 191
42 190
42 188
42 177
42 176
42 173
42 172
42 168
42 165
42 164
42 162
42 161
42 158
42 157
42 155
42 154
42 153
42 152
42 149
42 147
42 144
42 143
42 142
42 140
42 136
42 134
42 133
42 132
42 131
42 129
42 58
42 57
42 52
42 48
42 45
42 44
42 127
42 60
42 63
42 65
42 66
42 68
42 72
42 75
42 76
42 77
42 78
42 81
42 82
42 83
42 86
42 87
42 88
42 91
42 92
42 99
42 102
42 104
42 107
42 110
42 111
42 112
42 113
42 115
42 116
42 117
42 119
42 122
42 123
42 124
42 125
43 199
43 197
43 195
43 192
43 191
43 190
43 189
43 182
43 180
43 178
43 177
43 176
43 167
43 166
43 163
43 161
43 160
43 158
43 156
43 153
43 150
43 149
43 148
43 146
43 140
43 139
43 136
43 135
43 131
43 128
43 58
43 57
43 55
43 53
43 51
43 50
43 49
43 47
43 44
43 59
43 63
43 66
43 68
43 69
43 76
43 80
43 81
43 83
43 87
43 88
43 91
43 92
43 93
43 94
43 97
43 98
43 100
43 101
43 105
43 106
43 107
43 108
43 110
43 112
43 113
43 115
43 116
43 118
43 119
43 120
43 121
43 123
44 199
44 198
44 195
44 194
44 189
44 185
44 183
44 181
44 178
44 175
44 174
44 173
44 172
44 171
44 170
44 169
44 168
44 166
44 164
44 163
44 161
44 160
44 159
44 158
44 157
44 155
44 149
44 148
44 143
44 141
44 140
44 137
44 134
44 131
44 130
44 129
44 54
44 52
44 50
44 59
44 60
44 62
44 64
44 66
44 67
44 68
44 70
44 73
44 77
44 78
44 80
44 81
44 83
44 84
44 85
44 86
44 87
44 90
44 91
44 92
44 95
44 96
44 98
44 99
44 100
44 101
44 107
44 109
44 111
44 112
44 113
44 118
44 119
44 121
44 122
44 123
44 126
45 199
45 198
45 196
45 193
45 192
45 190
45 189
45 188
45 187
45 185
45 181
45 180
45 178
45 176
45 175
45 174
45 172
45 171
45 169
45 167
45 162
45 159
45 157
45 156
45 155
45 153
45 151
45 150
45 149
45 148
45 147
45 146
45 142
45 140
45 137
45 136
45 135
45 132
45 57
45 56
45 55
45 54
45 53
45 46
45 59
45 61
45 62
45 63
45 64
45 66
45 67
45 68
45 70
45 72
45 77
45 79
45 80
45 82
45 83
45 85
45 86
45 87
45 88
45 92
45 93
45 94
45 95
45 97
45 99
45 100
45 103
45 104
45 105
45 107
45 113
45 114
45 117
45 118
45 119
45 121
45 123
45 124
46 198
46 197
46 195
46 194
46 193
46 192
46 191
46 190
46 189
46 186
46 185
46 182
46 180
46 179
46 178
46 176
46 175
46 173
46 172
46 167
46 166
46 164
46 161
46 159
46 155
46 153
46 152
46 151
46 150
46 149
46 148
46 146
46 145
46 143
46 142
46 139
46 138
46 136
46 134
46 133
46 132
46 131
46 130
46 58
46 56
46 53
46 52
46 48
46 127
46 62
46 63
46 68
46 70
46 72
46 76
46 77
46 78
46 79
46 82
46 85
46 86
46 87
46 89
46 91
46 93
46 94
46 95
46 96
46 97
46 98
46 100
46 101
46 102
46 103
46 104
46 105
46 108
46 109
46 111
46 113
46 114
46 118
46 120
46 122
46 123
46 125
47 198
47 197
47 195
47 193
47 192
47 190
47 186
47 185
47 184
47 183
47 180
47 179
47 177
47 176
47 174
47 173
47 172
47 170
47 169
47 168
47 163
47 161
47 157
47 155
47 154
47 146
47 145
47 143
47 142
47 137
47 135
47 130
47 129
47 58
47 56
47 54
47 53
47 50
47 49
47 127
47 63
47 64
47 65
47 72
47 73
47 76
47 77
47 78
47 79
47 80
47 81
47 82
47 84
47 86
47 90
47 91
47 92
47 93
47 94
47 95
47 100
47 103
47 105
47 114
47 116
47 117
47 119
47 120
47 121
47 122
47 123
47 125
47 126
48 198
48 197
48 196
48 194
48 190
48 186
48 184
48 182
48 181
48 178
48 177
48 175
48 173
48 172
48 171
48 164
48 163
48 162
48 161
48 160
48 158
48 157
48 156
48 154
48 153
48 152
48 150
48 148
48 146
48 140
48 139
48 138
48 137
48 136
48 135
48 133
48 132
48 129
48 58
48 56
48 55
48 54
48 52
48 51
48 59
48 61
48 63
48 64
48 65
48 67
48 70
48 71
48 76
48 79
48 80
48 81
48 82
48 86
48 88
48 90
48 92
48 96
48 98
48 99
48 100
48 102
48 103
48 104
48 105
48 107
48 108
48 109
48 110
48 114
48 118
48 120
48 121
48 124
48 126
49 198
49 197
49 196
49 195
49 192
49 189
49 188
49 187
49 185
49 184
49 183
49 181
49 179
49 172
49 170
49 169
49 164
49 163
49 162
49 160
49 158
49 157
49 156
49 155
49 153
49 151
49 148
49 144
49 142
49 140
49 139
49 137
49 136
49 134
49 133
49 132
49 131
49 130
49 129
49 57
49 55
49 52
49 59
49 60
49 63
49 65
49 66
49 68
49 71
49 72
49 73
49 76
49 77
49 78
49 81
49 84
49 87
49 89
49 92
49 93
49 94
49 95
49 99
49 100
49 107
49 108
49 110
49 111
49 112
49 113
49 114
49 115
49 116
49 117
49 118
49 119
49 122
49 123
49 126
50 197
50 196
50 195
50 193
50 191
50 190
50 188
50 187
50 186
50 184
50 183
50 182
50 181
50 179
50 173
50 170
50 168
50 167
50 166
50 165
50 164
50 161
50 159
50 158
50 157
50 153
50 152
50 150
50 145
50 144
50 143
50 141
50 140
50 139
50 138
50 137
50 132
50 131
50 130
50 129
50 58
50 57
50 54
50 53
50 51
50 59
50 127
50 60
50 61
50 62
50 63
50 64
50 67
50 69
50 70
50 71
50 74
50 75
50 76
50 78
50 79
50 81
50 83
50 87
50 90
50 91
50 94
50 96
50 97
50 98
50 100
50 101
50 102
50 103
50 105
50 107
50 108
50 110
50 111
50 114
50 115
50 119
50 121
50 122
50 123
50 126
51 199
51 197
51 195
51 193
51 191
51 189
51 187
51 186
51 183
51 181
51 180
51 178
51 177
51 175
51 173
51 171
51 170
51 168
51 166
51 165
51 157
51 155
51 153
51 151
51 148
51 146
51 145
51 140
51 139
51 138
51 137
51 134
51 133
51 58
51 56
51 55
51 54
51 127
51 60
51 66
51 67
51 68
51 72
51 74
51 77
51 78
51 80
51 81
51 83
51 86
51 88
51 89
51 93
51 96
51 97
51 102
51 107
51 110
51 113
51 114
51 116
51 120
51 121
51 122
51 123
52 198
52 197
52 196
52 195
52 193
52 191
52 189
52 188
52 184
52 183
52 181
52 180
52 178
52 177
52 171
52 168
52 167
52 166
52 164
52 163
52 161
52 160
52 159
52 158
52 157
52 156
52 155
52 152
52 150
52 147
52 145
52 143
52 142
52 141
52 139
52 137
52 131
52 130
52 58
52 54
52 59
52 62
52 64
52 67
52 69
52 72
52 74
52 77
52 78
52 79
52 80
52 82
52 83
52 85
52 87
52 89
52 92
52 93
52 94
52 95
52 96
52 98
52 102
52 106
52 107
52 108
52 110
52 111
52 113
52 114
52 115
52 116
52 117
52 118
52 120
52 121
52 123
52 124
52 126
53 198
53 197
53 195
53 194
53 193
53 192
53 190
53 188
53 187
53 180
53 178
53 176
53 171
53 169
53 167
53 166
53 164
53 163
53 161
53 160
53 158
53 157
53 156
53 155
53 153
53 150
53 149
53 148
53 144
53 136
53 134
53 133
53 132
53 131
53 129
53 128
53 56
53 55
53 54
53 59
53 127
53 60
53 61
53 62
53 64
53 65
53 71
53 73
53 75
53 76
53 77
53 79
53 80
53 82
53 84
53 86
53 87
53 88
53 89
53 90
53 92
53 93
53 94
53 95
53 98
53 100
53 101
53 105
53 107
53 108
53 109
53 111
53 112
53 113
53 115
53 116
53 117
53 118
53 122
53 123
53 124
54 199
54 196
54 194
54 191
54 187
54 186
54 185
54 181
54 180
54 179
54 178
54 177
54 174
54 171
54 170
54 169
54 168
54 165
54 164
54 163
54 161
54 160
54 159
54 156
54 155
54 154
54 153
54 151
54 150
54 149
54 148
54 147
54 146
54 144
54 142
54 141
54 138
54 136
54 135
54 132
54 131
54 130
54 129
54 128
54 58
54 57
54 55
54 59
54 62
54 63
54 64
54 66
54 68
54 69
54 71
54 72
54 75
54 78
54 79
54 81
54 84
54 85
54 86
54 87
54 89
54 91
54 92
54 94
54 96
54 97
54 100
54 101
54 102
54 104
54 107
54 111
54 112
54 113
54 114
54 115
54 118
54 120
54 122
54 126
55 199
55 198
55 196
55 194
55 189
55 188
55 186
55 183
55 182
55 181
55 179
55 178
55 177
55 176
55 174
55 173
55 172
55 170
55 169
55 168
55 167
55 166
55 165
55 163
55 162
55 160
55 159
55 157
55 156
55 154
55 153
55 152
55 149
55 145
55 143
55 141
55 136
55 135
55 132
55 131
55 129
55 128
55 56
55 59
55 64
55 65
55 66
55 67
55 69
55 70
55 73
55 75
55 76
55 78
55 82
55 84
55 85
55 86
55 87
55 88
55 89
55 90
55 92
55 94
55 97
55 98
55 103
55 104
55 105
55 106
55 107
55 110
55 111
55 112
55 113
55 114
55 117
55 118
55 121
55 123
55 124
55 125
56 197
56 196
56 194
56 193
56 190
56 189
56 181
56 175
56 174
56 172
56 171
56 168
56 167
56 159
56 156
56 155
56 154
56 153
56 150
56 143
56 139
56 138
56 133
56 132
56 131
56 130
56 128
56 58
56 57
56 127
56 62
56 67
56 72
56 74
56 75
56 76
56 81
56 82
56 84
56 85
56 86
56 90
56 92
56 93
56 98
56 99
56 104
56 105
56 106
56 107
56 108
56 109
56 111
56 112
56 114
56 115
56 116
56 117
56 118
56 119
56 122
56 123
57 199
57 198
57 197
57 196
57 194
57 193
57 190
57 188
57 187
57 186
57 184
57 183
57 178
57 177
57 176
57 175
57 171
57 170
57 169
57 167
57 166
57 165
57 163
57 162
57 160
57 159
57 158
57 156
57 154
57 153
57 152
57 151
57 148
57 147
57 146
57 145
57 142
57 141
57 140
57 138
57 137
57 135
57 134
57 133
57 132
57 131
57 129
57 128
57 59
57 127
57 65
57 66
57 69
57 70
57 72
57 74
57 76
57 77
57 78
57 80
57 83
57 87
57 88
57 89
57 90
57 94
57 95
57 98
57 99
57 100
57 106
57 108
57 111
57 112
57 113
57 114
57 116
57 118
57 120
57 121
57 123
58 197
58 196
58 195
58 193
58 188
58 187
58 186
58 184
58 183
58 181
58 179
58 178
58 176
58 171
58 170
58 169
58 167
58 164
58 163
58 162
58 161
58 160
58 159
58 156
58 151
58 150
58 145
58 144
58 142
58 141
58 137
58 135
58 134
58 132
58 59
58 60
58 61
58 62
58 64
58 65
58 66
58 67
58 68
58 70
58 71
58 72
58 74
58 81
58 82
58 83
58 86
58 87
58 91
58 92
58 93
58 94
58 96
58 100
58 106
58 109
58 115
58 116
58 120
58 124
58 126
59 199
59 197
59 196
59 195
59 194
59 191
59 190
59 187
59 186
59 185
59 184
59 181
59 180
59 178
59 175
59 173
59 171
59 170
59 169
59 167
59 166
59 165
59 164
59 163
59 160
59 159
59 158
59 157
59 156
59 154
59 153
59 150
59 148
59 146
59 145
59 144
59 143
59 141
59 140
59 136
59 135
59 129
59 128
59 127
59 62
59 64
59 67
59 68
59 71
59 74
59 75
59 77
59 79
59 81
59 82
59 85
59 89
59 94
59 97
59 101
59 104
59 109
59 111
59 112
59 114
59 116
59 117
59 121
59 125
59 126
60 196
60 194
60 192
60 190
60 186
60 182
60 176
60 173
60 171
60 170
60 166
60 165
60 161
60 160
60 159
60 157
60 156
60 154
60 151
60 150
60 148
60 147
60 146
60 144
60 137
60 136
60 133
60 131
60 128
60 127
60 61
60 65
60 66
60 67
60 72
60 73
60 74
60 76
60 80
60 83
60 84
60 86
60 87
60 91
60 92
60 94
60 95
60 96
60 98
60 101
60 103
60 106
60 108
60 109
60 110
60 111
60 115
60 116
60 117
60 118
60 119
60 122
60 123
61 199
61 198
61 197
61 194
61 190
61 189
61 188
61 186
61 184
61 180
61 177
61 176
61 175
61 174
61 173
61 170
61 169
61 168
61 167
61 165
61 163
61 156
61 154
61 153
61 152
61 151
61 147
61 146
61 145
61 144
61 142
61 141
61 140
61 136
61 134
61 132
61 130
61 129
61 128
61 62
61 63
61 64
61 66
61 67
61 70
61 71
61 72
61 75
61 76
61 77
61 78
61 79
61 80
61 83
61 86
61 88
61 93
61 96
61 102
61 105
61 108
61 109
61 115
61 121
61 122
61 123
61 124
62 199
62 198
62 196
62 195
62 194
62 191
62 190
62 185
62 184
62 181
62 179
62 177
62 176
62 175
62 169
62 165
62 160
62 156
62 155
62 154
62 153
62 152
62 151
62 150
62 147
62 143
62 140
62 134
62 130
62 129
62 128
62 64
62 65
62 66
62 72
62 74
62 75
62 81
62 82
62 83
62 87
62 89
62 90
62 91
62 95
62 96
62 97
62 98
62 100
62 103
62 106
62 114
62 116
62 118
62 119
62 121
62 122
62 124
62 125
62 126
63 198
63 194
63 193
63 192
63 189
63 187
63 185
63 184
63 183
63 181
63 180
63 179
63 178
63 176
63 175
63 173
63 171
63 169
63 167
63 166
63 164
63 161
63 160
63 159
63 158
63 157
63 156
63 155
63 153
63 152
63 151
63 149
63 148
63 145
63 143
63 134
63 133
63 131
63 128
63 127
63 64
63 65
63 66
63 67
63 69
63 70
63 72
63 73
63 74
63 75
63 78
63 79
63 83
63 85
63 87
63 88
63 97
63 98
63 99
63 102
63 104
63 105
63 107
63 108
63 109
63 110
63 111
63 112
63 113
63 114
63 115
63 116
63 117
63 120
63 122
63 126
64 197
64 194
64 193
64 192
64 188
64 187
64 184
64 183
64 182
64 181
64 180
64 179
64 178
64 177
64 175
64 174
64 173
64 172
64 169
64 164
64 159
64 157
64 154
64 152
64 149
64 145
64 144
64 139
64 135
64 134
64 129
64 127
64 65
64 67
64 68
64 70
64 73
64 74
64 75
64 76
64 77
64 78
64 81
64 82
64 84
64 91
64 92
64 93
64 94
64 96
64 98
64 102
64 104
64 107
64 108
64 109
64 110
64 111
64 114
64 115
64 118
64 120
64 123
65 199
65 197
65 196
65 194
65 193
65 192
65 191
65 190
65 188
65 187
65 186
65 183
65 182
65 179
65 175
65 171
65 170
65 169
65 168
65 167
65 166
65 161
65 160
65 159
65 158
65 157
65 154
65 153
65 152
65 151
65 150
65 149
65 146
65 144
65 143
65 142
65 141
65 140
65 139
65 138
65 136
65 135
65 131
65 128
65 127
65 66
65 67
65 68
65 71
65 72
65 74
65 75
65 79
65 81
65 85
65 89
65 90
65 93
65 95
65 96
65 98
65 99
65 100
65 101
65 104
65 105
65 106
65 108
65 111
65 114
65 115
65 117
65 118
65 119
65 121
65 122
65 123
65 125
65 126
66 199
66 197
66 196
66 194
66 189
66 186
66 185
66 183
66 181
66 177
66 176
66 175
66 174
66 173
66 169
66 168
66 164
66 163
66 160
66 158
66 155
66 152
66 149
66 147
66 145
66 143
66 142
66 140
66 139
66 138
66 136
66 135
66 134
66 130
66 129
66 67
66 68
66 72
66 74
66 77
66 79
66 81
66 85
66 88
66 89
66 94
66 95
66 97
66 100
66 106
66 107
66 108
66 109
66 110
66 111
66 113
66 115
66 118
66 119
66 120
66 123
66 124
67 199
67 196
67 195
67 194
67 193
67 191
67 186
67 184
67 181
67 180
67 179
67 173
67 171
67 167
67 162
67 161
67 156
67 155
67 154
67 153
67 150
67 148
67 147
67 145
67 144
67 143
67 142
67 136
67 133
67 131
67 129
67 73
67 74
67 75
67 76
67 77
67 78
67 80
67 81
67 82
67 83
67 86
67 89
67 90
67 91
67 92
67 93
67 94
67 99
67 103
67 104
67 106
67 107
67 108
67 110
67 114
67 116
67 118
67 119
67 120
67 124
67 126
68 198
68 197
68 195
68 191
68 190
68 189
68 188
68 187
68 186
68 182
68 181
68 178
68 172
68 171
68 170
68 168
68 165
68 164
68 162
68 161
68 160
68 156
68 155
68 150
68 147
68 146
68 145
68 142
68 140
68 139
68 69
68 70
68 71
68 72
68 75
68 77
68 81
68 83
68 88
68 90
68 92
68 93
68 94
68 95
68 96
68 98
68 99
68 100
68 101
68 105
68 106
68 110
68 111
68 112
68 114
68 115
68 116
68 121
68 122
68 123
69 198
69 194
69 193
69 192
69 191
69 190
69 189
69 188
69 187
69 184
69 183
69 181
69 179
69 178
69 175
69 174
69 172
69 170
69 167
69 163
69 161
69 160
69 159
69 157
69 155
69 154
69 151
69 150
69 147
69 145
69 144
69 143
69 137
69 135
69 134
69 129
69 127
69 70
69 74
69 75
69 78
69 80
69 81
69 82
69 84
69 85
69 88
69 93
69 94
69 95
69 97
69 98
69 99
69 100
69 103
69 106
69 107
69 109
69 110
69 111
69 112
69 113
69 114
69 120
69 121
69 122
69 123
69 124
69 125
70 199
70 197
70 196
70 195
70 194
70 193
70 187
70 185
70 182
70 180
70 178
70 177
70 176
70 174
70 173
70 167
70 166
70 164
70 162
70 161
70 160
70 159
70 155
70 154
70 152
70 144
70 143
70 142
70 141
70 140
70 138
70 137
70 136
70 134
70 132
70 131
70 130
70 128
70 127
70 74
70 76
70 77
70 78
70 80
70 82
70 83
70 85
70 86
70 87
70 88
70 95
70 99
70 101
70 102
70 103
70 104
70 105
70 106
70 107
70 109
70 110
70 112
70 115
70 116
70 117
70 119
70 122
70 125
70 126
71 198
71 196
71 194
71 193
71 190
71 189
71 188
71 187
71 185
71 184
71 183
71 176
71 172
71 170
71 168
71 167
71 165
71 163
71 162
71 161
71 160
71 158
71 157
71 148
71 147
71 146
71 145
71 142
71 137
71 133
71 130
71 128
71 72
71 74
71 77
71 79
71 80
71 81
71 83
71 84
71 85
71 86
71 87
71 91
71 92
71 94
71 96
71 99
71 100
71 103
71 104
71 108
71 113
71 116
71 117
71 118
71 119
71 122
71 124
71 125
72 198
72 192
72 190
72 189
72 188
72 187
72 183
72 182
72 180
72 178
72 177
72 175
72 174
72 173
72 171
72 168
72 167
72 166
72 165
72 164
72 163
72 161
72 160
72 157
72 156
72 155
72 154
72 153
72 152
72 150
72 147
72 146
72 145
72 139
72 138
72 137
72 135
72 133
72 132
72 130
72 129
72 128
72 127
72 79
72 80
72 84
72 85
72 86
72 88
72 90
72 91
72 95
72 96
72 99
72 102
72 105
72 106
72 108
72 111
72 112
72 114
72 116
72 124
72 125
72 126
73 198
73 197
73 195
73 191
73 190
73 189
73 185
73 183
73 182
73 177
73 176
73 174
73 171
73 168
73 167
73 166
73 164
73 163
73 162
73 161
73 160
73 156
73 154
73 149
73 146
73 143
73 141
73 139
73 138
73 136
73 134
73 131
73 128
73 76
73 78
73 79
73 80
73 81
73 83
73 85
73 89
73 91
73 93
73 94
73 95
73 98
73 99
73 101
73 103
73 105
73 108
73 109
73 112
73 113
73 114
73 117
73 118
73 123
74 197
74 196
74 194
74 190
74 189
74 186
74 184
74 183
74 182
74 181
74 180
74 177
74 176
74 173
74 171
74 168
74 165
74 164
74 161
74 160
74 157
74 156
74 155
74 153
74 152
74 148
74 147
74 146
74 144
74 141
74 137
74 135
74 134
74 133
74 131
74 129
74 128
74 127
74 75
74 79
74 81
74 83
74 89
74 92
74 93
74 96
74 97
74 100
74 101
74 102
74 103
74 104
74 105
74 107
74 108
74 110
74 111
74 114
74 116
74 117
74 121
74 122
74 126
75 196
75 195
75 191
75 188
75 187
75 186
75 185
75 184
75 183
75 178
75 177
75 174
75 171
75 170
75 167
75 165
75 164
75 163
75 162
75 161
75 159
75 156
75 154
75 152
75 150
75 147
75 146
75 145
75 141
75 138
75 133
75 132
75 131
75 130
75 128
75 127
75 78
75 80
75 83
75 84
75 86
75 89
75 90
75 93
75 94
75 95
75 98
75 101
75 102
75 103
75 107
75 108
75 110
75 113
75 116
75 117
75 119
75 121
75 124
75 125
75 126
76 199
76 198
76 195
76 191
76 188
76 183
76 182
76 179
76 178
76 177
76 176
76 175
76 171
76 169
76 168
76 167
76 166
76 163
76 161
76 159
76 158
76 156
76 155
76 154
76 153
76 151
76 149
76 146
76 145
76 144
76 143
76 141
76 140
76 139
76 136
76 134
76 133
76 132
76 130
76 129
76 127
76 77
76 79
76 80
76 81
76 82
76 86
76 89
76 91
76 93
76 96
76 102
76 103
76 104
76 105
76 106
76 107
76 109
76 111
76 113
76 114
76 118
76 122
76 123
76 124
76 125
76 126
77 199
77 197
77 196
77 195
77 194
77 193
77 185
77 184
77 183
77 182
77 179
77 178
77 176
77 175
77 174
77 172
77 171
77 168
77 167
77 166
77 163
77 162
77 161
77 159
77 158
77 153
77 152
77 151
77 150
77 148
77 146
77 144
77 143
77 140
77 137
77 135
77 132
77 131
77 130
77 127
77 78
77 79
77 81
77 82
77 84
77 85
77 87
77 88
77 91
77 94
77 97
77 100
77 101
77 103
77 104
77 106
77 107
77 110
77 113
77 114
77 116
77 118
77 120
77 121
77 122
77 124
77 125
77 126
78 198
78 196
78 195
78 194
78 192
78 191
78 190
78 189
78 186
78 185
78 180
78 177
78 175
78 174
78 173
78 172
78 169
78 166
78 163
78 162
78 160
78 159
78 158
78 157
78 156
78 155
78 152
78 151
78 149
78 148
78 147
78 146
78 145
78 142
78 140
78 138
78 136
78 135
78 133
78 132
78 131
78 127
78 79
78 84
78 85
78 86
78 87
78 88
78 89
78 90
78 94
78 95
78 96
78 97
78 99
78 100
78 103
78 104
78 105
78 106
78 107
78 108
78 109
78 113
78 114
78 116
78 118
78 123
78 124
78 126
79 199
79 195
79 192
79 189
79 187
79 185
79 183
79 182
79 180
79 179
79 177
79 176
79 175
79 174
79 173
79 172
79 171
79 167
79 166
79 164
79 161
79 159
79 158
79 157
79 155
79 153
79 151
79 150
79 148
79 146
79 144
79 143
79 141
79 138
79 137
79 136
79 135
79 133
79 132
79 131
79 129
79 127
79 80
79 83
79 84
79 88
79 89
79 90
79 91
79 92
79 94
79 97
79 102
79 104
79 106
79 107
79 108
79 112
79 117
79 118
79 119
79 121
79 125
79 126
80 199
80 196
80 194
80 191
80 190
80 187
80 185
80 180
80 179
80 178
80 172
80 171
80 169
80 168
80 167
80 166
80 165
80 164
80 162
80 160
80 158
80 157
80 154
80 152
80 151
80 148
80 147
80 146
80 142
80 140
80 133
80 82
80 83
80 84
80 85
80 89
80 90
80 91
80 92
80 93
80 95
80 96
80 99
80 100
80 103
80 104
80 105
80 107
80 110
80 111
80 117
80 118
80 120
80 121
80 125
81 198
81 196
81 195
81 194
81 192
81 191
81 190
81 189
81 188
81 187
81 186
81 185
81 182
81 181
81 179
81 178
81 172
81 169
81 165
81 164
81 163
81 162
81 161
81 160
81 159
81 158
81 155
81 152
81 151
81 150
81 147
81 144
81 142
81 136
81 135
81 132
81 130
81 128
81 82
81 84
81 85
81 86
81 87
81 91
81 93
81 94
81 95
81 96
81 97
81 98
81 104
81 106
81 108
81 109
81 110
81 111
81 112
81 113
81 114
81 116
81 119
81 122
81 124
82 199
82 198
82 197
82 195
82 194
82 189
82 188
82 186
82 185
82 182
82 181
82 180
82 177
82 174
82 171
82 168
82 167
82 163
82 162
82 161
82 153
82 151
82 150
82 149
82 148
82 145
82 144
82 143
82 142
82 141
82 140
82 139
82 138
82 137
82 132
82 131
82 130
82 129
82 84
82 85
82 86
82 87
82 88
82 90
82 93
82 95
82 98
82 99
82 100
82 103
82 104
82 105
82 107
82 108
82 109
82 110
82 112
82 114
82 115
82 117
82 118
82 120
82 121
82 122
82 123
82 125
83 196
83 195
83 194
83 193
83 191
83 190
83 188
83 187
83 186
83 184
83 182
83 181
83 180
83 179
83 178
83 176
83 174
83 173
83 172
83 170
83 169
83 168
83 165
83 162
83 160
83 158
83 154
83 153
83 152
83 151
83 150
83 149
83 148
83 143
83 142
83 141
83 140
83 139
83 137
83 136
83 135
83 134
83 132
83 129
83 84
83 87
83 89
83 90
83 92
83 93
83 94
83 97
83 101
83 102
83 109
83 111
83 113
83 115
83 116
83 117
83 118
83 119
83 121
83 122
83 123
83 124
84 199
84 196
84 192
84 190
84 189
84 188
84 187
84 185
84 182
84 181
84 179
84 176
84 175
84 173
84 171
84 169
84 165
84 164
84 163
84 162
84 161
84 159
84 154
84 152
84 150
84 149
84 148
84 146
84 143
84 139
84 136
84 132
84 131
84 128
84 85
84 87
84 88
84 95
84 97
84 100
84 101
84 104
84 105
84 106
84 107
84 108
84 109
84 111
84 112
84 113
84 116
84 118
84 119
84 120
84 126
85 195
85 192
85 191
85 188
85 187
85 183
85 181
85 180
85 178
85 175
85 170
85 168
85 163
85 160
85 158
85 156
85 152
85 148
85 146
85 145
85 144
85 142
85 141
85 140
85 138
85 133
85 132
85 86
85 88
85 89
85 93
85 99
85 100
85 101
85 102
85 103
85 105
85 109
85 110
85 112
85 113
85 115
85 116
85 117
85 119
85 120
85 125
86 199
86 198
86 197
86 189
86 186
86 184
86 183
86 182
86 181
86 178
86 176
86 175
86 174
86 173
86 169
86 166
86 165
86 161
86 160
86 159
86 158
86 156
86 155
86 153
86 152
86 150
86 147
86 146
86 142
86 134
86 133
86 130
86 128
86 127
86 87
86 88
86 89
86 90
86 92
86 93
86 95
86 98
86 99
86 101
86 105
86 106
86 107
86 108
86 109
86 110
86 116
86 117
86 119
86 121
86 123
86 125
87 198
87 197
87 193
87 191
87 189
87 188
87 187
87 185
87 184
87 183
87 180
87 179
87 178
87 171
87 170
87 169
87 168
87 167
87 166
87 163
87 162
87 161
87 158
87 154
87 153
87 152
87 148
87 146
87 144
87 143
87 142
87 141
87 140
87 139
87 138
87 134
87 132
87 127
87 89
87 92
87 96
87 97
87 99
87 101
87 102
87 106
87 107
87 108
87 111
87 116
87 122
87 123
87 126
88 199
88 198
88 197
88 196
88 195
88 194
88 190
88 186
88 184
88 182
88 181
88 180
88 178
88 177
88 175
88 170
88 169
88 167
88 164
88 160
88 159
88 156
88 155
88 147
88 145
88 142
88 141
88 140
88 139
88 138
88 137
88 136
88 135
88 134
88 133
88 132
88 131
88 130
88 129
88 128
88 127
88 89
88 91
88 94
88 95
88 96
88 97
88 98
88 99
88 104
88 110
88 115
88 117
88 119
88 121
88 123
88 124
89 197
89 196
89 193
89 192
89 190
89 189
89 187
89 185
89 184
89 183
89 182
89 178
89 175
89 172
89 169
89 168
89 167
89 166
89 164
89 163
89 161
89 160
89 157
89 156
89 152
89 148
89 144
89 142
89 141
89 132
89 130
89 129
89 127
89 90
89 91
89 92
89 93
89 94
89 98
89 99
89 108
89 110
89 112
89 113
89 117
89 118
89 120
89 122
89 123
89 125
90 198
90 196
90 195
90 193
90 191
90 189
90 188
90 187
90 185
90 183
90 181
90 180
90 178
90 177
90 176
90 174
90 172
90 170
90 168
90 166
90 165
90 164
90 163
90 160
90 159
90 158
90 157
90 153
90 151
90 150
90 149
90 146
90 145
90 143
90 141
90 140
90 138
90 135
90 130
90 128
90 127
90 93
90 94
90 96
90 97
90 98
90 99
90 100
90 105
90 106
90 107
90 108
90 109
90 110
90 114
90 116
90 118
90 119
90 121
90 122
90 124
90 125
91 195
91 194
91 192
91 188
91 186
91 182
91 181
91 179
91 177
91 174
91 173
91 172
91 170
91 168
91 166
91 165
91 162
91 161
91 160
91 156
91 152
91 150
91 149
91 148
91 145
91 143
91 142
91 141
91 140
91 138
91 137
91 134
91 132
91 131
91 129
91 92
91 93
91 96
91 98
91 99
91 103
91 107
91 108
91 110
91 114
91 116
91 117
91 119
91 120
91 123
91 124
92 198
92 191
92 189
92 186
92 183
92 180
92 176
92 175
92 174
92 173
92 172
92 168
92 167
92 166
92 165
92 163
92 161
92 159
92 158
92 155
92 154
92 151
92 150
92 149
92 148
92 147
92 141
92 139
92 137
92 134
92 133
92 130
92 93
92 94
92 95
92 96
92 97
92 98
92 99
92 103
92 105
92 106
92 108
92 109
92 110
92 111
92 112
92 114
92 115
92 116
92 117
92 118
92 120
92 121
92 122
92 123
92 124
92 125
92 126
93 198
93 196
93 194
93 193
93 189
93 188
93 187
93 186
93 185
93 182
93 179
93 177
93 176
93 171
93 170
93 168
93 165
93 161
93 159
93 158
93 157
93 156
93 155
93 154
93 152
93 150
93 137
93 135
93 134
93 131
93 130
93 128
93 127
93 94
93 95
93 96
93 97
93 99
93 102
93 105
93 108
93 111
93 113
93 114
93 117
93 118
93 119
93 121
93 122
93 124
93 125
93 126
94 199
94 195
94 194
94 193
94 189
94 188
94 187
94 186
94 185
94 182
94 180
94 179
94 178
94 177
94 174
94 172
94 171
94 170
94 168
94 165
94 163
94 162
94 157
94 156
94 155
94 152
94 147
94 146
94 143
94 142
94 139
94 138
94 137
94 136
94 135
94 134
94 133
94 132
94 130
94 129
94 96
94 98
94 99
94 101
94 103
94 104
94 105
94 107
94 110
94 112
94 113
94 114
94 115
94 116
94 119
94 123
94 124
94 125
95 199
95 197
95 195
95 194
95 193
95 192
95 191
95 190
95 189
95 188
95 186
95 185
95 183
95 181
95 180
95 179
95 178
95 174
95 168
95 164
95 162
95 160
95 159
95 157
95 156
95 155
95 154
95 151
95 147
95 144
95 143
95 142
95 141
95 140
95 139
95 136
95 135
95 133
95 129
95 128
95 100
95 102
95 103
95 104
95 107
95 109
95 111
95 114
95 119
95 121
95 122
95 124
95 125
96 199
96 196
96 194
96 189
96 188
96 185
96 180
96 178
96 177
96 173
96 171
96 170
96 166
96 165
96 163
96 162
96 158
96 156
96 155
96 153
96 152
96 150
96 149
96 147
96 143
96 142
96 141
96 139
96 137
96 131
96 129
96 97
96 99
96 100
96 102
96 105
96 107
96 108
96 111
96 112
96 113
96 116
96 117
96 122
96 123
96 125
97 199
97 197
97 196
97 195
97 194
97 193
97 192
97 190
97 189
97 188
97 187
97 185
97 184
97 183
97 182
97 177
97 175
97 174
97 172
97 168
97 166
97 164
97 160
97 159
97 156
97 154
97 150
97 148
97 147
97 144
97 143
97 139
97 138
97 137
97 136
97 134
97 130
97 128
97 127
97 99
97 100
97 101
97 105
97 107
97 111
97 112
97 113
97 114
97 115
97 117
97 118
97 119
97 120
97 121
97 123
97 126
98 199
98 198
98 196
98 194
98 189
98 187
98 186
98 185
98 183
98 181
98 179
98 178
98 177
98 176
98 175
98 171
98 167
98 166
98 165
98 164
98 161
98 160
98 158
98 157
98 155
98 154
98 153
98 149
98 147
98 144
98 142
98 140
98 139
98 136
98 133
98 132
98 131
98 130
98 129
98 127
98 101
98 103
98 104
98 107
98 109
98 111
98 112
98 113
98 115
98 117
98 118
98 119
98 121
98 123
98 125
98 126
99 197
99 196
99 195
99 194
99 190
99 189
99 188
99 184
99 182
99 177
99 176
99 174
99 173
99 172
99 171
99 169
99 168
99 167
99 164
99 163
99 158
99 157
99 148
99 146
99 144
99 142
99 141
99 140
99 139
99 137
99 136
99 132
99 131
99 129
99 127
99 100
99 101
99 102
99 104
99 107
99 108
99 109
99 110
99 111
99 114
99 116
99 118
99 123
99 125
99 126
100 198
100 197
100 196
100 195
100 194
100 191
100 189
100 188
100 187
100 186
100 184
100 183
100 182
100 178
100 177
100 173
100 172
100 171
100 170
100 169
100 167
100 165
100 163
100 162
100 159
100 158
100 157
100 156
100 148
100 147
100 146
100 141
100 139
100 138
100 133
100 132
100 131
100 130
100 128
100 101
100 104
100 105
100 107
100 111
100 112
100 113
100 114
100 116
100 117
100 118
100 120
100 122
100 123
100 125
100 126
101 198
101 197
101 196
101 194
101 192
101 191
101 187
101 183
101 181
101 179
101 178
101 177
101 175
101 174
101 173
101 172
101 170
101 169
101 167
101 163
101 161
101 160
101 159
101 158
101 156
101 154
101 150
101 149
101 148
101 145
101 142
101 141
101 135
101 133
101 132
101 131
101 128
101 102
101 104
101 108
101 109
101 111
101 114
101 116
101 117
101 118
101 123
101 124
101 125
102 197
102 195
102 193
102 192
102 191
102 190
102 189
102 188
102 187
102 186
102 183
102 181
102 178
102 177
102 174
102 173
102 172
102 171
102 170
102 169
102 168
102 165
102 164
102 163
102 162
102 158
102 157
102 156
102 152
102 150
102 146
102 145
102 142
102 141
102 136
102 135
102 134
102 133
102 132
102 131
102 130
102 129
102 128
102 127
102 106
102 110
102 112
102 113
102 114
102 117
102 118
102 119
102 121
102 122
102 123
102 125
103 199
103 198
103 197
103 196
103 195
103 194
103 188
103 186
103 185
103 180
103 178
103 177
103 176
103 174
103 173
103 171
103 167
103 166
103 165
103 163
103 162
103 161
103 160
103 157
103 156
103 152
103 151
103 150
103 149
103 145
103 142
103 141
103 140
103 138
103 136
103 133
103 132
103 131
103 129
103 104
103 106
103 109
103 113
103 114
103 115
103 116
103 120
103 122
103 123
103 124
103 125
103 126
104 199
104 198
104 197
104 195
104 194
104 193
104 192
104 191
104 190
104 189
104 187
104 182
104 180
104 175
104 174
104 172
104 171
104 170
104 168
104 166
104 164
104 162
104 161
104 158
104 157
104 155
104 152
104 149
104 148
104 146
104 145
104 141
104 138
104 137
104 132
104 131
104 130
104 129
104 128
104 127
104 106
104 108
104 109
104 110
104 112
104 113
104 119
104 120
104 121
104 123
104 125
105 197
105 195
105 194
105 191
105 188
105 187
105 186
105 185
105 184
105 183
105 181
105 180
105 179
105 174
105 173
105 172
105 171
105 169
105 166
105 165
105 164
105 162
105 159
105 158
105 156
105 155
105 153
105 152
105 151
105 150
105 147
105 146
105 144
105 142
105 140
105 139
105 138
105 137
105 135
105 132
105 131
105 130
105 106
105 110
105 111
105 113
105 120
105 122
105 125
105 126
106 198
106 197
106 196
106 194
106 192
106 191
106 189
106 184
106 182
106 180
106 175
106 174
106 170
106 168
106 166
106 165
106 163
106 162
106 158
106 156
106 153
106 152
106 150
106 149
106 147
106 143
106 142
106 141
106 140
106 137
106 136
106 134
106 131
106 130
106 128
106 127
106 107
106 109
106 110
106 111
106 112
106 113
106 114
106 116
106 117
106 118
106 120
106 122
106 123
106 125
106 126
107 199
107 197
107 196
107 195
107 194
107 193
107 192
107 191
107 190
107 188
107 182
107 181
107 180
107 177
107 175
107 174
107 170
107 167
107 162
107 161
107 156
107 154
107 153
107 152
107 150
107 147
107 145
107 144
107 142
107 140
107 132
107 131
107 130
107 129
107 110
107 111
107 112
107 115
107 116
107 118
107 119
107 120
107 122
107 126
108 198
108 197
108 194
108 193
108 191
108 190
108 189
108 188
108 187
108 186
108 185
108 183
108 182
108 181
108 179
108 175
108 171
108 170
108 169
108 168
108 166
108 164
108 163
108 162
108 160
108 156
108 155
108 153
108 151
108 150
108 149
108 148
108 147
108 146
108 145
108 144
108 143
108 142
108 141
108 140
108 139
108 137
108 134
108 133
108 131
108 129
108 128
108 110
108 111
108 112
108 113
108 115
108 118
108 120
108 122
108 123
108 124
108 126
109 199
109 197
109 194
109 191
109 188
109 187
109 185
109 182
109 181
109 176
109 175
109 173
109 172
109 171
109 170
109 168
109 165
109 164
109 163
109 162
109 161
109 160
109 159
109 158
109 156
109 153
109 151
109 149
109 146
109 145
109 141
109 140
109 138
109 137
109 136
109 130
109 111
109 114
109 115
109 117
109 121
109 124
110 199
110 196
110 195
110 192
110 190
110 189
110 188
110 185
110 183
110 182
110 181
110 178
110 175
110 174
110 173
110 172
110 170
110 169
110 166
110 165
110 163
110 162
110 160
110 159
110 157
110 156
110 152
110 151
110 149
110 148
110 147
110 145
110 144
110 142
110 139
110 136
110 135
110 133
110 131
110 130
110 127
110 112
110 113
110 115
110 116
110 118
110 123
110 126
111 199
111 196
111 195
111 185
111 184
111 182
111 179
111 178
111 176
111 175
111 173
111 170
111 168
111 165
111 162
111 161
111 160
111 158
111 155
111 153
111 152
111 148
111 146
111 144
111 142
111 141
111 140
111 139
111 138
111 133
111 131
111 130
111 129
111 112
111 113
111 114
111 116
111 117
111 118
111 125
112 199
112 198
112 196
112 194
112 192
112 190
112 188
112 186
112 185
112 184
112 183
112 181
112 177
112 176
112 175
112 172
112 168
112 166
112 165
112 162
112 161
112 159
112 158
112 157
112 156
112 155
112 153
112 152
112 147
112 144
112 142
112 141
112 140
112 139
112 130
112 128
112 127
112 117
112 119
112 121
112 124
112 126
113 199
113 190
113 188
113 187
113 185
113 184
113 181
113 180
113 172
113 170
113 169
113 166
113 165
113 164
113 162
113 161
113 157
113 155
113 150
113 146
113 144
113 138
113 137
113 136
113 135
113 134
113 133
113 132
113 131
113 130
113 129
113 115
113 116
113 119
113 122
113 123
113 126
114 199
114 197
114 193
114 190
114 188
114 186
114 184
114 182
114 181
114 179
114 178
114 176
114 172
114 169
114 167
114 161
114 159
114 156
114 155
114 154
114 153
114 151
114 150
114 148
114 147
114 146
114 145
114 144
114 140
114 139
114 136
114 135
114 134
114 133
114 130
114 128
114 115
114 120
114 121
114 126
115 199
115 194
115 193
115 192
115 188
115 187
115 186
115 185
115 184
115 183
115 178
115 176
115 174
115 173
115 172
115 170
115 164
115 162
115 161
115 159
115 158
115 155
115 154
115 153
115 151
115 150
115 149
115 147
115 144
115 142
115 141
115 136
115 133
115 132
115 130
115 128
115 116
115 117
115 118
115 119
115 120
115 122
115 126
116 199
116 194
116 193
116 190
116 189
116 187
116 184
116 183
116 182
116 181
116 180
116 179
116 174
116 173
116 171
116 169
116 167
116 166
116 164
116 161
116 160
116 159
116 158
116 157
116 154
116 153
116 152
116 151
116 149
116 147
116 146
116 145
116 144
116 143
116 142
116 141
116 139
116 135
116 129
116 128
116 117
116 119
116 123
116 124
116 126
117 196
117 195
117 194
117 192
117 191
117 189
117 188
117 186
117 183
117 182
117 181
117 175
117 174
117 173
117 172
117 168
117 166
117 164
117 163
117 156
117 154
117 153
117 152
117 149
117 148
117 146
117 144
117 143
117 140
117 139
117 135
117 133
117 132
117 131
117 130
117 129
117 128
117 127
117 120
117 121
117 122
117 124
117 126
118 198
118 197
118 196
118 194
118 193
118 191
118 189
118 188
118 186
118 184
118 183
118 178
118 177
118 176
118 175
118 172
118 168
118 167
118 166
118 165
118 164
118 162
118 161
118 158
118 157
118 156
118 155
118 154
118 153
118 151
118 149
118 148
118 143
118 142
118 137
118 136
118 135
118 130
118 129
118 127
118 119
118 121
118 123
118 124
118 125
118 126
119 198
119 197
119 196
119 194
119 193
119 192
119 190
119 189
119 185
119 182
119 181
119 176
119 175
119 174
119 172
119 170
119 168
119 167
119 161
119 160
119 157
119 154
119 151
119 150
119 144
119 143
119 141
119 140
119 139
119 138
119 136
119 135
119 134
119 132
119 129
119 128
119 124
119 126
120 199
120 198
120 196
120 193
120 192
120 189
120 188
120 183
120 180
120 178
120 174
120 173
120 170
120 169
120 168
120 166
120 165
120 160
120 156
120 155
120 154
120 153
120 151
120 150
120 145
120 139
120 138
120 137
120 135
120 133
120 131
120 121
120 122
120 123
120 125
120 126
121 198
121 196
121 194
121 193
121 191
121 187
121 184
121 182
121 181
121 176
121 174
121 170
121 165
121 164
121 163
121 161
121 160
121 159
121 157
121 154
121 153
121 151
121 150
121 149
121 148
121 147
121 145
121 143
121 142
121 141
121 139
121 137
121 136
121 135
121 134
121 133
121 132
121 130
121 129
121 127
121 124
121 125
122 199
122 198
122 197
122 196
122 195
122 191
122 188
122 186
122 185
122 184
122 183
122 182
122 181
122 180
122 179
122 178
122 177
122 176
122 175
122 173
122 169
122 168
122 165
122 164
122 163
122 162
122 159
122 157
122 156
122 154
122 152
122 147
122 146
122 144
122 141
122 140
122 138
122 136
122 135
122 131
122 130
122 128
122 124
122 125
123 196
123 194
123 192
123 190
123 186
123 185
123 184
123 181
123 179
123 178
123 176
123 175
123 174
123 171
123 170
123 169
123 166
123 165
123 164
123 163
123 157
123 155
123 153
123 151
123 149
123 146
123 145
123 141
123 139
123 138
123 137
123 134
123 131
123 125
124 199
124 198
124 197
124 196
124 192
124 190
124 183
124 182
124 178
124 176
124 175
124 174
124 172
124 171
124 168
124 167
124 166
124 165
124 164
124 163
124 161
124 159
124 158
124 157
124 154
124 152
124 150
124 149
124 142
124 139
124 138
124 136
124 135
124 132
124 131
124 129
124 128
124 126
125 198
125 197
125 195
125 193
125 191
125 189
125 186
125 183
125 179
125 178
125 176
125 166
125 164
125 160
125 158
125 155
125 154
125 153
125 150
125 149
125 148
125 146
125 145
125 143
125 141
125 140
125 133
125 130
125 129
125 128
125 126
126 199
126 198
126 196
126 195
126 194
126 189
126 186
126 185
126 183
126 182
126 181
126 180
126 179
126 177
126 174
126 171
126 169
126 166
126 165
126 162
126 161
126 155
126 152
126 149
126 147
126 146
126 144
126 142
126 141
126 138
126 137
126 134
126 130
126 129
126 128
127 198
127 196
127 195
127 194
127 191
127 190
127 189
127 186
127 183
127 181
127 176
127 175
127 173
127 170
127 168
127 166
127 164
127 160
127 158
127 156
127 155
127 154
127 153
127 152
127 151
127 149
127 147
127 146
127 145
127 144
127 143
127 142
127 141
127 135
127 133
127 132
127 128
128 199
128 196
128 195
128 194
128 193
128 184
128 183
128 180
128 179
128 178
128 175
128 173
128 172
128 170
128 167
128 163
128 162
128 159
128 157
128 155
128 151
128 148
128 147
128 146
128 143
128 141
128 140
128 139
128 138
128 136
128 133
128 130
129 198
129 197
129 195
129 194
129 193
129 187
129 186
129 184
129 181
129 180
129 179
129 176
129 175
129 174
129 173
129 172
129 171
129 170
129 165
129 164
129 163
129 161
129 160
129 159
129 158
129 157
129 156
129 155
129 153
129 152
129 151
129 149
129 148
129 146
129 144
129 142
129 141
129 140
129 139
129 136
129 135
129 134
129 133
130 198
130 196
130 192
130 188
130 187
130 186
130 185
130 183
130 182
130 180
130 179
130 178
130 176
130 174
130 173
130 172
130 171
130 169
130 168
130 165
130 159
130 156
130 155
130 154
130 150
130 149
130 148
130 147
130 146
130 144
130 141
130 138
130 137
130 134
130 131
131 197
131 195
131 193
131 192
131 190
131 188
131 187
131 185
131 184
131 183
131 182
131 181
131 176
131 170
131 168
131 167
131 166
131 164
131 159
131 157
131 153
131 152
131 150
131 147
131 146
131 140
131 132
132 199
132 197
132 192
132 190
132 189
132 188
132 187
132 186
132 185
132 182
132 181
132 180
132 179
132 178
132 176
132 173
132 167
132 164
132 162
132 161
132 160
132 159
132 158
132 157
132 156
132 155
132 152
132 149
132 147
132 146
132 145
132 143
132 140
132 136
132 134
133 199
133 198
133 197
133 195
133 193
133 191
133 190
133 189
133 188
133 186
133 182
133 181
133 180
133 175
133 173
133 166
133 163
133 162
133 159
133 157
133 156
133 155
133 154
133 153
133 150
133 144
133 143
133 139
133 137
133 134
134 198
134 195
134 193
134 191
134 190
134 188
134 187
134 185
134 183
134 181
134 180
134 172
134 171
134 170
134 165
134 164
134 163
134 162
134 160
134 158
134 156
134 154
134 153
134 152
134 151
134 150
134 143
134 142
134 140
134 136
134 135
135 199
135 197
135 195
135 194
135 193
135 190
135 187
135 186
135 185
135 183
135 180
135 176
135 175
135 173
135 170
135 169
135 168
135 167
135 166
135 159
135 158
135 156
135 155
135 153
135 149
135 148
135 147
135 146
135 145
135 142
135 140
135 139
135 137
136 199
136 197
136 196
136 195
136 191
136 190
136 189
136 188
136 187
136 183
136 182
136 181
136 179
136 177
136 176
136 175
136 174
136 172
136 169
136 168
136 166
136 165
136 164
136 162
136 161
136 159
136 158
136 156
136 155
136 152
136 150
136 149
136 145
136 144
136 143
136 142
136 141
136 139
137 199
137 197
137 196
137 194
137 192
137 188
137 187
137 185
137 183
137 181
137 180
137 173
137 171
137 170
137 168
137 167
137 166
137 165
137 163
137 162
137 161
137 160
137 159
137 157
137 156
137 152
137 149
137 148
137 147
137 146
137 145
138 198
138 197
138 194
138 193
138 192
138 190
138 189
138 188
138 186
138 184
138 182
138 180
138 178
138 177
138 176
138 175
138 172
138 171
138 169
138 167
138 163
138 162
138 161
138 159
138 150
138 146
138 143
138 142
138 141
139 199
139 195
139 194
139 193
139 191
139 187
139 185
139 184
139 183
139 180
139 179
139 178
139 176
139 171
139 170
139 169
139 168
139 165
139 164
139 163
139 161
139 160
139 159
139 155
139 154
139 152
139 149
139 148
139 145
139 144
139 142
139 141
140 199
140 198
140 197
140 190
140 189
140 186
140 185
140 184
140 183
140 180
140 175
140 174
140 171
140 170
140 168
140 167
140 165
140 164
140 161
140 160
140 157
140 154
140 152
140 150
140 149
140 148
140 146
140 144
140 143
140 142
141 198
141 196
141 195
141 194
141 193
141 192
141 191
141 190
141 189
141 188
141 187
141 185
141 183
141 182
141 181
141 179
141 177
141 175
141 174
141 171
141 168
141 167
141 163
141 162
141 160
141 159
141 158
141 156
141 155
141 154
141 153
141 152
141 150
141 148
141 147
141 145
141 144
141 143
141 142
142 199
142 197
142 196
142 195
142 194
142 191
142 187
142 186
142 185
142 184
142 183
142 180
142 172
142 171
142 170
142 167
142 166
142 165
142 164
142 160
142 159
142 155
142 153
142 151
142 150
142 148
142 147
142 144
143 198
143 196
143 194
143 187
143 185
143 182
143 180
143 178
143 170
143 168
143 167
143 166
143 164
143 163
143 160
143 159
143 156
143 155
143 152
143 150
143 147
143 144
144 199
144 198
144 195
144 193
144 192
144 189
144 188
144 185
144 181
144 180
144 179
144 171
144 169
144 167
144 166
144 160
144 155
144 152
144 150
144 148
144 147
144 145
145 199
145 198
145 197
145 195
145 194
145 193
145 192
145 191
145 190
145 187
145 186
145 185
145 184
145 182
145 181
145 177
145 174
145 173
145 169
145 165
145 164
145 162
145 156
145 151
145 149
145 147
145 146
146 199
146 197
146 195
146 194
146 191
146 190
146 189
146 186
146 185
146 183
146 182
146 181
146 178
146 177
146 176
146 173
146 172
146 171
146 170
146 166
146 162
146 159
146 157
146 156
146 155
146 154
146 151
146 147
147 199
147 198
147 197
147 196
147 194
147 193
147 192
147 190
147 186
147 185
147 184
147 183
147 182
147 180
147 179
147 178
147 174
147 173
147 172
147 171
147 169
147 167
147 164
147 162
147 161
147 160
147 156
147 155
147 151
147 150
147 149
148 197
148 194
148 192
148 191
148 189
148 188
148 185
148 184
148 181
148 178
148 176
148 173
148 172
148 171
148 169
148 167
148 165
148 163
148 162
148 160
148 159
148 158
148 154
148 153
149 199
149 195
149 194
149 190
149 189
149 187
149 186
149 184
149 181
149 179
149 177
149 176
149 175
149 174
149 172
149 170
149 167
149 165
149 163
149 162
149 160
149 159
149 158
149 157
149 156
149 153
149 150
150 198
150 197
150 195
150 194
150 193
150 192
150 189
150 188
150 184
150 182
150 179
150 178
150 177
150 175
150 174
150 172
150 169
150 168
150 167
150 166
150 164
150 161
150 160
150 158
150 157
150 153
151 198
151 197
151 196
151 192
151 189
151 186
151 185
151 184
151 183
151 180
151 179
151 177
151 176
151 175
151 171
151 170
151 168
151 165
151 163
151 162
151 160
151 159
151 157
151 156
151 155
151 153
151 152
152 198
152 197
152 196
152 192
152 189
152 188
152 187
152 184
152 182
152 179
152 178
152 175
152 170
152 169
152 164
152 162
152 161
152 159
152 158
152 157
152 153
153 199
153 195
153 191
153 189
153 187
153 185
153 183
153 178
153 176
153 172
153 171
153 168
153 167
153 166
153 164
153 159
153 158
153 157
153 155
153 154
154 195
154 194
154 193
154 187
154 186
154 184
154 182
154 181
154 180
154 177
154 175
154 174
154 173
154 172
154 171
154 170
154 169
154 166
154 164
154 162
154 161
154 160
154 159
154 156
155 199
155 198
155 197
155 196
155 195
155 193
155 192
155 191
155 190
155 189
155 183
155 181
155 177
155 172
155 169
155 168
155 165
155 163
155 162
155 157
155 156
156 197
156 195
156 193
156 192
156 191
156 188
156 187
156 183
156 181
156 179
156 178
156 175
156 173
156 171
156 170
156 169
156 161
156 160
156 159
156 158
156 157
157 199
157 198
157 196
157 194
157 193
157 192
157 191
157 187
157 184
157 182
157 181
157 177
157 173
157 172
157 170
157 168
157 167
157 163
157 159
157 158
158 199
158 197
158 196
158 194
158 192
158 191
158 189
158 188
158 186
158 185
158 180
158 179
158 175
158 173
158 172
158 171
158 170
158 167
158 166
158 164
158 162
158 159
159 199
159 196
159 195
159 194
159 193
159 192
159 189
159 187
159 186
159 185
159 184
159 183
159 178
159 176
159 174
159 173
159 172
159 171
159 170
159 169
159 168
159 166
159 165
159 164
159 160
160 197
160 196
160 193
160 192
160 189
160 187
160 186
160 184
160 183
160 182
160 181
160 180
160 179
160 178
160 177
160 175
160 174
160 173
160 171
160 169
160 166
160 165
160 164
160 162
161 199
161 197
161 196
161 194
161 192
161 185
161 184
161 183
161 182
161 181
161 179
161 178
161 174
161 173
161 170
161 168
161 165
161 164
161 163
161 162
162 198
162 196
162 195
162 193
162 192
162 191
162 190
162 188
162 187
162 183
162 182
162 179
162 178
162 177
162 176
162 172
162 170
162 165
163 198
163 193
163 192
163 191
163 188
163 186
163 184
163 183
163 181
163 179
163 178
163 177
163 173
163 172
163 170
163 169
163 168
163 166
164 199
164 198
164 194
164 193
164 192
164 191
164 190
164 188
164 186
164 185
164 183
164 182
164 181
164 180
164 179
164 177
164 176
164 175
164 172
164 170
164 169
164 168
164 167
164 165
165 199
165 195
165 194
165 192
165 187
165 185
165 183
165 180
165 179
165 178
165 176
165 175
165 174
165 172
165 171
166 199
166 194
166 192
166 190
166 189
166 184
166 183
166 182
166 181
166 180
166 179
166 176
166 174
166 172
166 170
166 169
167 199
167 198
167 195
167 194
167 186
167 183
167 182
167 181
167 180
167 179
167 178
167 176
167 174
167 173
167 172
167 170
167 169
167 168
168 199
168 197
168 196
168 192
168 191
168 190
168 188
168 184
168 182
168 181
168 178
168 177
168 175
168 171
168 170
168 169
169 199
169 197
169 196
169 195
169 194
169 193
169 191
169 190
169 189
169 188
169 187
169 186
169 185
169 182
169 181
169 180
169 177
169 175
169 174
169 173
169 172
169 171
169 170
170 199
170 198
170 197
170 192
170 191
170 189
170 188
170 187
170 182
170 181
170 178
170 177
170 176
170 173
170 172
171 193
171 192
171 191
171 190
171 189
171 188
171 184
171 183
171 182
171 181
171 177
171 175
171 174
172 199
172 198
172 195
172 194
172 193
172 191
172 187
172 185
172 184
172 179
172 175
172 174
172 173
173 198
173 195
173 194
173 191
173 190
173 189
173 186
173 185
173 183
173 180
173 179
173 176
173 175
174 199
174 197
174 196
174 195
174 194
174 192
174 187
174 186
174 185
174 184
174 183
174 182
174 181
174 180
174 178
174 176
175 199
175 197
175 196
175 194
175 191
175 188
175 186
175 185
175 182
175 181
175 180
175 179
175 177
175 176
176 198
176 196
176 194
176 191
176 189
176 187
176 186
176 183
176 182
176 180
176 179
176 177
177 198
177 197
177 195
177 194
177 193
177 191
177 190
177 188
177 186
177 185
177 184
177 183
177 181
177 178
178 196
178 194
178 191
178 187
178 183
178 180
178 179
179 198
179 192
179 190
179 186
179 185
179 184
179 180
180 199
180 198
180 197
180 196
180 193
180 190
180 189
180 184
180 182
180 181
181 199
181 198
181 197
181 196
181 194
181 191
181 188
181 187
181 184
181 182
182 197
182 196
182 195
182 193
182 192
182 191
182 190
182 188
182 186
183 199
183 193
183 192
183 191
183 190
183 187
183 184
184 197
184 195
184 190
184 189
184 188
184 187
184 186
185 198
185 196
185 195
185 194
185 193
185 192
185 191
185 190
185 189
185 188
185 187
186 199
186 197
186 192
186 191
186 190
186 189
186 187
187 199
187 198
187 196
187 195
187 194
187 193
187 191
187 190
188 196
188 195
188 192
188 191
189 197
189 196
189 195
189 193
189 192
189 191
189 190
190 197
190 196
190 194
190 192
190 191
191 197
191 193
192 198
192 193
193 199
193 198
193 196
193 195
193 194
194 199
194 198
194 197
194 196
195 198
195 197
196 199
196 198
197 198
198 199