0 49
0 43
0 42
0 41
0 39
0 38
0 37
0 36
0 34
0 32
0 30
0 13
0 12
0 11
0 10
0 8
0 7
0 6
0 5
0 4
0 3
0 2
0 14
0 16
0 17
0 20
0 21
0 22
0 23
0 26
0 27
1 49
1 47
1 46
1 41
1 39
1 36
1 35
1 34
1 32
1 31
1 12
1 7
1 5
1 4
1 3
1 14
1 15
1 16
1 17
1 19
1 21
1 22
1 23
1 25
1 26
1 28
2 45
2 44
2 43
2 42
2 38
2 37
2 35
2 34
2 12
2 11
2 9
2 8
2 4
2 13
2 29
2 14
2 15
2 17
2 18
2 21
2 22
2 24
2 26
2 27
3 47
3 46
3 43
3 40
3 38
3 37
3 35
3 31
3 10
3 7
3 5
3 4
3 13
3 29
3 14
3 16
3 18
3 25
3 26
4 48
4 44
4 42
4 41
4 40
4 39
4 37
4 35
4 34
4 33
4 31
4 30
4 10
4 9
4 7
4 6
4 13
4 16
4 17
4 20
4 21
4 28
5 49
5 48
5 47
5 46
5 43
5 41
5 39
5 38
5 34
5 33
5 31
5 30
5 11
5 10
5 7
5 29
5 14
5 15
5 21
5 22
5 23
5 24
5 25
5 27
5 28
6 47
6 46
6 42
6 41
6 40
6 36
6 35
6 32
6 31
6 12
6 11
6 9
6 14
6 15
6 21
6 23
6 25
6 27
7 49
7 47
7 46
7 43
7 41
7 39
7 35
7 34
7 32
7 31
7 10
7 9
7 8
7 29
7 14
7 19
7 20
7 21
7 22
7 23
7 24
7 25
7 26
8 47
8 46
8 45
8 40
8 39
8 37
8 36
8 35
8 32
8 31
8 10
8 9
8 14
8 15
8 18
8 19
8 20
8 21
8 24
8 25
8 26
9 49
9 48
9 47
9 45
9 44
9 42
9 41
9 38
9 33
9 32
9 31
9 12
9 14
9 15
9 16
9 18
9 19
9 21
9 24
9 26
9 27
9 28
10 49
10 47
10 44
10 43
10 36
10 35
10 33
10 11
10 14
10 15
10 18
10 19
10 20
10 22
10 25
10 26
10 28
11 49
11 48
11 47
11 46
11 45
11 44
11 43
11 42
11 41
11 40
11 37
11 36
11 34
11 32
11 31
11 30
11 12
11 29
11 15
11 16
11 20
11 26
11 28
12 47
12 46
12 45
12 44
12 43
12 42
12 38
12 35
12 34
12 32
12 31
12 13
12 14
12 16
12 18
12 20
12 22
12 23
12 24
12 25
12 28
13 49
13 47
13 46
13 45
13 41
13 38
13 35
13 33
13 32
13 31
13 30
13 14
13 15
13 17
13 20
13 21
13 22
14 49
14 48
14 47
14 46
14 41
14 39
14 37
14 36
14 35
14 32
14 31
14 30
14 16
14 20
14 21
14 24
14 27
15 49
15 46
15 45
15 44
15 39
15 38
15 36
15 34
15 33
15 32
15 31
15 30
15 29
15 17
15 21
15 22
15 23
15 24
15 27
16 48
16 47
16 42
16 38
16 37
16 34
16 33
16 32
16 31
16 30
16 17
16 18
16 19
16 20
16 21
16 22
16 23
16 24
17 48
17 47
17 45
17 43
17 42
17 39
17 38
17 36
17 35
17 34
17 33
17 32
17 29
17 18
17 20
17 22
17 23
17 24
17 25
18 49
18 48
18 47
18 46
18 44
18 43
18 38
18 37
18 35
18 31
18 30
18 29
18 19
18 22
18 24
18 25
18 26
18 28
19 49
19 48
19 46
19 44
19 36
19 35
19 33
19 32
19 31
19 30
19 29
19 21
19 25
19 26
19 27
20 49
20 47
20 45
20 44
20 43
20 42
20 41
20 40
20 39
20 36
20 32
20 31
20 29
20 21
20 24
20 26
20 27
20 28
21 49
21 48
21 44
21 42
21 37
21 35
21 34
21 32
21 31
21 30
21 29
21 23
21 24
21 25
21 26
22 49
22 48
22 46
22 43
22 39
22 34
22 33
22 32
22 31
22 25
22 27
23 45
23 43
23 42
23 40
23 38
23 36
23 34
23 30
23 29
23 25
23 26
23 28
24 48
24 47
24 45
24 42
24 40
24 37
24 36
24 33
24 26
25 49
25 44
25 42
25 41
25 40
25 37
25 35
25 34
25 32
25 31
25 30
25 29
25 27
26 45
26 43
26 42
26 40
26 37
26 36
26 33
26 31
26 29
26 27
27 49
27 48
27 44
27 42
27 41
27 40
27 37
27 36
27 31
27 30
27 28
28 44
28 43
28 41
28 37
28 36
28 34
28 32
28 30
28 29
29 48
29 47
29 46
29 43
29 41
29 39
29 38
29 37
29 35
29 33
29 32
30 49
30 47
30 44
30 43
30 42
30 41
30 40
30 38
30 37
30 36
30 35
30 34
30 33
30 32
30 31
31 49
31 47
31 46
31 40
31 37
31 34
31 33
32 49
32 48
32 46
32 40
32 39
32 38
32 37
33 49
33 47
33 46
33 44
33 41
33 40
33 37
33 34
34 49
34 46
34 44
34 41
34 39
34 37
34 35
35 49
35 48
35 46
35 45
35 41
35 39
35 38
35 36
36 49
36 48
36 47
36 43
36 42
36 41
36 39
37 46
37 45
37 39
38 48
38 47
38 46
38 43
38 40
39 49
39 45
39 44
39 43
39 41
40 46
40 43
40 41
41 47
41 46
41 44
42 47
43 49
43 47
43 44
44 48
44 46
44 45
46 47
47 49