0 49
0 48
0 46
0 45
0 44
0 39
0 38
0 35
0 33
0 32
0 31
0 30
0 12
0 11
0 9
0 7
0 5
0 2
0 14
0 19
0 22
0 23
0 25
0 26
0 29
1 48
1 47
1 46
1 45
1 40
1 35
1 33
1 32
1 31
1 30
1 10
1 7
1 5
1 4
1 2
1 29
1 14
1 17
1 18
1 19
1 21
1 22
1 23
1 24
1 25
1 27
2 48
2 47
2 46
2 45
2 44
2 42
2 40
2 39
2 36
2 34
2 32
2 11
2 7
2 6
2 5
2 3
2 29
2 14
2 16
2 17
2 20
2 24
3 49
3 48
3 47
3 46
3 45
3 44
3 42
3 39
3 36
3 35
3 32
3 12
3 7
3 5
3 13
3 29
3 14
3 17
3 26
4 47
4 46
4 45
4 44
4 43
4 41
4 39
4 38
4 36
4 33
4 30
4 12
4 11
4 8
4 6
4 5
4 29
4 16
4 19
4 21
4 23
4 24
4 25
4 27
4 28
5 49
5 45
5 44
5 43
5 40
5 34
5 32
5 30
5 12
5 11
5 10
5 6
5 13
5 29
5 14
5 16
5 17
5 25
5 26
5 28
6 49
6 45
6 43
6 42
6 41
6 40
6 38
6 37
6 36
6 34
6 12
6 8
6 13
6 29
6 15
6 16
6 19
6 20
6 21
6 23
6 24
6 25
6 28
7 49
7 48
7 47
7 45
7 44
7 42
7 37
7 36
7 35
7 32
7 10
7 29
7 14
7 15
7 17
7 21
7 22
7 27
7 28
8 49
8 45
8 42
8 41
8 32
8 11
8 13
8 15
8 16
8 18
8 20
8 21
8 22
8 23
8 24
8 27
9 49
9 48
9 46
9 45
9 44
9 43
9 42
9 40
9 39
9 35
9 33
9 32
9 31
9 12
9 11
9 10
9 14
9 15
9 16
9 21
9 22
9 23
9 24
9 27
10 43
10 42
10 39
10 36
10 35
10 34
10 11
10 14
10 17
10 19
10 20
10 24
10 25
10 27
10 28
11 48
11 45
11 41
11 40
11 39
11 38
11 35
11 34
11 33
11 32
11 15
11 16
11 18
11 19
11 20
11 23
11 26
12 49
12 48
12 44
12 42
12 39
12 37
12 33
12 32
12 31
12 30
12 14
12 15
12 17
12 19
12 20
12 21
12 22
12 23
12 25
12 26
13 49
13 48
13 47
13 46
13 44
13 42
13 41
13 40
13 36
13 35
13 34
13 33
13 32
13 31
13 30
13 15
13 18
13 19
13 20
13 26
13 27
14 49
14 46
14 45
14 43
14 42
14 39
14 38
14 37
14 36
14 35
14 33
14 31
14 29
14 15
14 16
14 17
14 19
14 27
14 28
15 49
15 48
15 47
15 43
15 39
15 38
15 37
15 36
15 35
15 34
15 31
15 30
15 29
15 16
15 20
15 22
15 23
15 24
15 25
15 27
15 28
16 48
16 47
16 43
16 42
16 41
16 39
16 32
16 31
16 30
16 29
16 17
16 19
16 20
16 24
16 26
16 28
17 49
17 47
17 46
17 45
17 44
17 43
17 42
17 41
17 38
17 36
17 34
17 30
17 21
17 26
18 45
18 43
18 41
18 38
18 37
18 36
18 35
18 33
18 19
18 20
18 23
18 24
18 25
18 26
18 27
18 28
19 49
19 48
19 47
19 39
19 37
19 36
19 35
19 33
19 32
19 31
19 30
19 21
19 24
19 25
19 26
19 27
19 28
20 47
20 45
20 44
20 40
20 39
20 37
20 35
20 34
20 33
20 32
20 31
20 29
20 24
20 25
20 26
21 48
21 46
21 45
21 43
21 34
21 22
21 25
21 26
22 49
22 43
22 42
22 41
22 39
22 38
22 37
22 36
22 35
22 32
22 30
22 29
22 23
22 26
22 27
22 28
23 48
23 47
23 46
23 42
23 37
23 35
23 34
23 33
23 32
23 30
23 29
23 25
23 26
24 49
24 48
24 46
24 45
24 43
24 40
24 39
24 37
24 36
24 35
24 31
24 30
24 29
24 25
24 26
24 27
25 48
25 46
25 44
25 42
25 40
25 36
25 32
25 26
25 27
25 28
26 47
26 46
26 44
26 43
26 42
26 40
26 39
26 37
26 36
26 35
26 34
26 29
27 49
27 48
27 43
27 40
27 39
27 33
27 32
27 29
27 28
28 47
28 46
28 40
28 38
28 37
28 36
28 35
28 34
28 32
28 31
29 49
29 47
29 43
29 41
29 39
29 34
29 33
29 32
29 31
30 46
30 45
30 44
30 43
30 40
30 38
30 31
31 49
31 48
31 45
31 41
31 40
31 38
31 36
31 35
31 33
31 32
32 46
32 45
32 41
32 40
32 37
32 36
32 34
32 33
33 47
33 41
33 38
33 37
33 36
33 35
33 34
34 47
34 46
34 45
35 47
35 46
35 45
35 43
35 42
35 40
35 38
35 37
36 49
36 48
36 47
36 44
36 39
36 38
37 48
37 47
37 44
37 40
37 39
38 49
38 46
38 45
38 40
39 48
39 43
39 40
40 49
40 45
40 44
40 42
41 46
41 45
41 44
42 49
42 46
42 45
42 43
43 49
43 48
43 47
43 46
43 44
44 46
45 49
45 46
46 49