0 148
0 147
0 146
0 145
0 144
0 141
0 140
0 138
0 137
0 136
0 135
0 134
0 132
0 130
0 129
0 128
0 56
0 53
0 52
0 50
0 49
0 48
0 46
0 44
0 40
0 39
0 36
0 35
0 31
0 13
0 11
0 10
0 9
0 7
0 5
0 2
0 14
0 16
0 18
0 19
0 21
0 22
0 23
0 24
0 29
0 60
0 62
0 64
0 65
0 67
0 68
0 70
0 71
0 75
0 77
0 79
0 80
0 82
0 83
0 84
0 85
0 88
0 92
0 94
0 99
0 100
0 101
0 104
0 109
0 111
0 115
0 116
0 117
0 118
0 119
0 124
0 125
1 148
1 144
1 143
1 142
1 141
1 137
1 136
1 131
1 58
1 57
1 55
1 54
1 53
1 52
1 51
1 47
1 46
1 45
1 44
1 43
1 42
1 41
1 40
1 39
1 38
1 36
1 35
1 34
1 33
1 32
1 30
1 9
1 8
1 6
1 3
1 13
1 59
1 14
1 16
1 18
1 21
1 23
1 25
1 26
1 64
1 70
1 71
1 72
1 73
1 74
1 75
1 78
1 80
1 82
1 84
1 86
1 88
1 89
1 90
1 95
1 96
1 99
1 100
1 101
1 103
1 104
1 106
1 108
1 110
1 112
1 115
1 116
1 118
1 119
1 120
1 122
1 124
1 125
2 146
2 144
2 143
2 141
2 139
2 136
2 129
2 58
2 55
2 54
2 52
2 51
2 45
2 44
2 43
2 42
2 40
2 38
2 35
2 32
2 12
2 10
2 9
2 8
2 6
2 13
2 127
2 29
2 18
2 21
2 22
2 24
2 25
2 27
2 60
2 62
2 64
2 67
2 68
2 69
2 70
2 71
2 72
2 75
2 80
2 84
2 85
2 86
2 87
2 88
2 92
2 94
2 95
2 96
2 100
2 103
2 105
2 113
2 114
2 115
2 121
2 122
2 123
2 126
3 149
3 147
3 142
3 141
3 132
3 130
3 129
3 128
3 58
3 56
3 53
3 51
3 49
3 48
3 46
3 44
3 43
3 42
3 40
3 38
3 37
3 36
3 35
3 33
3 31
3 30
3 11
3 10
3 59
3 127
3 15
3 16
3 20
3 21
3 22
3 24
3 25
3 26
3 28
3 60
3 61
3 63
3 65
3 66
3 68
3 69
3 70
3 77
3 78
3 83
3 84
3 87
3 88
3 92
3 94
3 95
3 96
3 100
3 101
3 105
3 106
3 107
3 109
3 110
3 111
3 114
3 117
3 122
3 125
3 126
4 146
4 142
4 137
4 136
4 133
4 129
4 58
4 57
4 51
4 50
4 48
4 47
4 46
4 44
4 42
4 41
4 40
4 39
4 38
4 37
4 36
4 34
4 33
4 11
4 9
4 8
4 6
4 59
4 29
4 14
4 15
4 17
4 19
4 20
4 21
4 24
4 25
4 26
4 27
4 64
4 66
4 67
4 69
4 71
4 73
4 75
4 76
4 77
4 79
4 80
4 81
4 83
4 85
4 86
4 87
4 88
4 89
4 90
4 94
4 95
4 96
4 97
4 99
4 103
4 104
4 105
4 106
4 107
4 111
4 112
4 113
4 114
4 117
4 118
4 121
4 124
4 126
5 149
5 147
5 145
5 144
5 142
5 138
5 134
5 132
5 131
5 130
5 129
5 128
5 57
5 56
5 54
5 53
5 48
5 45
5 39
5 32
5 31
5 30
5 12
5 10
5 9
5 8
5 127
5 14
5 15
5 16
5 17
5 19
5 20
5 22
5 27
5 61
5 65
5 69
5 73
5 74
5 75
5 78
5 80
5 83
5 86
5 87
5 89
5 91
5 93
5 94
5 97
5 99
5 100
5 102
5 104
5 105
5 106
5 108
5 110
5 113
5 115
5 116
5 117
5 119
5 121
5 122
5 124
5 126
6 149
6 148
6 147
6 144
6 143
6 142
6 141
6 140
6 139
6 136
6 135
6 133
6 132
6 131
6 130
6 129
6 128
6 54
6 53
6 51
6 49
6 48
6 44
6 42
6 41
6 38
6 35
6 33
6 32
6 10
6 8
6 127
6 29
6 15
6 17
6 19
6 20
6 21
6 24
6 26
6 27
6 62
6 63
6 66
6 67
6 70
6 71
6 72
6 73
6 75
6 78
6 79
6 83
6 85
6 86
6 87
6 91
6 92
6 93
6 95
6 96
6 100
6 101
6 103
6 105
6 106
6 107
6 109
6 113
6 115
6 116
6 117
6 118
6 123
6 125
6 126
7 149
7 145
7 144
7 143
7 140
7 138
7 135
7 134
7 133
7 132
7 131
7 130
7 129
7 57
7 54
7 52
7 51
7 50
7 48
7 43
7 42
7 41
7 36
7 35
7 34
7 33
7 31
7 12
7 9
7 29
7 14
7 15
7 16
7 17
7 18
7 19
7 21
7 25
7 26
7 28
7 62
7 63
7 67
7 68
7 69
7 70
7 71
7 72
7 73
7 76
7 77
7 78
7 79
7 81
7 82
7 84
7 85
7 90
7 91
7 92
7 94
7 96
7 99
7 100
7 101
7 102
7 103
7 106
7 107
7 111
7 112
7 114
7 116
7 119
7 121
7 122
7 123
7 124
7 125
8 149
8 148
8 141
8 140
8 135
8 134
8 133
8 58
8 57
8 55
8 54
8 53
8 50
8 49
8 47
8 46
8 45
8 41
8 40
8 39
8 38
8 33
8 31
8 30
8 11
8 10
8 127
8 29
8 18
8 20
8 22
8 24
8 25
8 26
8 62
8 63
8 64
8 65
8 70
8 73
8 75
8 76
8 77
8 82
8 83
8 85
8 88
8 89
8 90
8 91
8 92
8 93
8 94
8 95
8 97
8 98
8 100
8 103
8 106
8 109
8 110
8 111
8 112
8 113
8 116
8 120
8 121
8 122
8 124
8 126
9 148
9 146
9 144
9 143
9 142
9 141
9 137
9 136
9 134
9 132
9 131
9 130
9 129
9 128
9 56
9 53
9 49
9 45
9 43
9 39
9 38
9 36
9 33
9 30
9 10
9 14
9 17
9 18
9 19
9 21
9 23
9 25
9 26
9 60
9 61
9 62
9 64
9 65
9 66
9 67
9 72
9 73
9 75
9 76
9 77
9 78
9 81
9 84
9 86
9 88
9 90
9 91
9 92
9 95
9 97
9 100
9 104
9 106
9 107
9 108
9 112
9 113
9 118
9 121
9 123
9 124
9 126
10 146
10 145
10 144
10 141
10 139
10 138
10 137
10 133
10 132
10 130
10 129
10 58
10 56
10 52
10 51
10 50
10 47
10 46
10 40
10 39
10 38
10 37
10 36
10 33
10 32
10 31
10 12
10 11
10 13
10 127
10 29
10 15
10 17
10 18
10 19
10 20
10 21
10 23
10 60
10 62
10 63
10 66
10 67
10 68
10 70
10 74
10 75
10 76
10 77
10 78
10 80
10 81
10 84
10 85
10 88
10 90
10 92
10 93
10 94
10 95
10 97
10 98
10 100
10 101
10 102
10 103
10 105
10 106
10 107
10 109
10 110
10 111
10 113
10 114
10 115
10 117
10 119
10 120
10 124
10 125
11 148
11 144
11 143
11 142
11 139
11 138
11 133
11 132
11 131
11 130
11 128
11 56
11 55
11 52
11 51
11 50
11 49
11 46
11 43
11 41
11 40
11 39
11 38
11 37
11 36
11 32
11 31
11 13
11 59
11 127
11 29
11 15
11 16
11 17
11 22
11 23
11 25
11 26
11 27
11 64
11 65
11 68
11 69
11 70
11 71
11 72
11 73
11 74
11 75
11 76
11 79
11 80
11 83
11 84
11 85
11 88
11 90
11 93
11 96
11 101
11 107
11 110
11 111
11 112
11 114
11 120
11 121
11 126
12 149
12 147
12 144
12 142
12 140
12 138
12 137
12 133
12 132
12 129
12 128
12 56
12 52
12 51
12 50
12 49
12 48
12 43
12 42
12 34
12 33
12 32
12 30
12 59
12 127
12 15
12 16
12 19
12 20
12 22
12 25
12 26
12 28
12 60
12 63
12 69
12 73
12 74
12 76
12 79
12 80
12 81
12 82
12 83
12 88
12 90
12 93
12 94
12 95
12 96
12 97
12 99
12 100
12 101
12 102
12 104
12 108
12 109
12 111
12 112
12 115
12 117
12 118
12 120
12 122
12 124
12 125
12 126
13 148
13 147
13 145
13 139
13 137
13 135
13 132
13 131
13 129
13 128
13 58
13 57
13 56
13 54
13 53
13 52
13 51
13 47
13 44
13 43
13 41
13 39
13 37
13 36
13 30
13 59
13 127
13 15
13 16
13 18
13 22
13 26
13 27
13 60
13 63
13 64
13 65
13 66
13 68
13 70
13 71
13 72
13 74
13 76
13 78
13 79
13 80
13 81
13 82
13 84
13 85
13 88
13 89
13 90
13 91
13 93
13 94
13 97
13 98
13 101
13 106
13 109
13 110
13 112
13 113
13 114
13 115
13 118
13 119
13 123
13 124
13 126
14 148
14 147
14 146
14 144
14 140
14 135
14 133
14 132
14 131
14 57
14 54
14 50
14 49
14 48
14 47
14 40
14 39
14 38
14 36
14 33
14 31
14 59
14 127
14 29
14 15
14 18
14 19
14 61
14 62
14 63
14 65
14 68
14 70
14 71
14 73
14 74
14 75
14 76
14 77
14 82
14 83
14 84
14 85
14 87
14 91
14 92
14 94
14 95
14 96
14 97
14 99
14 100
14 102
14 106
14 109
14 113
14 116
14 117
14 119
14 121
14 124
15 148
15 146
15 143
15 140
15 139
15 138
15 133
15 132
15 131
15 130
15 129
15 57
15 56
15 54
15 52
15 51
15 47
15 46
15 45
15 44
15 38
15 35
15 34
15 33
15 31
15 30
15 59
15 16
15 17
15 18
15 23
15 24
15 25
15 26
15 27
15 63
15 64
15 69
15 75
15 77
15 81
15 87
15 92
15 93
15 94
15 95
15 96
15 97
15 99
15 102
15 104
15 106
15 109
15 110
15 112
15 117
15 118
15 119
15 120
15 122
15 125
15 126
16 149
16 148
16 147
16 146
16 142
16 141
16 140
16 139
16 138
16 137
16 135
16 133
16 132
16 130
16 129
16 58
16 56
16 55
16 52
16 49
16 46
16 43
16 41
16 38
16 30
16 29
16 17
16 18
16 20
16 21
16 24
16 27
16 63
16 64
16 65
16 68
16 76
16 77
16 81
16 82
16 85
16 91
16 92
16 94
16 96
16 98
16 100
16 103
16 104
16 109
16 112
16 113
16 118
16 120
16 124
16 125
16 126
17 147
17 146
17 145
17 144
17 138
17 137
17 57
17 55
17 54
17 51
17 50
17 49
17 48
17 43
17 42
17 37
17 32
17 31
17 127
17 20
17 23
17 26
17 60
17 62
17 64
17 65
17 68
17 70
17 71
17 72
17 74
17 75
17 77
17 78
17 80
17 81
17 87
17 88
17 89
17 90
17 91
17 93
17 97
17 99
17 102
17 103
17 104
17 107
17 109
17 111
17 112
17 113
17 115
17 118
17 119
17 122
17 123
17 124
17 126
18 146
18 141
18 140
18 136
18 135
18 132
18 130
18 128
18 58
18 57
18 55
18 53
18 52
18 51
18 48
18 47
18 46
18 44
18 42
18 38
18 35
18 32
18 31
18 59
18 19
18 23
18 24
18 25
18 65
18 66
18 69
18 70
18 75
18 78
18 79
18 83
18 86
18 87
18 88
18 89
18 92
18 95
18 96
18 97
18 98
18 99
18 100
18 101
18 103
18 104
18 112
18 116
18 117
18 119
18 121
18 123
18 124
19 149
19 144
19 143
19 139
19 137
19 135
19 134
19 133
19 132
19 130
19 129
19 58
19 49
19 45
19 44
19 42
19 40
19 39
19 38
19 37
19 33
19 32
19 30
19 59
19 127
19 29
19 20
19 24
19 26
19 64
19 65
19 67
19 70
19 72
19 77
19 80
19 83
19 86
19 88
19 90
19 91
19 92
19 94
19 95
19 96
19 98
19 104
19 107
19 108
19 112
19 113
19 114
19 115
19 119
19 120
19 121
19 125
20 149
20 148
20 146
20 144
20 143
20 142
20 140
20 139
20 138
20 137
20 132
20 56
20 55
20 54
20 53
20 52
20 51
20 50
20 49
20 42
20 41
20 37
20 36
20 35
20 30
20 23
20 24
20 25
20 26
20 28
20 61
20 62
20 63
20 65
20 66
20 67
20 68
20 69
20 70
20 71
20 72
20 74
20 75
20 78
20 79
20 86
20 89
20 91
20 92
20 94
20 97
20 101
20 104
20 106
20 108
20 110
20 111
20 112
20 114
20 115
20 117
20 118
20 123
20 124
21 149
21 146
21 141
21 140
21 139
21 138
21 137
21 135
21 132
21 131
21 129
21 58
21 56
21 53
21 52
21 51
21 49
21 48
21 43
21 42
21 41
21 40
21 38
21 37
21 35
21 34
21 32
21 31
21 59
21 127
21 23
21 24
21 25
21 26
21 27
21 28
21 61
21 62
21 63
21 64
21 65
21 70
21 71
21 72
21 75
21 76
21 78
21 79
21 80
21 81
21 82
21 84
21 85
21 86
21 89
21 92
21 94
21 95
21 96
21 99
21 102
21 103
21 105
21 109
21 111
21 113
21 116
21 119
21 121
21 122
21 123
21 125
21 126
22 148
22 147
22 146
22 145
22 144
22 143
22 142
22 139
22 138
22 136
22 135
22 132
22 131
22 130
22 57
22 55
22 54
22 53
22 50
22 49
22 48
22 47
22 45
22 43
22 42
22 37
22 36
22 33
22 59
22 127
22 29
22 25
22 28
22 63
22 65
22 66
22 67
22 68
22 70
22 71
22 72
22 75
22 76
22 77
22 81
22 84
22 85
22 87
22 88
22 89
22 92
22 94
22 96
22 98
22 99
22 102
22 105
22 106
22 108
22 110
22 112
22 113
22 114
22 115
22 116
22 117
22 119
22 120
22 121
22 123
22 125
23 149
23 146
23 144
23 143
23 140
23 137
23 136
23 132
23 131
23 130
23 129
23 58
23 57
23 54
23 52
23 49
23 48
23 46
23 44
23 43
23 41
23 39
23 38
23 31
23 30
23 29
23 25
23 26
23 27
23 60
23 63
23 64
23 65
23 68
23 69
23 71
23 72
23 75
23 77
23 78
23 79
23 85
23 91
23 98
23 99
23 101
23 102
23 103
23 104
23 105
23 106
23 107
23 109
23 111
23 112
23 114
23 115
23 117
23 119
23 120
23 122
23 124
23 125
23 126
24 149
24 143
24 141
24 135
24 134
24 130
24 129
24 128
24 58
24 57
24 55
24 54
24 53
24 52
24 51
24 49
24 47
24 46
24 44
24 42
24 41
24 39
24 35
24 33
24 31
24 29
24 27
24 28
24 62
24 64
24 65
24 66
24 67
24 69
24 71
24 73
24 74
24 75
24 76
24 77
24 79
24 81
24 82
24 86
24 88
24 89
24 90
24 92
24 95
24 96
24 97
24 98
24 101
24 102
24 105
24 106
24 107
24 109
24 117
24 118
24 120
24 121
24 122
24 123
24 126
25 149
25 146
25 145
25 144
25 143
25 137
25 136
25 134
25 133
25 132
25 130
25 129
25 57
25 56
25 55
25 53
25 51
25 50
25 49
25 48
25 46
25 44
25 43
25 41
25 40
25 37
25 36
25 33
25 31
25 30
25 59
25 29
25 26
25 62
25 65
25 68
25 69
25 71
25 72
25 75
25 76
25 77
25 80
25 82
25 83
25 84
25 85
25 86
25 87
25 89
25 90
25 91
25 92
25 93
25 94
25 95
25 97
25 101
25 103
25 108
25 109
25 110
25 112
25 114
25 115
25 119
25 121
25 123
25 125
25 126
26 149
26 147
26 146
26 145
26 143
26 142
26 138
26 137
26 135
26 133
26 132
26 131
26 128
26 58
26 56
26 55
26 54
26 53
26 50
26 49
26 48
26 46
26 44
26 43
26 42
26 41
26 40
26 39
26 38
26 35
26 32
26 31
26 30
26 59
26 27
26 60
26 64
26 67
26 68
26 69
26 70
26 71
26 72
26 75
26 80
26 83
26 88
26 91
26 98
26 101
26 103
26 105
26 106
26 108
26 109
26 111
26 112
26 113
26 114
26 115
26 116
26 119
26 120
26 124
27 149
27 147
27 139
27 138
27 132
27 131
27 130
27 129
27 55
27 53
27 52
27 49
27 48
27 47
27 46
27 44
27 42
27 38
27 37
27 35
27 34
27 33
27 32
27 31
27 30
27 28
27 60
27 61
27 65
27 66
27 67
27 68
27 69
27 71
27 72
27 73
27 75
27 76
27 79
27 80
27 81
27 82
27 83
27 85
27 89
27 90
27 91
27 93
27 94
27 95
27 97
27 98
27 99
27 103
27 104
27 105
27 108
27 109
27 110
27 111
27 113
27 117
27 118
27 121
27 122
27 123
27 124
27 125
27 126
28 145
28 144
28 143
28 142
28 141
28 139
28 138
28 136
28 133
28 131
28 130
28 129
28 128
28 57
28 55
28 54
28 53
28 52
28 50
28 48
28 47
28 44
28 43
28 42
28 41
28 39
28 38
28 36
28 35
28 34
28 31
28 59
28 29
28 63
28 64
28 67
28 69
28 71
28 72
28 73
28 75
28 76
28 77
28 79
28 80
28 81
28 82
28 84
28 85
28 86
28 88
28 94
28 95
28 98
28 99
28 101
28 103
28 104
28 107
28 113
28 117
28 118
28 120
28 121
28 124
29 147
29 146
29 145
29 144
29 143
29 142
29 141
29 140
29 139
29 132
29 130
29 129
29 128
29 56
29 52
29 51
29 50
29 47
29 46
29 41
29 40
29 39
29 37
29 36
29 35
29 32
29 31
29 30
29 62
29 64
29 66
29 67
29 68
29 69
29 70
29 73
29 76
29 79
29 82
29 83
29 87
29 88
29 91
29 94
29 95
29 104
29 105
29 110
29 111
29 114
29 116
29 118
29 119
29 123
29 124
29 125
29 126
30 148
30 147
30 146
30 144
30 143
30 142
30 140
30 139
30 138
30 137
30 136
30 133
30 132
30 131
30 130
30 128
30 57
30 55
30 54
30 53
30 51
30 50
30 49
30 48
30 43
30 42
30 39
30 35
30 33
30 32
30 59
30 127
30 61
30 63
30 64
30 65
30 66
30 68
30 70
30 72
30 76
30 80
30 81
30 82
30 89
30 91
30 92
30 93
30 97
30 98
30 99
30 102
30 103
30 105
30 108
30 109
30 111
30 113
30 114
30 115
30 116
30 117
30 118
30 120
30 123
30 124
30 126
31 149
31 145
31 143
31 140
31 136
31 134
31 133
31 131
31 128
31 56
31 53
31 52
31 47
31 41
31 37
31 36
31 35
31 34
31 33
31 32
31 59
31 127
31 60
31 61
31 63
31 65
31 66
31 69
31 71
31 72
31 74
31 76
31 81
31 82
31 83
31 86
31 87
31 88
31 93
31 96
31 99
31 100
31 102
31 104
31 105
31 106
31 107
31 108
31 109
31 112
31 115
31 116
31 117
31 119
31 120
31 122
31 124
31 126
32 149
32 148
32 146
32 144
32 142
32 141
32 138
32 135
32 131
32 130
32 129
32 128
32 58
32 57
32 54
32 51
32 48
32 43
32 42
32 40
32 37
32 36
32 35
32 34
32 127
32 60
32 62
32 67
32 68
32 69
32 70
32 71
32 76
32 77
32 79
32 81
32 82
32 83
32 84
32 86
32 89
32 90
32 92
32 97
32 100
32 101
32 110
32 111
32 113
32 114
32 118
32 120
32 122
32 123
32 124
32 126
33 148
33 144
33 140
33 139
33 138
33 136
33 135
33 134
33 133
33 55
33 53
33 52
33 51
33 48
33 47
33 46
33 45
33 41
33 40
33 36
33 34
33 127
33 60
33 66
33 67
33 68
33 69
33 70
33 71
33 73
33 74
33 77
33 78
33 79
33 81
33 83
33 84
33 85
33 86
33 88
33 90
33 92
33 93
33 95
33 96
33 97
33 98
33 102
33 103
33 105
33 108
33 112
33 113
33 115
33 116
33 120
33 121
33 126
34 149
34 147
34 146
34 145
34 144
34 143
34 140
34 139
34 137
34 136
34 134
34 133
34 132
34 52
34 51
34 45
34 44
34 41
34 40
34 38
34 35
34 127
34 60
34 61
34 62
34 66
34 67
34 69
34 70
34 72
34 73
34 75
34 76
34 79
34 80
34 81
34 82
34 84
34 85
34 87
34 89
34 93
34 94
34 95
34 96
34 98
34 100
34 102
34 104
34 110
34 111
34 112
34 114
34 118
34 119
34 120
34 121
34 125
35 149
35 145
35 142
35 139
35 137
35 133
35 132
35 130
35 129
35 128
35 58
35 54
35 52
35 50
35 49
35 44
35 42
35 41
35 40
35 39
35 38
35 37
35 61
35 62
35 65
35 66
35 68
35 69
35 71
35 72
35 74
35 77
35 78
35 81
35 83
35 85
35 89
35 90
35 91
35 92
35 93
35 95
35 96
35 98
35 100
35 101
35 103
35 104
35 105
35 108
35 110
35 111
35 112
35 113
35 115
35 116
35 122
35 125
36 149
36 147
36 144
36 141
36 139
36 137
36 133
36 130
36 129
36 56
36 53
36 47
36 46
36 45
36 40
36 39
36 37
36 60
36 61
36 63
36 64
36 65
36 68
36 69
36 70
36 71
36 74
36 75
36 76
36 78
36 83
36 84
36 86
36 88
36 89
36 91
36 92
36 98
36 100
36 102
36 103
36 105
36 106
36 111
36 112
36 113
36 114
36 115
36 117
36 119
36 120
36 122
36 123
36 124
36 125
36 126
37 144
37 142
37 141
37 138
37 137
37 134
37 133
37 132
37 129
37 55
37 51
37 44
37 43
37 127
37 61
37 63
37 66
37 67
37 69
37 74
37 76
37 78
37 79
37 80
37 84
37 87
37 90
37 91
37 92
37 93
37 94
37 95
37 102
37 106
37 107
37 108
37 109
37 110
37 111
37 114
37 115
37 121
37 123
37 125
38 149
38 146
38 145
38 142
38 139
38 138
38 136
38 130
38 129
38 128
38 55
38 54
38 51
38 50
38 47
38 46
38 41
38 39
38 59
38 127
38 60
38 62
38 66
38 67
38 68
38 69
38 71
38 76
38 78
38 83
38 87
38 88
38 90
38 91
38 96
38 97
38 98
38 99
38 100
38 101
38 102
38 103
38 105
38 109
38 113
38 114
38 115
38 116
38 119
38 120
38 122
38 123
38 124
39 149
39 148
39 147
39 142
39 138
39 136
39 135
39 133
39 132
39 129
39 128
39 57
39 56
39 54
39 53
39 52
39 51
39 49
39 45
39 43
39 42
39 41
39 60
39 61
39 62
39 63
39 66
39 68
39 71
39 73
39 74
39 78
39 79
39 80
39 84
39 85
39 88
39 90
39 91
39 92
39 94
39 96
39 97
39 101
39 103
39 105
39 107
39 108
39 110
39 111
39 112
39 115
39 117
39 121
39 126
40 149
40 146
40 145
40 143
40 141
40 140
40 138
40 135
40 133
40 130
40 129
40 128
40 58
40 56
40 55
40 47
40 44
40 43
40 42
40 59
40 62
40 64
40 66
40 69
40 71
40 72
40 75
40 81
40 82
40 84
40 86
40 87
40 90
40 91
40 92
40 96
40 102
40 106
40 107
40 109
40 111
40 112
40 113
40 116
40 118
40 121
40 122
40 123
40 124
40 125
41 148
41 146
41 142
41 134
41 133
41 131
41 58
41 55
41 52
41 49
41 48
41 45
41 42
41 59
41 127
41 61
41 65
41 66
41 67
41 72
41 75
41 77
41 78
41 79
41 81
41 84
41 85
41 87
41 88
41 91
41 93
41 94
41 95
41 96
41 98
41 101
41 102
41 103
41 104
41 106
41 109
41 114
41 115
41 116
41 118
41 122
41 125
42 149
42 148
42 147
42 145
42 144
42 143
42 142
42 138
42 137
42 132
42 57
42 53
42 52
42 50
42 47
42 46
42 45
42 43
42 59
42 61
42 62
42 64
42 65
42 71
42 72
42 73
42 74
42 75
42 77
42 78
42 79
42 82
42 83
42 89
42 94
42 95
42 98
42 101
42 102
42 104
42 106
42 107
42 110
42 111
42 112
42 114
42 115
42 124
42 125
42 126
43 149
43 148
43 147
43 145
43 144
43 143
43 142
43 141
43 140
43 138
43 136
43 134
43 130
43 57
43 55
43 54
43 53
43 50
43 47
43 45
43 59
43 60
43 61
43 62
43 64
43 65
43 66
43 67
43 69
43 71
43 73
43 74
43 75
43 79
43 81
43 82
43 84
43 85
43 86
43 89
43 92
43 95
43 98
43 100
43 104
43 106
43 108
43 109
43 110
43 111
43 112
43 114
43 115
43 119
43 121
43 124
43 125
43 126
44 149
44 144
44 143
44 142
44 137
44 134
44 132
44 129
44 55
44 54
44 53
44 48
44 46
44 59
44 60
44 61
44 62
44 63
44 67
44 68
44 73
44 74
44 75
44 79
44 80
44 81
44 83
44 87
44 88
44 92
44 98
44 102
44 105
44 107
44 108
44 109
44 110
44 111
44 113
44 115
44 116
44 122
44 124
44 125
44 126
45 149
45 141
45 139
45 137
45 135
45 134
45 130
45 129
45 128
45 57
45 56
45 54
45 51
45 48
45 46
45 127
45 62
45 63
45 64
45 67
45 74
45 75
45 80
45 84
45 89
45 90
45 91
45 93
45 94
45 95
45 96
45 97
45 100
45 101
45 102
45 106
45 107
45 108
45 109
45 110
45 113
45 116
45 117
45 119
45 120
45 122
45 125
46 149
46 148
46 147
46 145
46 144
46 142
46 140
46 139
46 137
46 136
46 133
46 132
46 130
46 129
46 55
46 50
46 49
46 48
46 47
46 127
46 61
46 64
46 66
46 67
46 73
46 75
46 76
46 77
46 78
46 83
46 86
46 87
46 88
46 89
46 92
46 93
46 95
46 96
46 97
46 98
46 102
46 108
46 109
46 110
46 113
46 118
46 123
47 148
47 145
47 144
47 143
47 140
47 139
47 138
47 137
47 136
47 135
47 131
47 130
47 129
47 56
47 55
47 53
47 52
47 51
47 49
47 48
47 59
47 127
47 61
47 64
47 65
47 67
47 71
47 72
47 73
47 74
47 75
47 77
47 78
47 79
47 81
47 82
47 84
47 85
47 88
47 89
47 91
47 93
47 95
47 96
47 99
47 100
47 105
47 106
47 107
47 110
47 113
47 116
47 118
47 119
47 120
47 121
47 122
47 125
47 126
48 148
48 147
48 146
48 145
48 144
48 142
48 140
48 138
48 136
48 134
48 58
48 55
48 54
48 53
48 59
48 61
48 62
48 63
48 67
48 70
48 71
48 72
48 76
48 77
48 82
48 84
48 85
48 86
48 87
48 90
48 91
48 92
48 93
48 94
48 96
48 97
48 98
48 99
48 101
48 102
48 104
48 105
48 107
48 108
48 109
48 111
48 114
48 116
48 117
48 122
48 125
49 149
49 142
49 137
49 130
49 129
49 128
49 58
49 57
49 55
49 54
49 53
49 52
49 127
49 62
49 64
49 71
49 76
49 77
49 81
49 83
49 85
49 86
49 89
49 92
49 93
49 95
49 98
49 99
49 103
49 107
49 108
49 109
49 110
49 113
49 114
49 115
49 118
49 119
49 120
49 121
49 122
49 123
49 124
49 125
49 126
50 146
50 143
50 142
50 140
50 139
50 136
50 134
50 133
50 130
50 129
50 56
50 51
50 60
50 61
50 62
50 63
50 65
50 66
50 67
50 71
50 74
50 77
50 78
50 79
50 83
50 85
50 86
50 88
50 89
50 90
50 91
50 94
50 95
50 96
50 97
50 98
50 102
50 103
50 105
50 106
50 109
50 110
50 113
50 115
50 116
50 120
50 123
51 148
51 146
51 138
51 137
51 135
51 134
51 133
51 132
51 131
51 58
51 57
51 56
51 55
51 54
51 53
51 127
51 61
51 63
51 70
51 72
51 73
51 75
51 77
51 79
51 83
51 85
51 88
51 91
51 92
51 94
51 96
51 97
51 98
51 99
51 100
51 101
51 102
51 104
51 105
51 107
51 108
51 110
51 111
51 116
51 117
51 118
51 119
51 120
51 125
51 126
52 144
52 143
52 141
52 139
52 138
52 135
52 134
52 133
52 131
52 129
52 128
52 58
52 56
52 55
52 53
52 60
52 62
52 63
52 65
52 66
52 71
52 73
52 77
52 78
52 81
52 82
52 84
52 85
52 86
52 87
52 88
52 90
52 92
52 95
52 97
52 98
52 100
52 101
52 110
52 115
52 116
52 117
52 118
52 119
52 121
52 123
53 149
53 146
53 145
53 144
53 143
53 142
53 141
53 140
53 139
53 137
53 135
53 132
53 130
53 128
53 57
53 56
53 59
53 127
53 61
53 62
53 63
53 64
53 65
53 66
53 68
53 70
53 72
53 73
53 75
53 77
53 78
53 79
53 80
53 82
53 85
53 87
53 89
53 92
53 93
53 95
53 97
53 99
53 100
53 103
53 108
53 109
53 110
53 115
53 116
53 117
53 120
53 121
53 122
53 123
53 125
53 126
54 149
54 145
54 144
54 143
54 141
54 140
54 138
54 137
54 136
54 134
54 130
54 129
54 128
54 57
54 127
54 60
54 61
54 66
54 69
54 70
54 71
54 72
54 73
54 77
54 79
54 83
54 85
54 87
54 91
54 93
54 94
54 96
54 100
54 101
54 102
54 105
54 108
54 109
54 112
54 113
54 114
54 116
54 117
54 119
54 121
54 124
54 125
55 148
55 147
55 146
55 145
55 141
55 137
55 134
55 133
55 132
55 131
55 130
55 129
55 58
55 59
55 127
55 60
55 63
55 64
55 71
55 73
55 74
55 82
55 84
55 85
55 87
55 89
55 94
55 95
55 99
55 101
55 102
55 105
55 110
55 111
55 112
55 117
55 120
55 121
55 122
55 124
55 125
55 126
56 149
56 148
56 142
56 141
56 140
56 139
56 138
56 135
56 134
56 131
56 129
56 128
56 58
56 57
56 62
56 63
56 66
56 68
56 69
56 70
56 73
56 74
56 76
56 79
56 81
56 82
56 85
56 88
56 89
56 92
56 93
56 96
56 99
56 100
56 102
56 103
56 105
56 106
56 107
56 110
56 113
56 114
56 116
56 120
56 122
56 124
56 125
57 148
57 144
57 143
57 142
57 141
57 139
57 136
57 135
57 129
57 128
57 58
57 59
57 61
57 63
57 65
57 66
57 69
57 70
57 71
57 73
57 74
57 75
57 82
57 83
57 85
57 86
57 88
57 89
57 90
57 91
57 92
57 93
57 96
57 99
57 101
57 102
57 103
57 104
57 107
57 108
57 111
57 112
57 117
57 119
57 124
58 148
58 147
58 146
58 143
58 139
58 137
58 136
58 135
58 134
58 130
58 129
58 128
58 127
58 61
58 62
58 65
58 67
58 72
58 74
58 75
58 78
58 79
58 80
58 81
58 84
58 88
58 90
58 92
58 96
58 98
58 102
58 104
58 106
58 108
58 109
58 110
58 112
58 114
58 116
58 119
58 120
58 121
58 125
59 144
59 142
59 141
59 139
59 132
59 131
59 128
59 61
59 66
59 67
59 68
59 71
59 75
59 76
59 79
59 83
59 85
59 91
59 92
59 93
59 94
59 96
59 98
59 99
59 101
59 103
59 105
59 106
59 107
59 114
59 115
59 118
59 120
59 122
59 123
59 124
60 149
60 145
60 142
60 138
60 132
60 131
60 130
60 127
60 61
60 62
60 65
60 68
60 69
60 73
60 74
60 78
60 80
60 81
60 83
60 84
60 87
60 89
60 93
60 94
60 97
60 100
60 103
60 104
60 106
60 107
60 109
60 111
60 114
60 115
60 118
60 119
60 120
60 123
60 126
61 149
61 148
61 146
61 144
61 142
61 138
61 137
61 129
61 128
61 63
61 66
61 69
61 70
61 71
61 72
61 73
61 75
61 79
61 80
61 82
61 85
61 88
61 89
61 90
61 93
61 95
61 96
61 98
61 103
61 104
61 109
61 111
61 115
61 117
61 119
61 121
61 124
62 149
62 147
62 146
62 143
62 141
62 138
62 137
62 136
62 134
62 132
62 131
62 130
62 72
62 74
62 76
62 77
62 80
62 82
62 85
62 87
62 88
62 91
62 92
62 95
62 98
62 99
62 103
62 106
62 108
62 110
62 113
62 114
62 115
62 116
62 120
62 121
62 122
62 123
63 149
63 147
63 145
63 140
63 138
63 137
63 136
63 135
63 134
63 133
63 132
63 131
63 130
63 129
63 127
63 64
63 71
63 72
63 74
63 76
63 79
63 80
63 84
63 87
63 88
63 89
63 90
63 94
63 95
63 100
63 102
63 105
63 106
63 107
63 109
63 111
63 115
63 116
63 119
63 120
63 121
64 149
64 147
64 146
64 144
64 142
64 141
64 139
64 138
64 137
64 136
64 135
64 134
64 131
64 129
64 128
64 127
64 65
64 67
64 71
64 73
64 74
64 77
64 79
64 85
64 86
64 88
64 92
64 93
64 94
64 97
64 100
64 102
64 104
64 106
64 107
64 108
64 109
64 110
64 113
64 114
64 119
64 120
64 122
64 123
64 126
65 145
65 144
65 143
65 141
65 139
65 133
65 132
65 131
65 129
65 67
65 69
65 70
65 72
65 77
65 78
65 80
65 81
65 82
65 83
65 86
65 89
65 91
65 92
65 96
65 97
65 100
65 103
65 104
65 105
65 108
65 109
65 110
65 114
65 115
65 116
65 117
65 118
65 120
65 121
65 124
65 125
66 144
66 143
66 141
66 140
66 139
66 136
66 131
66 128
66 67
66 69
66 71
66 74
66 75
66 78
66 79
66 80
66 85
66 86
66 89
66 90
66 92
66 94
66 95
66 100
66 103
66 105
66 106
66 107
66 110
66 111
66 115
66 116
66 117
66 121
66 123
67 149
67 148
67 145
67 143
67 142
67 141
67 140
67 139
67 138
67 132
67 131
67 128
67 127
67 69
67 70
67 71
67 73
67 77
67 79
67 86
67 94
67 97
67 99
67 104
67 109
67 111
67 112
67 121
67 126
68 149
68 148
68 147
68 143
68 141
68 138
68 135
68 133
68 132
68 71
68 72
68 74
68 77
68 78
68 81
68 82
68 86
68 88
68 93
68 96
68 97
68 102
68 103
68 104
68 106
68 107
68 109
68 110
68 111
68 112
68 113
68 116
68 117
68 119
68 120
68 124
69 149
69 147
69 144
69 143
69 141
69 139
69 138
69 137
69 134
69 133
69 130
69 129
69 128
69 70
69 72
69 73
69 75
69 79
69 81
69 82
69 83
69 87
69 88
69 90
69 91
69 92
69 93
69 94
69 96
69 97
69 101
69 102
69 103
69 105
69 107
69 109
69 111
69 113
69 117
69 118
69 119
69 120
69 121
69 125
69 126
70 149
70 145
70 142
70 137
70 136
70 135
70 132
70 130
70 129
70 128
70 71
70 72
70 77
70 78
70 80
70 81
70 83
70 87
70 88
70 90
70 92
70 97
70 99
70 100
70 104
70 105
70 107
70 108
70 112
70 114
70 117
70 121
70 122
70 123
70 124
71 147
71 142
71 140
71 139
71 138
71 136
71 134
71 131
71 129
71 73
71 79
71 80
71 83
71 84
71 91
71 92
71 96
71 102
71 104
71 107
71 109
71 112
71 117
71 119
71 120
71 122
71 124
71 126
72 148
72 147
72 144
72 143
72 142
72 140
72 139
72 138
72 137
72 136
72 135
72 133
72 128
72 73
72 77
72 82
72 87
72 88
72 91
72 95
72 97
72 98
72 99
72 101
72 102
72 104
72 105
72 110
72 111
72 112
72 115
72 116
72 118
72 122
73 149
73 147
73 146
73 142
73 141
73 140
73 139
73 135
73 131
73 129
73 74
73 75
73 77
73 79
73 81
73 84
73 85
73 86
73 87
73 89
73 90
73 94
73 97
73 98
73 99
73 100
73 102
73 104
73 108
73 111
73 113
73 119
73 120
73 121
73 123
73 125
74 148
74 147
74 146
74 145
74 143
74 142
74 138
74 136
74 132
74 131
74 130
74 127
74 75
74 80
74 81
74 82
74 83
74 84
74 86
74 87
74 89
74 97
74 98
74 99
74 100
74 105
74 106
74 109
74 110
74 112
74 113
74 114
74 115
74 117
74 120
74 124
75 146
75 144
75 143
75 140
75 138
75 136
75 134
75 127
75 76
75 81
75 84
75 85
75 89
75 95
75 98
75 99
75 103
75 104
75 105
75 108
75 110
75 112
75 113
75 115
75 117
75 119
75 120
75 122
75 124
75 126
76 149
76 141
76 136
76 134
76 128
76 127
76 77
76 82
76 84
76 85
76 87
76 90
76 92
76 93
76 98
76 99
76 103
76 106
76 108
76 109
76 110
76 115
76 116
76 117
76 122
76 124
76 125
76 126
77 148
77 147
77 146
77 145
77 143
77 142
77 140
77 138
77 136
77 135
77 132
77 131
77 130
77 129
77 128
77 78
77 79
77 80
77 84
77 86
77 87
77 88
77 90
77 91
77 92
77 98
77 102
77 106
77 110
77 112
77 113
77 114
77 116
77 117
77 118
77 120
77 123
77 125
78 146
78 145
78 141
78 137
78 135
78 134
78 133
78 132
78 131
78 130
78 129
78 79
78 80
78 83
78 87
78 92
78 93
78 94
78 95
78 97
78 98
78 101
78 103
78 106
78 108
78 109
78 111
78 112
78 114
78 115
78 121
78 122
78 123
78 126
79 148
79 147
79 145
79 141
79 139
79 134
79 132
79 130
79 81
79 82
79 84
79 85
79 86
79 87
79 88
79 90
79 91
79 92
79 93
79 96
79 103
79 110
79 112
79 119
79 120
79 121
79 126
80 149
80 146
80 143
80 142
80 140
80 138
80 137
80 136
80 133
80 131
80 130
80 128
80 127
80 82
80 83
80 87
80 88
80 90
80 91
80 92
80 93
80 97
80 98
80 102
80 103
80 104
80 105
80 106
80 107
80 109
80 111
80 113
80 114
80 119
80 122
80 124
80 125
80 126
81 148
81 146
81 145
81 144
81 142
81 138
81 137
81 136
81 134
81 133
81 131
81 130
81 127
81 85
81 86
81 87
81 89
81 91
81 94
81 96
81 97
81 99
81 100
81 101
81 102
81 104
81 107
81 108
81 110
81 112
81 113
81 117
81 119
81 120
81 125
82 148
82 147
82 143
82 142
82 141
82 140
82 139
82 138
82 134
82 133
82 130
82 128
82 83
82 84
82 88
82 89
82 90
82 91
82 92
82 93
82 94
82 101
82 102
82 105
82 111
82 112
82 114
82 115
82 117
82 118
82 122
82 123
82 124
83 146
83 142
83 141
83 140
83 139
83 136
83 135
83 132
83 130
83 128
83 84
83 86
83 87
83 89
83 94
83 95
83 96
83 98
83 99
83 100
83 104
83 106
83 107
83 108
83 110
83 112
83 113
83 115
83 116
83 119
83 120
83 121
84 146
84 144
84 138
84 136
84 135
84 134
84 133
84 132
84 131
84 129
84 128
84 85
84 89
84 90
84 93
84 95
84 97
84 98
84 99
84 100
84 104
84 105
84 108
84 109
84 113
84 115
84 117
84 118
84 120
84 124
84 125
84 126
85 149
85 147
85 145
85 142
85 141
85 135
85 131
85 127
85 87
85 89
85 91
85 92
85 95
85 98
85 103
85 105
85 113
85 114
85 117
85 118
85 119
85 120
85 121
85 123
85 124
85 125
86 149
86 148
86 147
86 145
86 143
86 142
86 137
86 134
86 132
86 131
86 127
86 89
86 90
86 94
86 96
86 101
86 102
86 104
86 105
86 106
86 107
86 109
86 110
86 112
86 113
86 116
86 120
86 122
86 124
86 125
87 148
87 146
87 142
87 141
87 140
87 139
87 136
87 134
87 133
87 88
87 89
87 92
87 94
87 95
87 96
87 98
87 101
87 102
87 103
87 105
87 107
87 109
87 111
87 114
87 115
87 118
87 121
87 122
87 124
87 125
87 126
88 149
88 147
88 146
88 144
88 143
88 141
88 139
88 138
88 136
88 135
88 134
88 133
88 132
88 129
88 89
88 93
88 95
88 98
88 99
88 101
88 103
88 105
88 106
88 107
88 108
88 112
88 114
88 115
88 117
88 120
88 124
89 149
89 148
89 147
89 146
89 145
89 143
89 140
89 139
89 138
89 136
89 132
89 131
89 130
89 129
89 91
89 92
89 93
89 94
89 95
89 96
89 97
89 98
89 100
89 101
89 102
89 103
89 105
89 107
89 109
89 111
89 112
89 115
89 117
89 118
89 122
89 124
89 125
89 126
90 149
90 146
90 141
90 138
90 137
90 136
90 134
90 131
90 129
90 128
90 91
90 94
90 102
90 103
90 104
90 106
90 108
90 110
90 111
90 112
90 114
90 116
90 125
90 126
91 146
91 145
91 140
91 139
91 137
91 134
91 131
91 127
91 94
91 95
91 96
91 103
91 104
91 108
91 109
91 112
91 114
91 115
91 117
91 119
91 120
91 122
91 123
91 124
91 125
91 126
92 149
92 147
92 145
92 144
92 142
92 141
92 140
92 137
92 135
92 132
92 127
92 93
92 99
92 100
92 101
92 102
92 103
92 105
92 107
92 110
92 113
92 114
92 115
92 116
92 118
92 119
92 122
92 123
92 125
92 126
93 149
93 144
93 143
93 141
93 140
93 138
93 137
93 135
93 133
93 132
93 131
93 128
93 127
93 94
93 99
93 100
93 103
93 105
93 107
93 108
93 109
93 110
93 112
93 118
93 119
93 120
93 121
93 122
93 123
93 124
93 125
93 126
94 145
94 142
94 140
94 136
94 131
94 129
94 128
94 127
94 95
94 97
94 98
94 99
94 102
94 109
94 110
94 111
94 112
94 113
94 114
94 116
94 118
94 122
94 124
94 126
95 149
95 148
95 144
95 143
95 141
95 139
95 137
95 135
95 133
95 132
95 127
95 98
95 99
95 101
95 102
95 103
95 104
95 111
95 112
95 117
95 121
95 124
95 125
96 149
96 145
96 144
96 143
96 142
96 139
96 138
96 137
96 133
96 131
96 128
96 99
96 103
96 105
96 107
96 110
96 113
96 115
96 117
96 121
96 122
96 125
97 149
97 148
97 147
97 146
97 142
97 141
97 139
97 137
97 134
97 127
97 100
97 105
97 108
97 111
97 112
97 115
97 116
97 119
97 121
97 122
97 124
97 125
97 126
98 147
98 146
98 145
98 144
98 143
98 136
98 133
98 131
98 127
98 102
98 105
98 106
98 107
98 109
98 110
98 111
98 114
98 116
98 117
98 120
98 121
98 123
98 124
98 125
99 148
99 147
99 146
99 145
99 140
99 139
99 134
99 133
99 130
99 129
99 127
99 100
99 101
99 102
99 105
99 106
99 107
99 108
99 110
99 113
99 114
99 119
99 122
99 124
99 126
100 148
100 146
100 145
100 144
100 143
100 139
100 138
100 136
100 135
100 134
100 133
100 128
100 101
100 104
100 106
100 112
100 113
100 114
100 120
100 121
100 122
100 123
101 149
101 147
101 146
101 144
101 142
101 140
101 139
101 137
101 136
101 134
101 132
101 127
101 102
101 104
101 105
101 108
101 114
101 115
101 117
101 119
101 122
101 123
101 124
101 125
101 126
102 147
102 146
102 145
102 144
102 142
102 141
102 138
102 137
102 134
102 131
102 128
102 104
102 112
102 115
102 118
102 119
102 122
103 149
103 146
103 145
103 144
103 137
103 136
103 135
103 131
103 130
103 127
103 104
103 105
103 106
103 108
103 111
103 112
103 113
103 114
103 121
103 124
103 125
104 149
104 148
104 147
104 146
104 144
104 141
104 139
104 138
104 135
104 131
104 127
104 107
104 111
104 112
104 113
104 116
104 119
104 120
104 124
104 125
104 126
105 146
105 144
105 143
105 142
105 141
105 140
105 139
105 138
105 137
105 136
105 134
105 132
105 130
105 129
105 106
105 107
105 108
105 110
105 114
105 115
105 116
105 117
105 120
105 121
105 124
105 125
105 126
106 149
106 146
106 145
106 144
106 141
106 140
106 138
106 137
106 135
106 134
106 131
106 130
106 127
106 108
106 110
106 111
106 112
106 113
106 116
106 119
106 123
106 124
107 148
107 147
107 145
107 141
107 140
107 139
107 137
107 134
107 131
107 129
107 110
107 113
107 114
107 115
107 117
107 118
107 119
107 120
107 123
108 148
108 147
108 144
108 141
108 139
108 138
108 131
108 129
108 109
108 112
108 114
108 115
108 118
108 119
108 122
108 124
109 149
109 147
109 146
109 144
109 143
109 142
109 139
109 135
109 130
109 129
109 128
109 111
109 113
109 115
109 117
109 118
109 119
109 120
109 121
109 122
109 126
110 147
110 146
110 145
110 144
110 143
110 142
110 141
110 139
110 138
110 135
110 134
110 131
110 130
110 129
110 127
110 112
110 114
110 115
110 116
110 117
110 120
110 121
110 122
110 123
110 124
110 125
110 126
111 149
111 148
111 146
111 143
111 141
111 140
111 139
111 138
111 136
111 135
111 133
111 131
111 128
111 127
111 112
111 114
111 116
111 118
111 120
111 121
111 122
111 125
112 149
112 147
112 146
112 143
112 142
112 141
112 140
112 139
112 138
112 136
112 135
112 133
112 132
112 131
112 129
112 127
112 114
112 115
112 118
112 120
112 123
112 124
112 126
113 147
113 145
113 141
113 140
113 139
113 137
113 136
113 134
113 130
113 129
113 127
113 114
113 115
113 123
114 149
114 148
114 147
114 146
114 145
114 143
114 140
114 139
114 138
114 134
114 132
114 131
114 130
114 129
114 127
114 116
114 118
114 119
114 121
114 122
115 149
115 148
115 147
115 146
115 143
115 139
115 130
115 129
115 128
115 116
115 117
115 118
115 120
115 123
115 125
116 149
116 147
116 145
116 144
116 143
116 139
116 134
116 133
116 131
116 128
116 127
116 118
116 119
116 120
116 121
116 122
116 123
117 149
117 148
117 147
117 142
117 141
117 139
117 137
117 136
117 135
117 133
117 127
117 118
117 120
117 122
117 125
118 149
118 144
118 143
118 141
118 140
118 139
118 137
118 136
118 135
118 134
118 132
118 131
118 130
118 129
118 127
118 119
118 122
118 123
118 124
119 147
119 146
119 145
119 142
119 140
119 138
119 136
119 133
119 132
119 131
119 130
119 129
119 120
119 121
119 122
119 123
120 149
120 145
120 144
120 143
120 142
120 141
120 139
120 138
120 137
120 135
120 133
120 131
120 127
120 121
120 123
120 124
121 148
121 146
121 145
121 144
121 142
121 139
121 135
121 132
121 129
121 128
121 123
121 126
122 148
122 147
122 146
122 144
122 143
122 139
122 138
122 136
122 135
122 134
122 133
122 127
122 125
123 148
123 145
123 139
123 135
123 131
123 130
123 129
123 127
123 124
123 125
124 148
124 144
124 143
124 142
124 140
124 139
124 134
124 132
124 131
124 130
124 129
124 127
124 126
125 149
125 148
125 147
125 146
125 143
125 141
125 139
125 138
125 137
125 134
125 132
125 131
125 128
126 149
126 147
126 145
126 139
126 137
126 134
126 132
126 128
126 127
127 148
127 147
127 145
127 143
127 141
127 138
127 133
127 132
127 130
127 129
128 148
128 147
128 146
128 143
128 141
128 140
128 137
128 135
128 134
128 133
128 132
128 131
128 130
128 129
129 149
129 148
129 147
129 145
129 144
129 141
129 139
129 136
129 135
129 134
129 133
129 131
130 149
130 147
130 145
130 141
130 139
130 138
130 137
130 136
130 133
131 147
131 145
131 143
131 141
131 139
131 138
131 137
131 135
131 134
131 133
131 132
132 148
132 147
132 146
132 145
132 143
132 141
132 140
132 139
132 137
132 136
132 135
132 133
133 148
133 147
133 145
133 144
133 142
133 138
133 134
134 149
134 145
134 144
134 143
134 142
134 141
134 140
134 139
135 148
135 147
135 145
135 144
135 143
135 142
135 141
135 140
135 136
136 149
136 147
136 146
136 145
136 143
136 142
136 140
136 139
136 138
136 137
137 147
137 146
137 143
137 142
138 148
138 147
138 146
138 144
138 143
138 141
138 140
138 139
139 149
139 142
139 141
139 140
140 148
140 142
141 145
141 144
142 148
142 146
143 146
143 145
144 148
144 147
144 146
145 147
145 146
147 149
147 148