0 48
0 46
0 44
0 41
0 40
0 39
0 37
0 36
0 33
0 32
0 31
0 30
0 12
0 10
0 5
0 3
0 14
0 15
0 16
0 17
0 23
0 26
0 27
0 29
1 49
1 48
1 47
1 44
1 43
1 40
1 37
1 36
1 35
1 31
1 30
1 11
1 10
1 8
1 13
1 29
1 16
1 23
1 25
2 48
2 42
2 41
2 40
2 39
2 38
2 35
2 32
2 31
2 30
2 12
2 8
2 6
2 3
2 13
2 14
2 15
2 18
2 19
2 20
2 25
3 43
3 42
3 40
3 32
3 31
3 9
3 8
3 6
3 29
3 15
3 16
3 18
3 20
3 21
3 22
3 27
3 28
4 48
4 46
4 45
4 43
4 41
4 39
4 38
4 35
4 33
4 31
4 30
4 12
4 9
4 8
4 7
4 5
4 13
4 14
4 16
4 17
4 18
4 20
4 23
4 26
4 28
5 49
5 45
5 44
5 41
5 40
5 38
5 37
5 35
5 31
5 11
5 10
5 6
5 29
5 14
5 15
5 16
5 19
5 22
5 23
5 25
5 26
5 27
6 46
6 44
6 43
6 41
6 39
6 32
6 10
6 7
6 13
6 29
6 17
6 18
6 21
6 22
6 24
6 25
6 26
6 28
7 49
7 47
7 46
7 45
7 43
7 42
7 41
7 40
7 35
7 33
7 11
7 8
7 13
7 14
7 15
7 18
7 21
7 24
7 27
7 28
8 49
8 46
8 45
8 43
8 41
8 38
8 37
8 36
8 35
8 33
8 32
8 31
8 11
8 10
8 29
8 15
8 18
8 20
8 22
8 23
8 24
8 26
8 28
9 49
9 47
9 46
9 45
9 44
9 43
9 40
9 38
9 37
9 34
9 33
9 31
9 10
9 29
9 14
9 15
9 16
9 18
9 19
9 21
9 22
9 24
9 27
9 28
10 47
10 45
10 44
10 39
10 38
10 35
10 34
10 33
10 32
10 31
10 11
10 29
10 16
10 19
10 22
10 23
10 24
10 25
10 26
10 27
11 49
11 47
11 46
11 45
11 44
11 43
11 41
11 40
11 38
11 37
11 32
11 13
11 29
11 15
11 16
11 22
11 24
11 25
11 28
12 49
12 47
12 46
12 45
12 43
12 42
12 40
12 31
12 13
12 29
12 14
12 15
12 17
12 18
12 19
12 21
12 25
12 27
13 49
13 48
13 46
13 44
13 42
13 41
13 39
13 37
13 36
13 35
13 32
13 30
13 17
13 19
13 20
13 21
13 23
13 24
14 48
14 47
14 46
14 45
14 44
14 43
14 40
14 39
14 37
14 36
14 35
14 30
14 29
14 15
14 17
14 18
14 19
14 20
14 21
14 22
14 26
14 27
15 48
15 47
15 46
15 44
15 42
15 38
15 35
15 33
15 30
15 29
15 16
15 18
15 22
15 27
16 47
16 46
16 41
16 40
16 39
16 38
16 37
16 33
16 31
16 29
16 17
16 18
16 19
16 22
16 24
16 25
16 26
16 27
17 47
17 46
17 43
17 42
17 39
17 34
17 32
17 31
17 30
17 18
17 19
17 21
17 22
17 23
17 25
17 28
18 47
18 46
18 42
18 41
18 38
18 36
18 35
18 33
18 31
18 30
18 19
18 20
18 22
18 25
19 49
19 47
19 45
19 42
19 35
19 34
19 33
19 32
19 20
19 23
19 25
19 26
19 27
20 47
20 45
20 44
20 42
20 39
20 38
20 32
20 31
20 30
20 29
20 22
20 25
20 26
20 27
20 28
21 47
21 45
21 44
21 43
21 42
21 41
21 40
21 39
21 38
21 35
21 34
21 31
21 22
21 23
21 24
21 27
21 28
22 49
22 38
22 37
22 36
22 33
22 32
22 31
22 29
22 25
22 26
22 27
22 28
23 48
23 46
23 45
23 44
23 40
23 38
23 37
23 36
23 35
23 32
23 30
23 24
23 28
24 49
24 47
24 46
24 45
24 44
24 43
24 40
24 39
24 33
24 25
24 26
24 27
25 48
25 46
25 44
25 43
25 42
25 41
25 40
25 37
25 35
25 34
25 32
25 31
25 30
25 29
25 26
25 27
25 28
26 49
26 48
26 47
26 46
26 42
26 39
26 38
26 37
26 34
26 33
26 31
26 30
26 28
27 48
27 47
27 46
27 41
27 40
27 38
27 37
27 36
27 35
27 34
27 31
27 30
27 29
27 28
28 49
28 45
28 43
28 42
28 40
28 39
28 38
28 37
28 33
28 32
28 29
29 46
29 43
29 40
29 38
29 37
29 34
29 30
30 44
30 43
30 41
30 35
30 33
30 31
31 47
31 46
31 40
31 39
31 37
31 36
32 47
32 46
32 44
32 43
32 40
32 39
32 38
32 37
32 35
32 33
33 44
33 43
33 40
33 36
34 49
34 47
34 44
34 40
34 38
34 36
34 35
35 49
35 48
35 46
35 45
35 41
35 38
35 37
35 36
36 48
36 43
36 41
36 37
37 49
37 47
37 44
37 43
37 40
38 47
38 43
38 42
38 41
38 39
39 48
39 46
39 45
39 43
39 42
39 40
40 46
40 44
40 42
40 41
41 49
41 47
41 45
41 44
42 48
42 46
42 45
42 44
42 43
43 49
43 47
43 46
43 45
43 44
44 48
44 47
45 48
45 46
46 48
46 47
47 48