0 197
0 194
0 192
0 190
0 188
0 186
0 185
0 183
0 180
0 179
0 176
0 173
0 164
0 163
0 162
0 156
0 155
0 154
0 150
0 148
0 147
0 146
0 144
0 143
0 142
0 140
0 139
0 136
0 135
0 134
0 130
0 128
0 55
0 53
0 48
0 47
0 44
0 40
0 35
0 34
0 32
0 30
0 11
0 9
0 8
0 6
0 4
0 3
0 1
0 16
0 17
0 18
0 20
0 21
0 22
0 25
0 26
0 27
0 28
0 61
0 63
0 64
0 65
0 67
0 68
0 69
0 72
0 73
0 74
0 78
0 79
0 88
0 89
0 91
0 95
0 98
0 99
0 100
0 101
0 105
0 106
0 107
0 109
0 110
0 111
0 112
0 117
0 122
0 126
0 127
1 199
1 198
1 193
1 191
1 190
1 188
1 186
1 184
1 182
1 178
1 176
1 174
1 173
1 172
1 171
1 170
1 166
1 165
1 164
1 163
1 162
1 161
1 160
1 159
1 155
1 153
1 152
1 151
1 149
1 148
1 146
1 145
1 144
1 141
1 140
1 139
1 138
1 137
1 135
1 132
1 131
1 130
1 129
1 58
1 53
1 50
1 48
1 42
1 38
1 32
1 31
1 9
1 5
1 4
1 3
1 13
1 59
1 127
1 29
1 14
1 16
1 19
1 20
1 21
1 22
1 24
1 25
1 61
1 66
1 67
1 70
1 73
1 74
1 77
1 79
1 80
1 82
1 84
1 87
1 89
1 91
1 93
1 99
1 101
1 102
1 103
1 104
1 105
1 106
1 109
1 110
1 114
1 116
1 118
1 120
1 121
1 124
2 199
2 196
2 195
2 192
2 188
2 186
2 185
2 183
2 180
2 178
2 172
2 171
2 170
2 167
2 161
2 159
2 157
2 155
2 153
2 152
2 151
2 142
2 141
2 133
2 132
2 130
2 57
2 48
2 47
2 43
2 41
2 39
2 36
2 34
2 32
2 30
2 10
2 9
2 6
2 13
2 59
2 29
2 14
2 15
2 16
2 17
2 19
2 20
2 26
2 27
2 28
2 60
2 61
2 62
2 64
2 65
2 66
2 68
2 69
2 71
2 76
2 78
2 79
2 82
2 83
2 89
2 91
2 93
2 94
2 95
2 96
2 98
2 101
2 102
2 103
2 107
2 110
2 114
2 116
2 117
2 118
2 119
2 120
2 122
2 124
2 125
2 126
3 199
3 198
3 196
3 193
3 190
3 189
3 188
3 187
3 186
3 185
3 183
3 182
3 177
3 175
3 167
3 165
3 164
3 162
3 161
3 160
3 159
3 158
3 157
3 156
3 153
3 152
3 149
3 146
3 141
3 140
3 138
3 137
3 135
3 133
3 131
3 129
3 128
3 54
3 53
3 51
3 49
3 48
3 40
3 39
3 37
3 36
3 34
3 32
3 30
3 11
3 10
3 14
3 15
3 18
3 20
3 21
3 22
3 24
3 25
3 26
3 27
3 60
3 61
3 64
3 67
3 69
3 71
3 72
3 76
3 79
3 80
3 81
3 82
3 83
3 84
3 85
3 87
3 90
3 92
3 93
3 95
3 96
3 97
3 100
3 104
3 107
3 108
3 111
3 112
3 114
3 115
3 118
3 119
3 122
3 125
3 126
4 198
4 197
4 194
4 191
4 188
4 186
4 182
4 177
4 176
4 175
4 169
4 168
4 167
4 164
4 162
4 160
4 159
4 158
4 152
4 151
4 149
4 146
4 145
4 142
4 140
4 139
4 138
4 136
4 133
4 130
4 58
4 54
4 51
4 50
4 49
4 48
4 45
4 43
4 42
4 40
4 39
4 38
4 37
4 36
4 34
4 33
4 32
4 30
4 11
4 10
4 8
4 7
4 6
4 5
4 127
4 29
4 14
4 15
4 23
4 27
4 28
4 60
4 63
4 70
4 71
4 74
4 75
4 78
4 79
4 81
4 82
4 83
4 85
4 86
4 88
4 91
4 93
4 95
4 96
4 98
4 102
4 106
4 108
4 111
4 112
4 113
4 114
4 116
4 120
4 121
4 122
4 125
5 199
5 196
5 195
5 192
5 191
5 190
5 187
5 186
5 185
5 183
5 182
5 179
5 178
5 177
5 173
5 171
5 170
5 168
5 167
5 166
5 165
5 164
5 159
5 157
5 156
5 155
5 154
5 153
5 152
5 145
5 143
5 141
5 137
5 135
5 133
5 132
5 131
5 130
5 129
5 128
5 55
5 53
5 52
5 50
5 49
5 48
5 47
5 44
5 43
5 42
5 41
5 33
5 32
5 30
5 12
5 9
5 8
5 7
5 13
5 29
5 14
5 17
5 18
5 20
5 25
5 26
5 27
5 62
5 64
5 65
5 68
5 69
5 72
5 74
5 75
5 76
5 79
5 80
5 81
5 84
5 85
5 86
5 87
5 88
5 89
5 91
5 92
5 93
5 99
5 101
5 104
5 107
5 109
5 112
5 113
5 114
5 117
5 122
6 199
6 196
6 195
6 194
6 193
6 192
6 190
6 188
6 187
6 185
6 182
6 181
6 175
6 173
6 172
6 171
6 170
6 168
6 166
6 164
6 163
6 161
6 158
6 157
6 155
6 148
6 146
6 145
6 144
6 141
6 137
6 133
6 131
6 128
6 58
6 57
6 55
6 54
6 51
6 50
6 49
6 45
6 44
6 40
6 39
6 36
6 35
6 33
6 31
6 30
6 11
6 10
6 8
6 7
6 59
6 29
6 14
6 16
6 17
6 18
6 20
6 26
6 27
6 60
6 61
6 63
6 64
6 66
6 67
6 68
6 72
6 73
6 74
6 76
6 78
6 79
6 80
6 81
6 83
6 85
6 89
6 90
6 91
6 92
6 93
6 94
6 95
6 96
6 97
6 100
6 101
6 104
6 106
6 107
6 112
6 115
6 117
6 122
6 123
6 126
7 195
7 191
7 190
7 187
7 182
7 181
7 179
7 175
7 174
7 172
7 171
7 169
7 168
7 164
7 163
7 162
7 161
7 159
7 156
7 151
7 150
7 146
7 145
7 144
7 142
7 141
7 139
7 136
7 131
7 130
7 58
7 57
7 53
7 52
7 50
7 47
7 45
7 44
7 42
7 40
7 38
7 37
7 36
7 34
7 32
7 30
7 12
7 11
7 9
7 127
7 15
7 17
7 19
7 21
7 22
7 24
7 25
7 27
7 60
7 62
7 63
7 67
7 68
7 69
7 74
7 75
7 77
7 80
7 81
7 82
7 88
7 89
7 90
7 91
7 97
7 98
7 101
7 104
7 106
7 110
7 112
7 113
7 115
7 122
7 124
7 125
8 199
8 198
8 197
8 196
8 195
8 192
8 186
8 184
8 181
8 180
8 178
8 177
8 176
8 173
8 170
8 169
8 168
8 162
8 161
8 158
8 155
8 154
8 153
8 148
8 146
8 143
8 141
8 140
8 139
8 137
8 135
8 134
8 132
8 131
8 130
8 129
8 128
8 58
8 57
8 56
8 52
8 51
8 50
8 45
8 44
8 43
8 41
8 40
8 37
8 35
8 34
8 33
8 11
8 9
8 29
8 15
8 22
8 23
8 24
8 25
8 26
8 27
8 28
8 61
8 64
8 65
8 68
8 70
8 74
8 75
8 76
8 77
8 81
8 82
8 83
8 84
8 86
8 88
8 92
8 93
8 94
8 95
8 100
8 103
8 104
8 107
8 110
8 111
8 112
8 113
8 121
8 123
8 124
9 199
9 195
9 194
9 193
9 192
9 191
9 189
9 188
9 187
9 186
9 184
9 183
9 179
9 178
9 177
9 176
9 175
9 172
9 171
9 167
9 164
9 162
9 159
9 158
9 154
9 153
9 152
9 151
9 149
9 147
9 146
9 143
9 142
9 138
9 136
9 134
9 131
9 128
9 58
9 57
9 54
9 53
9 51
9 49
9 48
9 47
9 44
9 43
9 42
9 41
9 40
9 36
9 33
9 30
9 12
9 11
9 10
9 13
9 59
9 17
9 20
9 21
9 25
9 26
9 27
9 28
9 60
9 63
9 64
9 69
9 73
9 75
9 76
9 80
9 82
9 83
9 84
9 85
9 92
9 96
9 97
9 100
9 101
9 104
9 105
9 108
9 109
9 110
9 113
9 118
9 119
9 122
9 123
10 196
10 194
10 191
10 190
10 189
10 188
10 185
10 184
10 183
10 180
10 179
10 178
10 175
10 174
10 173
10 169
10 167
10 165
10 164
10 163
10 162
10 161
10 159
10 155
10 154
10 151
10 149
10 147
10 146
10 145
10 144
10 143
10 142
10 137
10 135
10 134
10 133
10 132
10 131
10 57
10 56
10 52
10 50
10 46
10 45
10 44
10 40
10 39
10 37
10 36
10 34
10 32
10 31
10 11
10 59
10 29
10 14
10 15
10 18
10 19
10 22
10 23
10 27
10 28
10 61
10 64
10 66
10 67
10 70
10 71
10 72
10 75
10 77
10 78
10 82
10 83
10 84
10 86
10 90
10 91
10 93
10 96
10 97
10 98
10 100
10 101
10 102
10 103
10 104
10 107
10 108
10 109
10 110
10 111
10 114
10 115
10 116
10 119
10 122
11 195
11 193
11 188
11 185
11 184
11 180
11 179
11 177
11 176
11 175
11 173
11 171
11 167
11 166
11 164
11 163
11 161
11 160
11 158
11 156
11 153
11 152
11 150
11 146
11 145
11 144
11 143
11 141
11 140
11 139
11 137
11 133
11 131
11 129
11 55
11 52
11 50
11 49
11 47
11 44
11 41
11 40
11 39
11 36
11 35
11 33
11 31
11 12
11 59
11 127
11 29
11 15
11 17
11 19
11 21
11 28
11 61
11 64
11 65
11 68
11 70
11 72
11 73
11 74
11 77
11 78
11 81
11 83
11 85
11 86
11 87
11 88
11 91
11 94
11 96
11 97
11 100
11 101
11 104
11 107
11 108
11 110
11 113
11 114
11 115
11 116
11 117
11 122
11 124
11 126
12 199
12 196
12 195
12 194
12 190
12 187
12 186
12 184
12 183
12 181
12 180
12 179
12 177
12 176
12 173
12 172
12 168
12 165
12 164
12 163
12 162
12 160
12 157
12 156
12 155
12 154
12 152
12 151
12 149
12 148
12 146
12 144
12 140
12 139
12 137
12 134
12 131
12 130
12 129
12 58
12 57
12 56
12 53
12 51
12 50
12 49
12 43
12 42
12 40
12 39
12 36
12 31
12 59
12 29
12 14
12 19
12 20
12 22
12 24
12 27
12 28
12 62
12 64
12 65
12 66
12 67
12 68
12 69
12 70
12 71
12 72
12 74
12 75
12 76
12 77
12 80
12 83
12 85
12 86
12 87
12 91
12 93
12 96
12 97
12 100
12 101
12 102
12 105
12 106
12 108
12 109
12 110
12 112
12 113
12 114
12 115
12 118
12 121
12 123
12 124
12 126
13 198
13 197
13 196
13 195
13 194
13 193
13 192
13 191
13 189
13 181
13 179
13 177
13 176
13 175
13 174
13 173
13 172
13 169
13 167
13 166
13 165
13 162
13 161
13 159
13 155
13 154
13 152
13 151
13 143
13 142
13 141
13 140
13 139
13 138
13 137
13 136
13 130
13 58
13 53
13 51
13 50
13 46
13 41
13 37
13 36
13 34
13 32
13 30
13 59
13 127
13 14
13 16
13 17
13 18
13 19
13 21
13 22
13 23
13 24
13 25
13 26
13 60
13 61
13 64
13 65
13 68
13 69
13 70
13 73
13 74
13 79
13 80
13 81
13 84
13 86
13 89
13 91
13 93
13 95
13 97
13 101
13 102
13 105
13 106
13 108
13 110
13 115
13 116
13 121
13 122
13 126
14 195
14 190
14 188
14 182
14 179
14 175
14 174
14 173
14 171
14 170
14 169
14 168
14 165
14 164
14 161
14 158
14 157
14 155
14 154
14 150
14 148
14 147
14 145
14 144
14 143
14 142
14 140
14 139
14 138
14 137
14 134
14 133
14 129
14 128
14 57
14 53
14 50
14 48
14 45
14 44
14 43
14 41
14 39
14 37
14 35
14 34
14 32
14 31
14 30
14 59
14 127
14 16
14 17
14 19
14 20
14 21
14 24
14 27
14 60
14 63
14 64
14 65
14 66
14 67
14 68
14 71
14 72
14 74
14 75
14 76
14 77
14 78
14 80
14 86
14 88
14 89
14 90
14 91
14 92
14 94
14 96
14 100
14 101
14 103
14 108
14 109
14 110
14 112
14 113
14 114
14 116
14 117
14 124
14 126
15 195
15 193
15 192
15 191
15 190
15 188
15 187
15 185
15 181
15 180
15 179
15 177
15 175
15 171
15 170
15 166
15 165
15 164
15 162
15 161
15 158
15 156
15 154
15 150
15 149
15 148
15 147
15 145
15 144
15 142
15 140
15 139
15 136
15 135
15 134
15 130
15 129
15 128
15 58
15 56
15 55
15 53
15 52
15 48
15 43
15 40
15 38
15 37
15 36
15 34
15 32
15 31
15 127
15 16
15 18
15 21
15 22
15 25
15 26
15 60
15 62
15 63
15 67
15 71
15 73
15 80
15 83
15 84
15 85
15 88
15 94
15 95
15 98
15 100
15 101
15 102
15 106
15 107
15 108
15 112
15 113
15 116
15 120
15 123
15 124
15 126
16 199
16 198
16 196
16 194
16 191
16 186
16 182
16 175
16 169
16 168
16 165
16 162
16 159
16 154
16 152
16 151
16 149
16 148
16 145
16 144
16 143
16 141
16 134
16 133
16 131
16 129
16 128
16 58
16 57
16 56
16 55
16 54
16 50
16 49
16 48
16 47
16 42
16 41
16 36
16 34
16 33
16 29
16 17
16 18
16 21
16 22
16 24
16 25
16 26
16 61
16 62
16 67
16 68
16 70
16 72
16 77
16 79
16 80
16 83
16 84
16 87
16 88
16 90
16 91
16 93
16 95
16 97
16 100
16 104
16 105
16 107
16 108
16 113
16 114
16 115
16 121
16 122
16 126
17 199
17 188
17 186
17 184
17 183
17 178
17 176
17 174
17 172
17 170
17 169
17 168
17 165
17 164
17 159
17 156
17 155
17 154
17 153
17 150
17 147
17 145
17 144
17 143
17 142
17 141
17 138
17 134
17 131
17 128
17 58
17 57
17 54
17 53
17 52
17 45
17 42
17 34
17 33
17 29
17 18
17 20
17 21
17 22
17 23
17 25
17 60
17 61
17 62
17 63
17 64
17 65
17 66
17 67
17 70
17 71
17 73
17 77
17 78
17 80
17 83
17 85
17 86
17 88
17 89
17 90
17 92
17 94
17 95
17 97
17 100
17 101
17 103
17 104
17 106
17 109
17 113
17 114
17 115
17 117
17 118
17 119
17 120
17 121
17 122
17 125
17 126
18 198
18 197
18 194
18 193
18 192
18 191
18 190
18 188
18 187
18 185
18 184
18 182
18 180
18 178
18 177
18 173
18 172
18 166
18 161
18 159
18 158
18 155
18 154
18 150
18 148
18 146
18 144
18 142
18 141
18 135
18 134
18 133
18 132
18 131
18 129
18 58
18 54
18 50
18 49
18 47
18 45
18 44
18 40
18 39
18 37
18 31
18 30
18 59
18 29
18 19
18 20
18 23
18 62
18 63
18 64
18 66
18 68
18 70
18 71
18 73
18 75
18 77
18 78
18 80
18 81
18 82
18 83
18 86
18 89
18 90
18 91
18 92
18 99
18 100
18 103
18 104
18 106
18 109
18 111
18 112
18 114
18 115
18 117
18 119
18 120
18 122
18 123
18 125
19 199
19 194
19 189
19 188
19 186
19 184
19 182
19 180
19 178
19 177
19 174
19 173
19 172
19 169
19 167
19 165
19 164
19 162
19 158
19 157
19 156
19 155
19 150
19 148
19 146
19 145
19 144
19 143
19 139
19 137
19 136
19 135
19 134
19 131
19 130
19 128
19 57
19 50
19 48
19 47
19 46
19 45
19 44
19 43
19 42
19 39
19 37
19 35
19 34
19 33
19 31
19 30
19 127
19 21
19 27
19 60
19 61
19 63
19 64
19 66
19 69
19 71
19 72
19 73
19 75
19 76
19 78
19 79
19 81
19 83
19 86
19 91
19 94
19 97
19 98
19 100
19 101
19 104
19 105
19 107
19 108
19 109
19 110
19 111
19 113
19 115
19 117
19 118
19 119
19 121
19 123
19 124
20 196
20 194
20 192
20 191
20 190
20 188
20 187
20 186
20 185
20 183
20 178
20 177
20 176
20 171
20 167
20 166
20 162
20 161
20 159
20 158
20 157
20 156
20 154
20 152
20 151
20 150
20 149
20 148
20 147
20 146
20 145
20 143
20 142
20 140
20 139
20 137
20 135
20 134
20 133
20 132
20 55
20 53
20 50
20 48
20 47
20 43
20 42
20 40
20 38
20 36
20 35
20 34
20 32
20 30
20 59
20 127
20 22
20 23
20 24
20 25
20 26
20 27
20 63
20 66
20 67
20 68
20 70
20 72
20 73
20 76
20 77
20 78
20 80
20 84
20 88
20 91
20 92
20 93
20 94
20 95
20 97
20 98
20 101
20 104
20 106
20 110
20 111
20 112
20 113
20 114
20 115
20 117
20 119
20 120
20 121
20 122
20 125
20 126
21 198
21 197
21 193
21 191
21 190
21 188
21 186
21 182
21 181
21 180
21 178
21 177
21 176
21 175
21 173
21 172
21 169
21 164
21 161
21 160
21 157
21 156
21 152
21 150
21 149
21 146
21 145
21 144
21 143
21 142
21 141
21 138
21 136
21 135
21 134
21 132
21 131
21 57
21 56
21 55
21 54
21 53
21 52
21 50
21 49
21 46
21 45
21 44
21 43
21 42
21 36
21 33
21 32
21 59
21 23
21 24
21 25
21 26
21 60
21 61
21 63
21 64
21 66
21 68
21 71
21 73
21 74
21 75
21 76
21 77
21 80
21 82
21 83
21 86
21 87
21 95
21 98
21 100
21 101
21 107
21 109
21 111
21 112
21 113
21 114
21 118
21 119
21 121
21 125
21 126
22 199
22 198
22 195
22 193
22 192
22 191
22 189
22 187
22 185
22 184
22 183
22 179
22 178
22 177
22 176
22 172
22 171
22 164
22 163
22 162
22 160
22 156
22 154
22 152
22 151
22 146
22 145
22 144
22 143
22 142
22 140
22 139
22 134
22 133
22 129
22 128
22 57
22 55
22 51
22 46
22 45
22 43
22 42
22 41
22 39
22 38
22 31
22 30
22 127
22 23
22 24
22 27
22 60
22 61
22 63
22 64
22 69
22 70
22 73
22 75
22 76
22 77
22 79
22 80
22 81
22 83
22 84
22 87
22 91
22 94
22 97
22 98
22 100
22 101
22 102
22 104
22 111
22 112
22 114
22 115
22 119
22 120
22 123
22 124
23 199
23 198
23 196
23 195
23 194
23 193
23 192
23 190
23 189
23 188
23 185
23 184
23 183
23 182
23 181
23 179
23 178
23 177
23 172
23 171
23 170
23 169
23 168
23 167
23 165
23 164
23 163
23 162
23 160
23 156
23 155
23 154
23 147
23 146
23 145
23 143
23 139
23 138
23 136
23 135
23 132
23 131
23 128
23 54
23 52
23 50
23 48
23 47
23 45
23 44
23 43
23 42
23 39
23 37
23 35
23 34
23 33
23 31
23 24
23 27
23 60
23 61
23 63
23 64
23 66
23 68
23 71
23 75
23 76
23 79
23 80
23 87
23 89
23 91
23 97
23 98
23 102
23 105
23 108
23 110
23 111
23 112
23 114
23 119
23 122
23 123
23 124
23 125
23 126
24 199
24 198
24 196
24 195
24 192
24 191
24 189
24 188
24 186
24 185
24 184
24 183
24 182
24 181
24 180
24 176
24 173
24 172
24 171
24 170
24 169
24 166
24 164
24 163
24 162
24 161
24 160
24 157
24 155
24 151
24 150
24 147
24 145
24 143
24 141
24 139
24 137
24 133
24 129
24 57
24 56
24 55
24 54
24 53
24 51
24 48
24 47
24 45
24 43
24 42
24 41
24 40
24 38
24 34
24 33
24 59
24 29
24 25
24 27
24 28
24 62
24 63
24 65
24 67
24 68
24 69
24 70
24 71
24 72
24 75
24 76
24 78
24 79
24 80
24 82
24 83
24 84
24 88
24 93
24 94
24 96
24 99
24 103
24 104
24 105
24 107
24 110
24 111
24 113
24 117
24 119
24 120
24 121
24 122
24 125
25 197
25 194
25 193
25 192
25 186
25 178
25 177
25 176
25 175
25 169
25 168
25 165
25 164
25 163
25 159
25 153
25 151
25 150
25 147
25 146
25 145
25 142
25 137
25 135
25 134
25 132
25 57
25 53
25 52
25 49
25 46
25 45
25 42
25 39
25 38
25 37
25 35
25 33
25 32
25 59
25 127
25 29
25 60
25 64
25 65
25 66
25 68
25 69
25 71
25 72
25 73
25 74
25 79
25 80
25 81
25 82
25 85
25 86
25 89
25 92
25 94
25 95
25 96
25 97
25 99
25 104
25 109
25 110
25 111
25 112
25 116
25 117
25 118
25 121
25 122
25 123
25 124
26 199
26 196
26 195
26 193
26 192
26 190
26 188
26 187
26 186
26 183
26 182
26 180
26 177
26 176
26 173
26 172
26 171
26 168
26 167
26 165
26 163
26 161
26 160
26 159
26 157
26 156
26 154
26 153
26 152
26 150
26 149
26 148
26 147
26 145
26 140
26 139
26 137
26 135
26 133
26 130
26 129
26 128
26 58
26 55
26 52
26 51
26 49
26 46
26 43
26 41
26 40
26 39
26 38
26 36
26 34
26 33
26 127
26 61
26 67
26 69
26 71
26 72
26 73
26 74
26 75
26 76
26 77
26 78
26 79
26 80
26 81
26 84
26 85
26 87
26 88
26 90
26 92
26 94
26 96
26 97
26 100
26 101
26 102
26 103
26 110
26 111
26 112
26 113
26 116
26 118
26 119
26 120
26 121
26 124
26 125
26 126
27 199
27 198
27 197
27 196
27 193
27 192
27 189
27 188
27 185
27 184
27 183
27 182
27 181
27 180
27 179
27 178
27 176
27 174
27 172
27 169
27 167
27 165
27 164
27 162
27 160
27 158
27 157
27 156
27 152
27 149
27 148
27 147
27 145
27 142
27 140
27 138
27 137
27 135
27 134
27 133
27 132
27 131
27 130
27 129
27 128
27 56
27 55
27 53
27 52
27 51
27 50
27 43
27 41
27 38
27 33
27 32
27 31
27 127
27 60
27 61
27 64
27 65
27 67
27 68
27 69
27 71
27 72
27 76
27 81
27 82
27 83
27 84
27 85
27 90
27 91
27 94
27 97
27 98
27 99
27 100
27 101
27 102
27 104
27 106
27 110
27 113
27 114
27 115
27 116
27 117
27 119
27 120
27 122
27 123
28 199
28 198
28 195
28 193
28 192
28 191
28 189
28 188
28 187
28 186
28 184
28 183
28 182
28 181
28 178
28 169
28 168
28 167
28 166
28 163
28 161
28 160
28 158
28 157
28 156
28 155
28 149
28 148
28 147
28 145
28 144
28 141
28 135
28 132
28 131
28 129
28 128
28 57
28 54
28 51
28 50
28 49
28 46
28 43
28 42
28 41
28 40
28 38
28 36
28 34
28 32
28 30
28 127
28 29
28 60
28 61
28 65
28 66
28 68
28 69
28 71
28 73
28 74
28 75
28 81
28 82
28 87
28 91
28 95
28 96
28 97
28 99
28 100
28 101
28 102
28 103
28 104
28 107
28 108
28 112
28 114
28 117
28 119
28 120
28 123
28 124
28 125
29 199
29 195
29 194
29 193
29 191
29 187
29 185
29 181
29 180
29 176
29 173
29 171
29 170
29 168
29 167
29 162
29 161
29 159
29 155
29 154
29 153
29 152
29 145
29 140
29 139
29 138
29 135
29 134
29 133
29 128
29 56
29 54
29 53
29 49
29 48
29 46
29 43
29 41
29 34
29 33
29 32
29 31
29 59
29 127
29 60
29 62
29 73
29 76
29 77
29 79
29 80
29 81
29 83
29 86
29 87
29 89
29 90
29 94
29 95
29 96
29 97
29 98
29 101
29 103
29 105
29 106
29 107
29 108
29 109
29 110
29 111
29 114
29 116
29 119
29 122
29 123
30 199
30 198
30 196
30 195
30 193
30 192
30 190
30 186
30 185
30 184
30 182
30 181
30 180
30 170
30 168
30 167
30 166
30 165
30 162
30 161
30 160
30 159
30 158
30 157
30 156
30 155
30 151
30 147
30 143
30 140
30 139
30 138
30 135
30 134
30 133
30 129
30 58
30 57
30 54
30 52
30 48
30 45
30 44
30 43
30 42
30 41
30 39
30 36
30 34
30 33
30 32
30 31
30 59
30 60
30 61
30 64
30 67
30 69
30 74
30 77
30 78
30 79
30 82
30 84
30 85
30 86
30 88
30 90
30 91
30 92
30 93
30 95
30 96
30 99
30 100
30 101
30 104
30 105
30 107
30 109
30 110
30 114
30 115
30 116
30 119
30 120
30 121
30 124
30 125
31 195
31 194
31 193
31 191
31 189
31 186
31 185
31 184
31 183
31 180
31 179
31 178
31 176
31 175
31 174
31 173
31 169
31 168
31 166
31 165
31 164
31 161
31 160
31 158
31 155
31 154
31 146
31 145
31 144
31 141
31 140
31 139
31 133
31 132
31 131
31 129
31 128
31 58
31 55
31 54
31 53
31 52
31 50
31 49
31 48
31 44
31 40
31 38
31 36
31 34
31 33
31 32
31 59
31 62
31 65
31 67
31 69
31 70
31 71
31 72
31 73
31 75
31 76
31 77
31 78
31 79
31 80
31 81
31 82
31 83
31 84
31 85
31 86
31 88
31 89
31 91
31 94
31 99
31 105
31 109
31 112
31 114
31 118
31 119
31 121
31 123
31 125
31 126
32 199
32 198
32 196
32 195
32 189
32 188
32 186
32 179
32 173
32 172
32 171
32 170
32 169
32 167
32 165
32 164
32 163
32 159
32 158
32 157
32 156
32 155
32 154
32 151
32 149
32 147
32 145
32 144
32 143
32 142
32 140
32 138
32 137
32 134
32 133
32 130
32 128
32 56
32 55
32 54
32 52
32 51
32 48
32 47
32 46
32 45
32 44
32 42
32 41
32 40
32 39
32 38
32 37
32 36
32 35
32 34
32 33
32 60
32 61
32 64
32 65
32 73
32 77
32 78
32 79
32 80
32 85
32 87
32 89
32 91
32 97
32 98
32 99
32 101
32 105
32 106
32 107
32 109
32 111
32 113
32 115
32 117
32 119
32 120
32 121
32 124
32 126
33 199
33 198
33 195
33 192
33 190
33 189
33 187
33 186
33 185
33 184
33 183
33 180
33 177
33 173
33 169
33 167
33 165
33 162
33 159
33 157
33 156
33 155
33 154
33 152
33 151
33 148
33 147
33 146
33 144
33 142
33 140
33 139
33 138
33 134
33 131
33 130
33 129
33 128
33 58
33 56
33 55
33 54
33 51
33 50
33 49
33 46
33 38
33 37
33 34
33 59
33 127
33 60
33 61
33 64
33 66
33 67
33 70
33 71
33 74
33 75
33 76
33 77
33 80
33 84
33 85
33 86
33 87
33 88
33 91
33 93
33 95
33 96
33 98
33 101
33 102
33 105
33 106
33 107
33 108
33 111
33 115
33 119
33 120
33 122
33 125
34 199
34 197
34 195
34 194
34 192
34 191
34 190
34 189
34 188
34 182
34 181
34 179
34 178
34 177
34 176
34 175
34 174
34 173
34 172
34 169
34 168
34 167
34 163
34 162
34 160
34 159
34 156
34 155
34 153
34 152
34 148
34 147
34 145
34 144
34 143
34 140
34 138
34 136
34 134
34 131
34 129
34 128
34 58
34 55
34 54
34 53
34 51
34 49
34 43
34 40
34 38
34 37
34 36
34 35
34 60
34 62
34 64
34 65
34 68
34 69
34 73
34 80
34 81
34 83
34 85
34 88
34 90
34 91
34 92
34 98
34 102
34 104
34 105
34 107
34 108
34 109
34 111
34 112
34 115
34 116
34 117
34 118
34 119
34 120
34 121
34 125
34 126
35 198
35 194
35 193
35 192
35 191
35 190
35 189
35 186
35 185
35 182
35 181
35 180
35 177
35 176
35 173
35 171
35 170
35 168
35 164
35 163
35 162
35 161
35 160
35 158
35 156
35 155
35 149
35 147
35 146
35 145
35 144
35 140
35 139
35 136
35 134
35 131
35 129
35 54
35 53
35 51
35 50
35 49
35 47
35 45
35 43
35 42
35 40
35 37
35 36
35 59
35 127
35 60
35 61
35 64
35 66
35 69
35 71
35 73
35 74
35 75
35 76
35 79
35 80
35 82
35 85
35 86
35 90
35 91
35 95
35 96
35 99
35 101
35 107
35 109
35 111
35 113
35 116
35 117
35 120
35 126
36 197
36 194
36 193
36 192
36 191
36 189
36 187
36 185
36 184
36 183
36 182
36 181
36 179
36 178
36 175
36 173
36 172
36 170
36 168
36 167
36 166
36 164
36 158
36 157
36 155
36 153
36 150
36 148
36 146
36 144
36 143
36 142
36 141
36 140
36 139
36 134
36 133
36 132
36 129
36 58
36 56
36 55
36 54
36 52
36 51
36 50
36 48
36 47
36 45
36 44
36 42
36 41
36 38
36 59
36 127
36 62
36 63
36 65
36 66
36 69
36 71
36 75
36 77
36 79
36 81
36 82
36 83
36 86
36 89
36 95
36 97
36 98
36 103
36 106
36 107
36 110
36 111
36 112
36 115
36 116
36 118
36 120
36 121
36 122
36 125
36 126
37 198
37 197
37 196
37 192
37 191
37 188
37 185
37 183
37 182
37 176
37 175
37 174
37 173
37 172
37 165
37 164
37 159
37 158
37 156
37 153
37 152
37 151
37 150
37 149
37 147
37 141
37 140
37 138
37 137
37 135
37 133
37 131
37 130
37 129
37 58
37 52
37 51
37 50
37 48
37 42
37 40
37 39
37 59
37 61
37 64
37 68
37 69
37 72
37 73
37 74
37 80
37 81
37 82
37 83
37 87
37 88
37 89
37 91
37 92
37 93
37 95
37 96
37 97
37 102
37 105
37 106
37 109
37 110
37 113
37 114
37 115
37 118
37 119
37 120
37 123
37 126
38 199
38 197
38 196
38 195
38 192
38 191
38 190
38 189
38 186
38 185
38 184
38 182
38 181
38 178
38 177
38 176
38 174
38 171
38 169
38 161
38 160
38 157
38 154
38 151
38 150
38 145
38 144
38 143
38 140
38 138
38 137
38 135
38 133
38 132
38 131
38 130
38 129
38 128
38 57
38 56
38 55
38 54
38 53
38 52
38 50
38 49
38 48
38 47
38 44
38 43
38 42
38 39
38 59
38 127
38 60
38 61
38 64
38 65
38 66
38 67
38 71
38 72
38 74
38 76
38 78
38 79
38 80
38 84
38 86
38 87
38 88
38 89
38 90
38 91
38 94
38 96
38 98
38 100
38 104
38 105
38 106
38 108
38 109
38 110
38 111
38 113
38 115
38 116
38 117
38 118
38 120
38 121
38 122
38 124
38 126
39 197
39 196
39 191
39 190
39 187
39 184
39 182
39 181
39 180
39 179
39 172
39 165
39 164
39 161
39 160
39 159
39 154
39 151
39 150
39 147
39 145
39 144
39 143
39 142
39 139
39 138
39 135
39 134
39 133
39 131
39 129
39 128
39 57
39 55
39 53
39 51
39 47
39 44
39 42
39 41
39 59
39 60
39 66
39 67
39 68
39 69
39 71
39 72
39 73
39 75
39 76
39 78
39 80
39 81
39 83
39 84
39 87
39 88
39 90
39 91
39 93
39 94
39 95
39 98
39 100
39 104
39 105
39 106
39 111
39 114
39 116
39 117
39 118
39 119
39 121
39 122
39 125
40 197
40 196
40 195
40 194
40 193
40 192
40 190
40 188
40 185
40 183
40 181
40 180
40 179
40 173
40 171
40 168
40 167
40 165
40 162
40 159
40 157
40 156
40 155
40 151
40 150
40 149
40 147
40 146
40 142
40 139
40 137
40 134
40 130
40 129
40 128
40 56
40 54
40 52
40 50
40 48
40 46
40 42
40 41
40 60
40 61
40 62
40 65
40 69
40 71
40 74
40 75
40 76
40 77
40 78
40 79
40 83
40 87
40 88
40 90
40 94
40 99
40 101
40 102
40 104
40 108
40 109
40 110
40 111
40 113
40 114
40 115
40 117
40 118
40 119
40 120
40 122
40 123
40 125
40 126
41 199
41 198
41 195
41 194
41 191
41 190
41 188
41 186
41 184
41 183
41 181
41 180
41 178
41 174
41 172
41 171
41 168
41 167
41 165
41 164
41 161
41 160
41 159
41 154
41 152
41 151
41 150
41 149
41 144
41 140
41 139
41 138
41 137
41 135
41 134
41 132
41 131
41 130
41 58
41 56
41 55
41 54
41 53
41 52
41 50
41 49
41 48
41 46
41 45
41 44
41 59
41 60
41 62
41 64
41 73
41 75
41 77
41 80
41 81
41 82
41 84
41 85
41 88
41 89
41 90
41 94
41 97
41 98
41 99
41 101
41 102
41 105
41 106
41 108
41 110
41 112
41 114
41 117
41 121
41 124
41 125
41 126
42 195
42 193
42 192
42 189
42 187
42 186
42 184
42 183
42 181
42 175
42 173
42 171
42 170
42 163
42 162
42 160
42 158
42 151
42 150
42 149
42 148
42 147
42 146
42 145
42 144
42 143
42 140
42 136
42 135
42 134
42 58
42 57
42 56
42 55
42 53
42 52
42 51
42 46
42 45
42 127
42 60
42 64
42 65
42 66
42 67
42 69
42 72
42 74
42 75
42 76
42 77
42 79
42 80
42 81
42 84
42 89
42 90
42 91
42 94
42 95
42 96
42 97
42 99
42 101
42 105
42 107
42 109
42 110
42 111
42 114
42 115
42 117
42 119
42 120
42 124
43 199
43 196
43 195
43 192
43 191
43 188
43 185
43 184
43 181
43 178
43 177
43 172
43 170
43 169
43 168
43 167
43 166
43 165
43 164
43 163
43 161
43 159
43 157
43 154
43 151
43 149
43 147
43 146
43 143
43 141
43 138
43 137
43 135
43 132
43 131
43 130
43 129
43 56
43 53
43 52
43 50
43 46
43 44
43 59
43 60
43 61
43 63
43 65
43 67
43 71
43 77
43 80
43 81
43 90
43 91
43 92
43 96
43 99
43 100
43 103
43 105
43 107
43 110
43 111
43 112
43 114
43 115
43 116
43 120
43 122
43 123
43 125
44 199
44 197
44 196
44 194
44 187
44 186
44 184
44 183
44 178
44 177
44 175
44 174
44 172
44 171
44 169
44 167
44 166
44 165
44 164
44 163
44 158
44 152
44 149
44 147
44 146
44 145
44 144
44 143
44 141
44 140
44 139
44 137
44 135
44 132
44 56
44 50
44 49
44 48
44 47
44 46
44 127
44 61
44 62
44 64
44 67
44 69
44 70
44 71
44 74
44 75
44 78
44 81
44 82
44 84
44 88
44 89
44 91
44 92
44 93
44 97
44 99
44 102
44 104
44 106
44 109
44 111
44 112
44 113
44 114
44 115
44 120
44 121
44 123
44 124
45 198
45 196
45 195
45 192
45 191
45 190
45 188
45 186
45 185
45 184
45 183
45 182
45 181
45 176
45 175
45 172
45 170
45 168
45 167
45 166
45 164
45 163
45 162
45 161
45 157
45 153
45 151
45 149
45 146
45 145
45 142
45 141
45 140
45 139
45 137
45 136
45 135
45 134
45 132
45 130
45 58
45 53
45 51
45 50
45 49
45 46
45 59
45 127
45 61
45 65
45 66
45 67
45 70
45 73
45 76
45 77
45 78
45 79
45 83
45 85
45 86
45 87
45 88
45 89
45 90
45 91
45 93
45 94
45 96
45 98
45 99
45 100
45 101
45 104
45 105
45 107
45 108
45 110
45 113
45 117
45 120
45 122
45 123
45 124
46 199
46 198
46 197
46 196
46 193
46 192
46 185
46 182
46 179
46 178
46 177
46 176
46 174
46 172
46 171
46 170
46 167
46 166
46 165
46 164
46 162
46 159
46 158
46 157
46 156
46 155
46 154
46 153
46 152
46 151
46 150
46 148
46 147
46 146
46 144
46 143
46 139
46 138
46 136
46 134
46 133
46 132
46 129
46 128
46 58
46 54
46 52
46 51
46 50
46 48
46 47
46 59
46 62
46 64
46 66
46 68
46 69
46 71
46 72
46 75
46 76
46 78
46 79
46 86
46 87
46 88
46 89
46 91
46 95
46 96
46 100
46 105
46 108
46 109
46 114
46 117
46 121
46 122
46 123
46 125
47 199
47 197
47 196
47 195
47 194
47 193
47 192
47 191
47 189
47 187
47 184
47 182
47 177
47 175
47 174
47 172
47 171
47 170
47 167
47 166
47 161
47 160
47 158
47 152
47 149
47 147
47 146
47 144
47 135
47 133
47 130
47 129
47 58
47 55
47 54
47 52
47 59
47 127
47 66
47 69
47 70
47 71
47 73
47 74
47 75
47 77
47 83
47 84
47 87
47 89
47 91
47 92
47 93
47 96
47 97
47 98
47 100
47 102
47 103
47 104
47 106
47 107
47 109
47 111
47 118
47 122
47 124
47 125
47 126
48 198
48 197
48 196
48 195
48 194
48 193
48 192
48 191
48 189
48 186
48 184
48 183
48 180
48 177
48 176
48 174
48 173
48 171
48 170
48 169
48 168
48 167
48 164
48 162
48 161
48 160
48 159
48 158
48 157
48 156
48 155
48 154
48 152
48 150
48 149
48 148
48 147
48 146
48 145
48 144
48 143
48 138
48 136
48 135
48 132
48 130
48 129
48 58
48 57
48 55
48 54
48 52
48 50
48 59
48 60
48 61
48 62
48 64
48 66
48 67
48 69
48 76
48 78
48 81
48 82
48 83
48 84
48 85
48 86
48 89
48 90
48 92
48 93
48 96
48 97
48 99
48 100
48 101
48 103
48 105
48 107
48 108
48 109
48 112
48 117
48 121
48 123
48 124
49 195
49 194
49 192
49 190
49 188
49 186
49 185
49 183
49 182
49 179
49 178
49 177
49 176
49 175
49 172
49 170
49 169
49 168
49 166
49 165
49 164
49 163
49 162
49 161
49 160
49 159
49 158
49 157
49 151
49 148
49 145
49 144
49 143
49 142
49 140
49 138
49 136
49 135
49 130
49 128
49 50
49 59
49 127
49 60
49 62
49 63
49 64
49 68
49 70
49 71
49 73
49 75
49 78
49 79
49 80
49 81
49 82
49 83
49 84
49 88
49 90
49 91
49 92
49 94
49 96
49 97
49 98
49 99
49 102
49 103
49 104
49 107
49 108
49 109
49 112
49 114
49 115
49 116
49 118
49 120
49 121
49 122
49 126
50 199
50 195
50 194
50 193
50 192
50 190
50 188
50 186
50 184
50 183
50 182
50 181
50 180
50 179
50 178
50 177
50 175
50 174
50 172
50 170
50 168
50 160
50 159
50 158
50 156
50 155
50 153
50 147
50 146
50 145
50 144
50 142
50 140
50 139
50 138
50 136
50 135
50 133
50 132
50 130
50 57
50 56
50 54
50 52
50 59
50 60
50 61
50 64
50 65
50 66
50 67
50 70
50 72
50 75
50 76
50 77
50 80
50 82
50 83
50 86
50 87
50 89
50 90
50 91
50 94
50 95
50 96
50 99
50 101
50 102
50 104
50 105
50 106
50 117
50 119
50 123
50 126
51 199
51 196
51 195
51 194
51 193
51 192
51 190
51 189
51 185
51 182
51 181
51 179
51 177
51 176
51 170
51 164
51 163
51 161
51 158
51 157
51 155
51 154
51 153
51 152
51 151
51 149
51 148
51 146
51 143
51 141
51 140
51 139
51 138
51 137
51 136
51 135
51 132
51 131
51 58
51 53
51 59
51 61
51 62
51 63
51 66
51 67
51 68
51 70
51 74
51 75
51 76
51 78
51 79
51 81
51 82
51 83
51 84
51 87
51 89
51 92
51 93
51 95
51 97
51 99
51 101
51 102
51 103
51 104
51 107
51 108
51 111
51 112
51 114
51 115
51 117
51 119
51 125
52 199
52 198
52 197
52 195
52 191
52 185
52 182
52 181
52 180
52 179
52 175
52 174
52 173
52 172
52 171
52 170
52 167
52 164
52 163
52 162
52 160
52 157
52 155
52 154
52 147
52 146
52 142
52 139
52 138
52 137
52 136
52 135
52 133
52 128
52 58
52 56
52 55
52 54
52 59
52 127
52 60
52 61
52 62
52 63
52 64
52 67
52 70
52 72
52 74
52 77
52 81
52 83
52 84
52 86
52 88
52 93
52 97
52 98
52 99
52 100
52 101
52 102
52 107
52 108
52 110
52 113
52 114
52 118
52 120
52 121
52 124
52 126
53 199
53 198
53 197
53 195
53 191
53 190
53 189
53 186
53 185
53 183
53 182
53 180
53 178
53 175
53 173
53 172
53 170
53 169
53 168
53 165
53 163
53 162
53 159
53 158
53 156
53 155
53 153
53 152
53 147
53 146
53 145
53 144
53 143
53 141
53 140
53 139
53 136
53 135
53 131
53 129
53 57
53 55
53 127
53 60
53 64
53 65
53 69
53 72
53 73
53 77
53 78
53 80
53 83
53 84
53 87
53 89
53 90
53 91
53 93
53 96
53 97
53 99
53 100
53 101
53 102
53 103
53 104
53 105
53 106
53 107
53 110
53 112
53 113
53 115
53 117
53 118
53 119
53 121
53 123
53 124
54 197
54 196
54 195
54 194
54 192
54 191
54 190
54 186
54 185
54 184
54 183
54 182
54 181
54 180
54 177
54 171
54 165
54 163
54 161
54 159
54 154
54 153
54 151
54 150
54 149
54 145
54 137
54 136
54 132
54 131
54 130
54 58
54 55
54 59
54 127
54 61
54 64
54 65
54 71
54 72
54 73
54 74
54 78
54 81
54 84
54 85
54 86
54 88
54 90
54 94
54 95
54 96
54 97
54 98
54 100
54 101
54 102
54 104
54 105
54 107
54 108
54 109
54 111
54 113
54 114
54 117
54 118
54 119
54 121
54 122
54 123
54 125
55 195
55 191
55 189
55 185
55 182
55 177
55 175
55 171
55 164
55 163
55 162
55 161
55 158
55 156
55 154
55 149
55 146
55 145
55 144
55 142
55 141
55 140
55 139
55 138
55 133
55 128
55 60
55 61
55 64
55 65
55 72
55 73
55 75
55 76
55 77
55 80
55 82
55 83
55 90
55 91
55 92
55 93
55 96
55 97
55 99
55 101
55 104
55 107
55 108
55 109
55 111
55 113
55 116
55 120
56 199
56 197
56 196
56 194
56 193
56 191
56 189
56 188
56 185
56 184
56 181
56 180
56 179
56 175
56 174
56 173
56 172
56 169
56 166
56 165
56 164
56 162
56 159
56 157
56 156
56 155
56 154
56 153
56 150
56 143
56 140
56 139
56 137
56 135
56 131
56 129
56 58
56 57
56 59
56 127
56 60
56 61
56 63
56 64
56 65
56 66
56 67
56 69
56 71
56 72
56 75
56 77
56 78
56 79
56 81
56 82
56 85
56 86
56 88
56 89
56 90
56 92
56 99
56 101
56 104
56 105
56 106
56 108
56 109
56 110
56 111
56 112
56 114
56 116
56 117
56 118
56 119
56 120
56 121
56 125
57 197
57 196
57 194
57 193
57 191
57 190
57 189
57 188
57 187
57 180
57 179
57 178
57 177
57 176
57 175
57 174
57 173
57 172
57 171
57 170
57 169
57 163
57 159
57 158
57 152
57 151
57 149
57 147
57 144
57 143
57 140
57 139
57 138
57 137
57 134
57 132
57 131
57 130
57 128
57 59
57 127
57 62
57 63
57 64
57 67
57 75
57 76
57 77
57 78
57 79
57 81
57 84
57 86
57 87
57 88
57 90
57 91
57 97
57 99
57 101
57 105
57 107
57 108
57 111
57 114
57 116
57 118
57 119
57 122
57 124
57 125
57 126
58 199
58 197
58 196
58 195
58 192
58 191
58 190
58 184
58 183
58 182
58 178
58 177
58 175
58 173
58 171
58 170
58 166
58 165
58 164
58 162
58 161
58 160
58 157
58 150
58 148
58 145
58 144
58 142
58 138
58 137
58 135
58 133
58 132
58 129
58 59
58 127
58 63
58 65
58 68
58 70
58 72
58 75
58 80
58 83
58 86
58 88
58 89
58 90
58 91
58 93
58 95
58 97
58 98
58 99
58 100
58 101
58 102
58 106
58 108
58 111
58 115
58 117
58 118
58 120
58 125
58 126
59 195
59 192
59 189
59 187
59 185
59 184
59 182
59 181
59 180
59 173
59 171
59 170
59 166
59 164
59 163
59 161
59 160
59 158
59 157
59 156
59 154
59 152
59 150
59 148
59 143
59 142
59 135
59 133
59 131
59 128
59 127
59 61
59 62
59 67
59 70
59 73
59 80
59 82
59 83
59 84
59 85
59 86
59 89
59 90
59 92
59 94
59 95
59 97
59 99
59 100
59 101
59 103
59 104
59 105
59 106
59 107
59 110
59 111
59 112
59 114
59 117
59 120
59 121
59 125
60 198
60 197
60 195
60 194
60 193
60 192
60 188
60 187
60 186
60 185
60 184
60 183
60 182
60 179
60 176
60 172
60 171
60 167
60 166
60 164
60 162
60 161
60 160
60 158
60 156
60 155
60 154
60 152
60 151
60 150
60 139
60 135
60 130
60 129
60 128
60 61
60 62
60 63
60 64
60 67
60 71
60 72
60 79
60 80
60 82
60 83
60 84
60 87
60 90
60 91
60 93
60 94
60 95
60 96
60 101
60 102
60 103
60 105
60 106
60 109
60 110
60 111
60 112
60 113
60 114
60 115
60 117
60 119
60 120
60 121
60 124
60 125
60 126
61 197
61 194
61 193
61 192
61 191
61 189
61 186
61 184
61 183
61 181
61 180
61 178
61 177
61 175
61 174
61 173
61 172
61 169
61 167
61 166
61 165
61 164
61 163
61 162
61 160
61 158
61 156
61 155
61 153
61 151
61 149
61 148
61 147
61 142
61 140
61 136
61 132
61 129
61 127
61 62
61 63
61 64
61 65
61 67
61 74
61 77
61 79
61 80
61 81
61 84
61 85
61 86
61 91
61 93
61 95
61 98
61 101
61 102
61 106
61 109
61 110
61 112
61 116
61 119
61 120
61 125
61 126
62 198
62 196
62 195
62 194
62 191
62 190
62 189
62 187
62 186
62 177
62 174
62 172
62 171
62 170
62 167
62 165
62 164
62 163
62 162
62 159
62 158
62 157
62 156
62 152
62 151
62 148
62 147
62 146
62 143
62 141
62 140
62 138
62 137
62 136
62 135
62 134
62 132
62 131
62 130
62 129
62 128
62 63
62 66
62 67
62 68
62 69
62 70
62 74
62 76
62 77
62 78
62 79
62 80
62 81
62 82
62 83
62 86
62 87
62 89
62 93
62 96
62 97
62 98
62 101
62 103
62 104
62 105
62 107
62 110
62 111
62 114
62 117
62 120
62 121
62 122
62 124
62 125
63 198
63 197
63 192
63 191
63 189
63 188
63 184
63 178
63 177
63 176
63 174
63 172
63 171
63 170
63 169
63 167
63 164
63 160
63 159
63 155
63 151
63 149
63 148
63 147
63 145
63 144
63 143
63 142
63 138
63 134
63 132
63 130
63 129
63 65
63 67
63 69
63 72
63 73
63 74
63 77
63 78
63 79
63 81
63 82
63 84
63 86
63 92
63 95
63 98
63 99
63 100
63 101
63 102
63 103
63 105
63 107
63 108
63 110
63 111
63 117
63 121
63 122
63 123
63 125
64 196
64 195
64 194
64 192
64 190
64 189
64 185
64 183
64 182
64 180
64 179
64 178
64 177
64 175
64 174
64 173
64 172
64 171
64 170
64 168
64 167
64 164
64 163
64 159
64 158
64 157
64 156
64 154
64 153
64 150
64 144
64 143
64 141
64 140
64 138
64 136
64 134
64 132
64 131
64 129
64 127
64 67
64 68
64 69
64 70
64 72
64 73
64 74
64 76
64 78
64 81
64 82
64 83
64 86
64 88
64 90
64 91
64 92
64 95
64 98
64 99
64 100
64 102
64 103
64 104
64 105
64 108
64 109
64 110
64 112
64 114
64 115
64 116
64 117
64 118
64 119
64 121
64 122
64 125
64 126
65 199
65 198
65 186
65 185
65 182
65 179
65 178
65 177
65 176
65 172
65 168
65 166
65 161
65 160
65 159
65 157
65 154
65 153
65 152
65 150
65 148
65 147
65 146
65 143
65 133
65 127
65 66
65 67
65 68
65 69
65 70
65 73
65 75
65 77
65 79
65 82
65 87
65 90
65 91
65 92
65 94
65 96
65 103
65 104
65 106
65 109
65 116
65 117
65 118
65 121
65 122
65 123
65 124
66 199
66 196
66 195
66 194
66 193
66 192
66 187
66 186
66 185
66 181
66 179
66 177
66 176
66 175
66 172
66 170
66 169
66 168
66 167
66 166
66 165
66 164
66 163
66 162
66 159
66 158
66 156
66 154
66 150
66 149
66 147
66 144
66 143
66 141
66 140
66 138
66 136
66 133
66 132
66 130
66 129
66 127
66 69
66 73
66 74
66 80
66 82
66 83
66 84
66 86
66 87
66 91
66 92
66 93
66 94
66 100
66 101
66 102
66 103
66 104
66 105
66 106
66 107
66 108
66 110
66 111
66 113
66 117
66 120
66 121
66 122
66 123
66 126
67 199
67 198
67 197
67 196
67 195
67 194
67 190
67 189
67 185
67 184
67 183
67 182
67 180
67 178
67 174
67 173
67 171
67 170
67 169
67 168
67 167
67 163
67 159
67 152
67 149
67 148
67 145
67 144
67 141
67 138
67 136
67 135
67 134
67 133
67 131
67 130
67 128
67 68
67 69
67 70
67 74
67 75
67 76
67 77
67 78
67 79
67 82
67 86
67 88
67 89
67 93
67 95
67 96
67 97
67 98
67 99
67 100
67 102
67 106
67 109
67 110
67 112
67 118
67 119
67 120
67 121
67 122
67 123
68 198
68 197
68 196
68 194
68 188
68 187
68 186
68 185
68 183
68 182
68 178
68 177
68 176
68 173
68 171
68 169
68 168
68 167
68 166
68 164
68 161
68 159
68 158
68 155
68 154
68 153
68 150
68 148
68 145
68 144
68 143
68 134
68 131
68 129
68 127
68 69
68 70
68 71
68 74
68 81
68 82
68 83
68 89
68 91
68 95
68 97
68 100
68 101
68 102
68 103
68 108
68 109
68 110
68 115
68 116
68 117
68 118
68 119
68 124
68 126
69 198
69 195
69 192
69 191
69 190
69 188
69 187
69 186
69 185
69 184
69 183
69 177
69 176
69 175
69 174
69 171
69 167
69 166
69 165
69 163
69 162
69 161
69 155
69 153
69 151
69 149
69 148
69 142
69 140
69 137
69 135
69 134
69 130
69 129
69 71
69 73
69 76
69 79
69 81
69 86
69 87
69 88
69 89
69 90
69 96
69 98
69 99
69 100
69 101
69 102
69 103
69 105
69 106
69 108
69 111
69 112
69 117
69 119
69 122
69 123
69 124
69 125
69 126
70 199
70 195
70 189
70 188
70 187
70 186
70 183
70 180
70 176
70 175
70 169
70 166
70 163
70 162
70 159
70 157
70 156
70 155
70 154
70 149
70 146
70 144
70 142
70 141
70 140
70 138
70 136
70 135
70 130
70 129
70 128
70 71
70 72
70 74
70 78
70 80
70 81
70 84
70 85
70 86
70 87
70 89
70 90
70 92
70 93
70 94
70 98
70 100
70 101
70 105
70 106
70 107
70 108
70 110
70 112
70 113
70 114
70 116
70 118
70 121
70 122
70 124
71 199
71 198
71 197
71 195
71 194
71 193
71 192
71 190
71 189
71 188
71 186
71 185
71 184
71 183
71 182
71 181
71 179
71 176
71 174
71 170
71 168
71 167
71 165
71 164
71 162
71 160
71 152
71 151
71 145
71 144
71 142
71 133
71 132
71 131
71 130
71 128
71 127
71 72
71 74
71 80
71 81
71 82
71 85
71 87
71 88
71 89
71 91
71 93
71 94
71 96
71 98
71 100
71 101
71 103
71 105
71 106
71 111
71 112
71 114
71 115
71 116
71 117
71 119
71 121
71 125
71 126
72 198
72 197
72 195
72 192
72 191
72 190
72 189
72 188
72 187
72 185
72 182
72 181
72 174
72 172
72 170
72 169
72 168
72 167
72 166
72 165
72 160
72 157
72 153
72 152
72 151
72 149
72 148
72 147
72 144
72 141
72 140
72 139
72 138
72 136
72 135
72 134
72 129
72 128
72 77
72 82
72 84
72 85
72 86
72 87
72 89
72 90
72 92
72 93
72 98
72 103
72 108
72 109
72 110
72 113
72 114
72 116
72 117
72 118
72 119
72 120
72 121
72 123
72 124
73 194
73 193
73 192
73 190
73 189
73 188
73 186
73 184
73 182
73 181
73 178
73 176
73 172
73 169
73 168
73 166
73 165
73 164
73 163
73 161
73 160
73 157
73 156
73 155
73 154
73 153
73 152
73 151
73 143
73 142
73 141
73 140
73 139
73 138
73 136
73 135
73 133
73 129
73 74
73 76
73 78
73 80
73 81
73 83
73 84
73 85
73 86
73 87
73 88
73 89
73 91
73 93
73 96
73 98
73 99
73 104
73 106
73 107
73 110
73 111
73 112
73 113
73 115
73 116
73 117
73 118
73 119
73 122
73 124
73 126
74 198
74 195
74 192
74 191
74 189
74 188
74 187
74 186
74 183
74 179
74 177
74 176
74 175
74 171
74 163
74 162
74 160
74 157
74 156
74 154
74 153
74 152
74 149
74 146
74 144
74 143
74 141
74 138
74 137
74 136
74 135
74 134
74 131
74 130
74 129
74 78
74 79
74 81
74 84
74 87
74 88
74 92
74 95
74 97
74 98
74 101
74 102
74 105
74 106
74 107
74 108
74 109
74 111
74 112
74 114
74 115
74 116
74 117
74 120
74 121
74 122
74 123
74 125
75 196
75 195
75 194
75 191
75 189
75 185
75 183
75 182
75 175
75 174
75 173
75 172
75 171
75 169
75 163
75 162
75 160
75 158
75 157
75 155
75 151
75 150
75 149
75 148
75 147
75 143
75 142
75 140
75 135
75 133
75 131
75 130
75 78
75 81
75 83
75 85
75 87
75 89
75 90
75 91
75 92
75 93
75 97
75 102
75 105
75 110
75 111
75 112
75 117
75 118
75 119
75 120
75 121
75 122
75 125
75 126
76 199
76 196
76 195
76 193
76 192
76 188
76 186
76 182
76 181
76 177
76 175
76 174
76 172
76 170
76 168
76 165
76 163
76 162
76 161
76 160
76 155
76 153
76 151
76 147
76 146
76 144
76 142
76 133
76 131
76 129
76 127
76 79
76 80
76 83
76 84
76 88
76 89
76 90
76 92
76 93
76 94
76 95
76 98
76 102
76 104
76 110
76 112
76 113
76 114
76 116
76 117
76 118
76 121
76 122
77 199
77 198
77 196
77 195
77 191
77 190
77 183
77 181
77 179
77 178
77 173
77 172
77 170
77 168
77 167
77 166
77 165
77 164
77 163
77 162
77 161
77 159
77 157
77 153
77 150
77 149
77 148
77 146
77 143
77 140
77 135
77 134
77 132
77 131
77 130
77 128
77 80
77 82
77 85
77 86
77 87
77 88
77 91
77 92
77 98
77 102
77 104
77 105
77 106
77 107
77 108
77 112
77 117
77 122
77 123
77 126
78 194
78 189
78 186
78 185
78 183
78 180
78 179
78 175
78 174
78 173
78 168
78 165
78 164
78 162
78 159
78 157
78 156
78 155
78 154
78 153
78 151
78 148
78 143
78 141
78 140
78 139
78 138
78 137
78 135
78 134
78 133
78 131
78 129
78 128
78 127
78 80
78 81
78 82
78 83
78 84
78 86
78 87
78 90
78 91
78 94
78 97
78 100
78 101
78 102
78 104
78 106
78 107
78 111
78 113
78 116
78 117
78 118
78 119
78 121
78 122
78 123
78 124
78 125
78 126
79 199
79 196
79 192
79 189
79 188
79 187
79 186
79 182
79 181
79 180
79 178
79 176
79 175
79 174
79 173
79 169
79 166
79 164
79 163
79 160
79 159
79 158
79 155
79 153
79 152
79 144
79 142
79 141
79 140
79 137
79 134
79 132
79 130
79 80
79 81
79 82
79 86
79 87
79 88
79 89
79 92
79 96
79 98
79 101
79 102
79 112
79 117
79 119
79 120
79 122
79 125
80 198
80 196
80 194
80 192
80 189
80 187
80 185
80 183
80 181
80 180
80 179
80 178
80 177
80 176
80 175
80 174
80 172
80 171
80 170
80 169
80 168
80 167
80 165
80 164
80 163
80 162
80 161
80 158
80 157
80 154
80 153
80 152
80 147
80 146
80 145
80 144
80 143
80 141
80 139
80 138
80 137
80 136
80 135
80 134
80 131
80 130
80 128
80 82
80 88
80 90
80 91
80 92
80 93
80 95
80 97
80 99
80 101
80 102
80 103
80 104
80 105
80 107
80 108
80 111
80 114
80 115
80 117
80 119
80 120
80 123
80 124
80 125
81 199
81 197
81 195
81 194
81 192
81 188
81 186
81 184
81 182
81 181
81 179
81 178
81 177
81 176
81 173
81 171
81 170
81 165
81 162
81 158
81 157
81 151
81 148
81 147
81 146
81 143
81 142
81 140
81 138
81 137
81 134
81 132
81 129
81 128
81 127
81 82
81 83
81 84
81 87
81 90
81 91
81 92
81 93
81 94
81 97
81 100
81 102
81 103
81 105
81 106
81 108
81 112
81 115
81 116
81 117
81 122
81 123
81 125
81 126
82 199
82 198
82 197
82 195
82 193
82 191
82 189
82 188
82 187
82 186
82 185
82 184
82 179
82 178
82 176
82 173
82 171
82 169
82 168
82 167
82 166
82 164
82 163
82 162
82 160
82 159
82 157
82 152
82 151
82 150
82 148
82 147
82 145
82 144
82 143
82 142
82 141
82 138
82 136
82 135
82 133
82 129
82 128
82 87
82 90
82 92
82 93
82 101
82 104
82 106
82 107
82 108
82 109
82 110
82 113
82 114
82 118
82 119
82 121
82 122
82 124
83 199
83 196
83 195
83 193
83 192
83 190
83 189
83 186
83 182
83 181
83 176
83 172
83 171
83 169
83 165
83 164
83 163
83 160
83 156
83 153
83 152
83 149
83 147
83 146
83 143
83 142
83 140
83 139
83 138
83 134
83 129
83 128
83 127
83 84
83 85
83 86
83 89
83 90
83 91
83 92
83 95
83 97
83 98
83 99
83 100
83 101
83 102
83 103
83 104
83 107
83 109
83 111
83 113
83 114
83 115
83 118
83 119
83 122
83 124
83 125
84 195
84 193
84 192
84 190
84 189
84 188
84 182
84 181
84 179
84 177
84 169
84 168
84 167
84 166
84 165
84 164
84 155
84 154
84 153
84 149
84 148
84 147
84 144
84 143
84 141
84 135
84 131
84 86
84 87
84 88
84 90
84 91
84 92
84 93
84 94
84 95
84 97
84 100
84 102
84 103
84 104
84 106
84 108
84 109
84 110
84 111
84 112
84 113
84 114
84 115
84 121
84 122
84 123
84 124
85 198
85 192
85 191
85 190
85 188
85 186
85 185
85 184
85 183
85 181
85 175
85 173
85 172
85 171
85 169
85 165
85 164
85 162
85 160
85 159
85 158
85 152
85 151
85 149
85 145
85 144
85 142
85 141
85 139
85 138
85 137
85 135
85 131
85 127
85 86
85 88
85 91
85 92
85 93
85 94
85 96
85 97
85 98
85 99
85 103
85 112
85 114
85 115
85 118
85 120
85 124
85 125
85 126
86 199
86 195
86 194
86 193
86 190
86 189
86 186
86 185
86 184
86 181
86 179
86 177
86 176
86 173
86 171
86 169
86 167
86 166
86 164
86 162
86 159
86 157
86 156
86 152
86 151
86 148
86 145
86 143
86 139
86 134
86 133
86 131
86 130
86 129
86 128
86 87
86 88
86 90
86 91
86 94
86 96
86 98
86 99
86 100
86 103
86 104
86 105
86 106
86 110
86 111
86 112
86 115
86 120
86 121
86 126
87 195
87 194
87 193
87 191
87 188
87 187
87 186
87 184
87 183
87 182
87 178
87 177
87 176
87 175
87 173
87 170
87 169
87 164
87 162
87 161
87 160
87 159
87 157
87 156
87 155
87 150
87 146
87 144
87 141
87 140
87 139
87 138
87 137
87 135
87 134
87 132
87 131
87 128
87 90
87 92
87 93
87 96
87 100
87 101
87 103
87 108
87 109
87 110
87 111
87 115
87 117
87 120
87 121
87 123
87 124
88 199
88 198
88 197
88 196
88 195
88 193
88 191
88 189
88 187
88 185
88 183
88 180
88 176
88 175
88 172
88 170
88 168
88 167
88 164
88 162
88 161
88 160
88 159
88 156
88 154
88 153
88 151
88 150
88 149
88 147
88 144
88 143
88 142
88 141
88 139
88 138
88 137
88 134
88 132
88 129
88 128
88 93
88 94
88 97
88 100
88 101
88 103
88 106
88 108
88 109
88 114
88 115
88 117
88 118
88 120
88 124
89 197
89 196
89 195
89 194
89 193
89 192
89 190
89 189
89 187
89 186
89 185
89 183
89 182
89 176
89 174
89 173
89 169
89 168
89 167
89 161
89 156
89 152
89 147
89 144
89 142
89 138
89 136
89 134
89 133
89 132
89 131
89 127
89 90
89 94
89 97
89 98
89 99
89 101
89 104
89 105
89 114
89 115
89 117
89 119
89 120
89 124
90 199
90 198
90 195
90 194
90 192
90 191
90 189
90 188
90 186
90 185
90 181
90 177
90 170
90 165
90 162
90 161
90 160
90 157
90 156
90 155
90 151
90 149
90 148
90 146
90 145
90 144
90 143
90 141
90 134
90 131
90 128
90 127
90 91
90 92
90 96
90 99
90 100
90 105
90 108
90 109
90 112
90 114
90 115
90 118
90 120
90 121
90 122
90 123
90 124
90 125
90 126
91 196
91 195
91 194
91 192
91 191
91 190
91 189
91 188
91 187
91 186
91 185
91 184
91 182
91 181
91 180
91 178
91 175
91 174
91 172
91 170
91 169
91 167
91 164
91 162
91 157
91 155
91 153
91 152
91 151
91 150
91 148
91 147
91 145
91 144
91 143
91 138
91 137
91 136
91 135
91 134
91 128
91 127
91 92
91 94
91 95
91 96
91 99
91 100
91 101
91 106
91 108
91 113
91 115
91 117
91 119
91 123
91 124
91 126
92 196
92 195
92 193
92 192
92 186
92 184
92 183
92 181
92 180
92 179
92 178
92 176
92 175
92 174
92 172
92 168
92 165
92 164
92 163
92 161
92 160
92 156
92 150
92 149
92 147
92 142
92 141
92 138
92 137
92 136
92 135
92 131
92 129
92 94
92 95
92 96
92 97
92 102
92 103
92 104
92 106
92 107
92 108
92 110
92 112
92 113
92 114
92 116
92 117
92 120
92 122
92 123
92 124
92 125
93 199
93 198
93 196
93 193
93 192
93 191
93 190
93 189
93 188
93 185
93 183
93 182
93 181
93 177
93 173
93 172
93 171
93 169
93 167
93 166
93 165
93 162
93 161
93 160
93 159
93 157
93 155
93 149
93 146
93 145
93 144
93 141
93 140
93 139
93 136
93 131
93 130
93 128
93 97
93 99
93 101
93 102
93 106
93 108
93 109
93 112
93 114
93 115
93 118
93 121
93 123
93 125
94 194
94 192
94 191
94 189
94 188
94 187
94 186
94 185
94 184
94 183
94 180
94 179
94 178
94 176
94 175
94 174
94 172
94 168
94 167
94 164
94 160
94 158
94 156
94 155
94 154
94 152
94 151
94 150
94 149
94 145
94 143
94 142
94 140
94 136
94 135
94 133
94 131
94 128
94 95
94 97
94 98
94 99
94 102
94 103
94 104
94 107
94 108
94 109
94 111
94 112
94 113
94 116
94 117
94 120
94 124
95 197
95 196
95 194
95 192
95 189
95 188
95 187
95 185
95 182
95 177
95 174
95 172
95 171
95 170
95 168
95 167
95 166
95 165
95 163
95 162
95 161
95 158
95 157
95 156
95 154
95 153
95 151
95 150
95 147
95 144
95 143
95 142
95 141
95 140
95 133
95 132
95 130
95 96
95 97
95 102
95 103
95 111
95 113
95 115
95 117
95 119
95 123
96 198
96 195
96 194
96 193
96 192
96 189
96 187
96 186
96 185
96 183
96 182
96 179
96 178
96 176
96 175
96 172
96 171
96 170
96 169
96 167
96 163
96 162
96 161
96 160
96 159
96 157
96 154
96 152
96 149
96 143
96 140
96 138
96 135
96 134
96 131
96 130
96 129
96 127
96 101
96 102
96 106
96 107
96 108
96 109
96 111
96 113
96 115
96 116
96 118
96 119
96 120
96 121
96 122
96 123
96 124
96 125
97 199
97 198
97 197
97 196
97 195
97 194
97 193
97 192
97 189
97 188
97 185
97 183
97 180
97 176
97 175
97 173
97 171
97 167
97 165
97 163
97 162
97 161
97 159
97 153
97 145
97 144
97 142
97 141
97 140
97 139
97 138
97 137
97 134
97 127
97 98
97 99
97 102
97 108
97 113
97 114
97 116
97 118
97 120
97 122
97 123
97 125
98 199
98 194
98 192
98 190
98 188
98 187
98 183
98 181
98 176
98 169
98 168
98 167
98 165
98 162
98 160
98 159
98 152
98 151
98 150
98 149
98 148
98 147
98 137
98 135
98 133
98 132
98 131
98 130
98 129
98 99
98 101
98 103
98 104
98 106
98 107
98 108
98 110
98 111
98 113
98 115
98 118
98 119
98 121
98 124
98 126
99 199
99 198
99 195
99 194
99 192
99 184
99 183
99 181
99 180
99 177
99 176
99 174
99 173
99 172
99 171
99 168
99 167
99 166
99 165
99 164
99 163
99 162
99 160
99 157
99 155
99 149
99 146
99 145
99 143
99 142
99 140
99 136
99 135
99 130
99 129
99 128
99 103
99 104
99 109
99 110
99 111
99 116
99 121
99 122
99 126
100 199
100 198
100 195
100 193
100 191
100 190
100 189
100 188
100 186
100 184
100 182
100 178
100 177
100 176
100 174
100 169
100 168
100 167
100 165
100 164
100 160
100 159
100 158
100 153
100 150
100 149
100 148
100 146
100 145
100 144
100 142
100 141
100 137
100 136
100 134
100 133
100 132
100 131
100 129
100 128
100 101
100 102
100 103
100 105
100 109
100 110
100 111
100 117
100 118
100 119
100 120
100 121
100 124
101 199
101 197
101 196
101 194
101 193
101 191
101 187
101 185
101 182
101 180
101 178
101 175
101 173
101 172
101 170
101 168
101 167
101 166
101 165
101 161
101 158
101 156
101 154
101 149
101 147
101 146
101 145
101 144
101 143
101 141
101 139
101 138
101 137
101 134
101 133
101 131
101 130
101 129
101 128
101 127
101 103
101 104
101 105
101 108
101 112
101 115
101 117
101 118
101 119
101 122
101 123
101 126
102 199
102 195
102 192
102 190
102 189
102 187
102 184
102 183
102 180
102 172
102 170
102 169
102 168
102 164
102 163
102 157
102 156
102 154
102 152
102 150
102 148
102 147
102 143
102 138
102 135
102 134
102 132
102 129
102 128
102 127
102 103
102 104
102 105
102 106
102 107
102 108
102 109
102 110
102 114
102 120
102 122
102 123
102 126
103 199
103 197
103 193
103 192
103 191
103 190
103 184
103 183
103 182
103 181
103 180
103 176
103 175
103 174
103 172
103 171
103 170
103 168
103 167
103 166
103 165
103 164
103 160
103 157
103 152
103 150
103 149
103 148
103 147
103 145
103 144
103 142
103 141
103 140
103 135
103 134
103 132
103 129
103 128
103 107
103 108
103 110
103 111
103 114
103 115
103 117
103 119
103 120
103 121
103 122
103 123
103 124
103 125
103 126
104 199
104 198
104 197
104 196
104 194
104 191
104 187
104 186
104 185
104 184
104 183
104 182
104 177
104 173
104 169
104 168
104 164
104 163
104 161
104 160
104 157
104 156
104 155
104 153
104 151
104 149
104 148
104 144
104 142
104 140
104 134
104 133
104 132
104 131
104 130
104 128
104 127
104 108
104 110
104 113
104 116
104 117
104 118
104 122
104 123
104 124
104 125
105 198
105 197
105 196
105 194
105 193
105 191
105 189
105 187
105 184
105 182
105 180
105 178
105 175
105 171
105 170
105 167
105 166
105 164
105 163
105 162
105 161
105 160
105 158
105 157
105 156
105 152
105 150
105 148
105 147
105 145
105 144
105 143
105 141
105 139
105 138
105 136
105 135
105 134
105 132
105 130
105 129
105 107
105 109
105 110
105 112
105 115
105 116
105 121
105 122
105 124
105 125
105 126
106 197
106 194
106 191
106 190
106 186
106 183
106 182
106 179
106 175
106 174
106 173
106 172
106 166
106 164
106 162
106 160
106 155
106 154
106 153
106 152
106 148
106 147
106 146
106 145
106 141
106 140
106 136
106 134
106 107
106 110
106 111
106 113
106 115
106 119
106 120
106 122
106 124
106 126
107 198
107 196
107 193
107 192
107 190
107 189
107 185
107 183
107 182
107 181
107 180
107 179
107 178
107 176
107 175
107 174
107 172
107 171
107 169
107 167
107 166
107 165
107 163
107 162
107 161
107 158
107 157
107 156
107 155
107 152
107 151
107 150
107 148
107 146
107 145
107 139
107 136
107 134
107 132
107 130
107 112
107 114
107 118
107 119
107 121
107 122
107 123
107 124
108 199
108 196
108 194
108 193
108 191
108 190
108 189
108 188
108 187
108 186
108 185
108 184
108 183
108 177
108 176
108 171
108 166
108 165
108 163
108 162
108 160
108 157
108 156
108 155
108 152
108 151
108 150
108 148
108 146
108 145
108 143
108 142
108 141
108 139
108 137
108 136
108 135
108 134
108 133
108 132
108 131
108 129
108 111
108 115
108 116
108 117
108 118
108 119
108 120
108 123
108 125
108 126
109 198
109 195
109 193
109 192
109 187
109 186
109 185
109 184
109 183
109 182
109 181
109 178
109 176
109 174
109 170
109 169
109 167
109 166
109 164
109 162
109 161
109 160
109 158
109 156
109 153
109 152
109 146
109 143
109 141
109 135
109 129
109 128
109 127
109 116
109 117
109 118
109 119
109 121
109 122
109 124
110 198
110 194
110 193
110 192
110 191
110 189
110 185
110 184
110 180
110 179
110 174
110 170
110 164
110 163
110 159
110 157
110 155
110 151
110 145
110 139
110 138
110 136
110 135
110 134
110 133
110 132
110 130
110 129
110 127
110 112
110 113
110 115
110 116
110 122
110 123
110 124
110 125
110 126
111 199
111 198
111 194
111 193
111 191
111 190
111 189
111 187
111 186
111 178
111 177
111 175
111 173
111 170
111 169
111 163
111 162
111 161
111 160
111 159
111 157
111 156
111 155
111 154
111 153
111 151
111 150
111 149
111 142
111 141
111 140
111 135
111 130
111 127
111 112
111 114
111 115
111 116
111 118
111 122
111 126
112 198
112 194
112 193
112 192
112 191
112 188
112 187
112 186
112 184
112 182
112 181
112 179
112 178
112 177
112 175
112 173
112 172
112 170
112 169
112 165
112 162
112 160
112 159
112 158
112 157
112 155
112 154
112 149
112 147
112 145
112 143
112 142
112 140
112 139
112 138
112 136
112 135
112 133
112 132
112 129
112 127
112 113
112 117
112 119
112 120
112 121
112 123
112 124
112 126
113 199
113 197
113 196
113 194
113 191
113 190
113 189
113 188
113 186
113 185
113 183
113 182
113 181
113 180
113 178
113 176
113 174
113 172
113 171
113 167
113 162
113 161
113 158
113 156
113 152
113 150
113 149
113 147
113 145
113 144
113 142
113 141
113 140
113 137
113 136
113 132
113 131
113 130
113 129
113 127
113 114
113 116
113 117
113 118
113 119
113 121
113 123
113 124
114 199
114 193
114 192
114 191
114 189
114 186
114 185
114 184
114 182
114 181
114 180
114 179
114 177
114 174
114 171
114 170
114 168
114 167
114 165
114 163
114 160
114 156
114 153
114 151
114 147
114 145
114 144
114 142
114 141
114 140
114 139
114 138
114 137
114 136
114 135
114 134
114 132
114 131
114 128
114 115
114 116
114 117
114 123
114 124
114 126
115 198
115 197
115 194
115 191
115 190
115 188
115 184
115 183
115 182
115 179
115 178
115 176
115 175
115 172
115 168
115 165
115 163
115 161
115 160
115 159
115 157
115 156
115 155
115 150
115 147
115 146
115 141
115 138
115 137
115 136
115 135
115 132
115 131
115 130
115 129
115 117
115 118
115 120
115 123
115 125
116 199
116 196
116 195
116 194
116 193
116 192
116 190
116 188
116 185
116 184
116 183
116 182
116 179
116 177
116 176
116 174
116 173
116 172
116 170
116 169
116 168
116 167
116 164
116 163
116 157
116 154
116 150
116 149
116 147
116 145
116 142
116 135
116 133
116 131
116 130
116 129
116 128
116 127
116 119
116 124
117 197
117 196
117 195
117 193
117 191
117 190
117 188
117 186
117 184
117 183
117 182
117 181
117 180
117 179
117 178
117 177
117 176
117 175
117 172
117 170
117 169
117 168
117 167
117 165
117 164
117 163
117 162
117 159
117 158
117 157
117 154
117 153
117 152
117 151
117 148
117 145
117 143
117 142
117 139
117 138
117 134
117 133
117 132
117 131
117 130
117 129
117 127
117 119
117 120
117 124
118 199
118 195
118 191
118 190
118 187
118 186
118 185
118 184
118 180
118 179
118 178
118 176
118 175
118 172
118 170
118 164
118 161
118 158
118 152
118 151
118 150
118 148
118 147
118 146
118 144
118 143
118 141
118 139
118 137
118 133
118 132
118 131
118 130
118 129
118 128
118 127
118 120
118 121
118 124
118 125
118 126
119 199
119 198
119 197
119 196
119 195
119 193
119 191
119 190
119 187
119 186
119 184
119 183
119 182
119 181
119 180
119 178
119 176
119 173
119 166
119 165
119 164
119 163
119 162
119 161
119 160
119 153
119 152
119 150
119 149
119 148
119 144
119 142
119 139
119 138
119 137
119 135
119 134
119 127
119 125
120 196
120 195
120 194
120 192
120 189
120 185
120 182
120 179
120 176
120 173
120 170
120 167
120 166
120 165
120 164
120 161
120 160
120 158
120 154
120 153
120 152
120 151
120 150
120 149
120 148
120 142
120 139
120 133
120 132
120 129
120 128
120 127
120 122
120 123
120 124
120 125
120 126
121 199
121 196
121 195
121 194
121 193
121 188
121 187
121 184
121 183
121 181
121 180
121 179
121 175
121 173
121 171
121 168
121 167
121 166
121 164
121 163
121 161
121 159
121 158
121 156
121 155
121 152
121 150
121 148
121 147
121 146
121 143
121 142
121 141
121 136
121 135
121 134
121 133
121 131
121 130
121 123
121 125
122 198
122 196
122 193
122 190
122 188
122 186
122 182
122 181
122 177
122 174
122 171
122 170
122 169
122 168
122 167
122 164
122 159
122 155
122 151
122 148
122 145
122 144
122 143
122 141
122 139
122 138
122 136
122 135
122 134
122 132
122 131
122 130
122 129
122 128
122 124
123 197
123 195
123 191
123 189
123 188
123 186
123 185
123 182
123 181
123 180
123 175
123 174
123 173
123 171
123 170
123 167
123 166
123 165
123 164
123 158
123 153
123 152
123 149
123 148
123 146
123 144
123 142
123 140
123 138
123 137
123 136
123 135
123 134
123 133
123 131
123 130
124 197
124 196
124 195
124 194
124 193
124 192
124 190
124 188
124 186
124 183
124 181
124 180
124 175
124 172
124 171
124 170
124 169
124 164
124 163
124 161
124 160
124 158
124 157
124 154
124 152
124 151
124 150
124 149
124 148
124 147
124 143
124 142
124 140
124 138
124 137
124 135
124 134
124 133
124 130
124 129
124 128
124 126
125 197
125 195
125 194
125 190
125 189
125 187
125 185
125 182
125 181
125 180
125 176
125 175
125 174
125 173
125 171
125 168
125 167
125 165
125 161
125 159
125 155
125 154
125 153
125 151
125 149
125 148
125 141
125 140
125 139
125 138
125 137
125 136
125 133
125 132
125 131
125 130
125 128
126 199
126 197
126 195
126 192
126 190
126 187
126 185
126 184
126 183
126 180
126 179
126 177
126 172
126 170
126 167
126 166
126 165
126 161
126 160
126 158
126 157
126 156
126 155
126 154
126 153
126 152
126 151
126 149
126 144
126 142
126 141
126 139
126 138
126 137
126 135
126 134
126 128
126 127
127 197
127 194
127 191
127 189
127 187
127 186
127 184
127 180
127 178
127 177
127 171
127 169
127 168
127 167
127 163
127 162
127 161
127 158
127 154
127 153
127 151
127 149
127 147
127 145
127 144
127 143
127 138
127 136
127 134
127 130
127 129
128 199
128 197
128 194
128 193
128 191
128 190
128 188
128 187
128 183
128 181
128 180
128 178
128 173
128 172
128 171
128 170
128 165
128 164
128 162
128 161
128 159
128 156
128 155
128 151
128 148
128 146
128 144
128 143
128 141
128 137
128 136
128 134
128 133
128 131
128 129
129 199
129 197
129 194
129 190
129 188
129 187
129 186
129 185
129 183
129 182
129 180
129 178
129 176
129 173
129 172
129 171
129 168
129 166
129 165
129 162
129 161
129 160
129 159
129 158
129 152
129 151
129 150
129 146
129 145
129 140
129 138
129 137
129 136
129 135
129 134
129 133
129 131
130 197
130 195
130 191
130 188
130 186
130 183
130 182
130 179
130 178
130 177
130 176
130 175
130 174
130 171
130 170
130 169
130 168
130 167
130 166
130 164
130 163
130 162
130 157
130 155
130 149
130 148
130 147
130 146
130 145
130 144
130 143
130 139
130 138
130 137
130 136
130 135
130 134
130 131
131 199
131 197
131 196
131 195
131 192
131 190
131 189
131 184
131 182
131 181
131 180
131 177
131 176
131 174
131 173
131 171
131 168
131 167
131 166
131 164
131 163
131 161
131 160
131 159
131 157
131 154
131 149
131 148
131 147
131 146
131 145
131 140
131 139
131 138
131 137
131 136
131 134
132 197
132 196
132 195
132 192
132 191
132 189
132 187
132 184
132 183
132 180
132 174
132 173
132 171
132 164
132 163
132 162
132 161
132 160
132 159
132 157
132 154
132 153
132 150
132 149
132 146
132 143
132 142
132 141
132 140
132 139
132 138
132 136
132 133
133 198
133 197
133 196
133 195
133 194
133 189
133 185
133 184
133 183
133 181
133 180
133 176
133 173
133 172
133 170
133 169
133 164
133 163
133 160
133 157
133 156
133 153
133 151
133 150
133 143
133 138
133 137
134 195
134 194
134 193
134 192
134 191
134 190
134 187
134 186
134 183
134 180
134 179
134 178
134 173
134 171
134 169
134 166
134 160
134 159
134 158
134 155
134 153
134 152
134 151
134 146
134 145
134 144
134 142
134 140
134 139
134 138
134 137
134 136
134 135
135 198
135 197
135 192
135 191
135 189
135 188
135 187
135 186
135 185
135 183
135 182
135 181
135 177
135 176
135 175
135 173
135 166
135 162
135 161
135 160
135 159
135 156
135 154
135 153
135 152
135 150
135 149
135 148
135 147
135 144
135 142
135 139
135 138
136 199
136 197
136 196
136 195
136 192
136 191
136 190
136 187
136 186
136 183
136 182
136 180
136 177
136 173
136 171
136 170
136 169
136 168
136 167
136 166
136 164
136 163
136 160
136 159
136 156
136 155
136 154
136 150
136 149
136 148
136 147
136 146
136 140
136 138
137 199
137 198
137 197
137 196
137 195
137 194
137 191
137 190
137 189
137 184
137 182
137 181
137 180
137 178
137 176
137 174
137 172
137 167
137 165
137 162
137 161
137 159
137 153
137 149
137 146
137 145
137 144
137 142
137 140
137 138
138 194
138 192
138 189
138 187
138 186
138 182
138 180
138 179
138 178
138 176
138 173
138 171
138 170
138 169
138 168
138 166
138 164
138 163
138 162
138 159
138 157
138 156
138 152
138 148
138 146
138 144
138 143
138 142
138 141
138 140
138 139
139 199
139 198
139 196
139 194
139 192
139 187
139 183
139 180
139 179
139 178
139 174
139 171
139 165
139 164
139 162
139 159
139 157
139 156
139 155
139 153
139 146
139 145
139 144
139 143
139 142
140 193
140 190
140 188
140 187
140 185
140 184
140 183
140 182
140 180
140 179
140 178
140 177
140 174
140 173
140 171
140 170
140 169
140 168
140 167
140 166
140 165
140 163
140 162
140 160
140 156
140 154
140 150
140 149
140 145
140 144
140 143
140 141
141 197
141 195
141 193
141 192
141 190
141 189
141 188
141 186
141 185
141 183
141 182
141 181
141 179
141 176
141 174
141 173
141 171
141 170
141 164
141 163
141 162
141 161
141 160
141 158
141 157
141 156
141 154
141 150
141 147
141 144
141 143
142 199
142 198
142 197
142 195
142 194
142 193
142 191
142 190
142 188
142 187
142 186
142 185
142 180
142 176
142 175
142 167
142 166
142 161
142 160
142 159
142 158
142 157
142 150
142 149
142 147
142 145
142 143
143 199
143 197
143 196
143 195
143 194
143 193
143 191
143 190
143 189
143 187
143 186
143 185
143 183
143 178
143 176
143 175
143 174
143 173
143 172
143 170
143 167
143 166
143 165
143 164
143 163
143 161
143 156
143 155
143 153
143 152
143 148
143 144
144 196
144 195
144 193
144 192
144 191
144 190
144 186
144 185
144 183
144 182
144 178
144 175
144 173
144 172
144 169
144 168
144 167
144 165
144 163
144 162
144 161
144 160
144 158
144 157
144 155
144 153
144 152
144 151
144 149
144 146
145 199
145 195
145 194
145 191
145 188
145 186
145 185
145 184
145 182
145 180
145 174
145 173
145 169
145 168
145 167
145 166
145 165
145 163
145 161
145 158
145 155
145 154
145 153
145 151
145 150
145 148
145 146
146 197
146 195
146 194
146 191
146 190
146 187
146 186
146 185
146 184
146 183
146 181
146 180
146 179
146 178
146 175
146 164
146 162
146 160
146 159
146 157
146 156
146 153
146 152
146 150
147 199
147 198
147 196
147 190
147 189
147 188
147 187
147 185
147 183
147 182
147 181
147 180
147 179
147 178
147 177
147 176
147 174
147 173
147 172
147 171
147 170
147 163
147 162
147 161
147 160
147 158
147 156
147 155
147 154
147 153
147 152
147 150
147 149
147 148
148 197
148 196
148 194
148 191
148 187
148 185
148 183
148 181
148 180
148 178
148 175
148 173
148 171
148 169
148 165
148 164
148 163
148 160
148 158
148 156
148 153
148 152
148 151
148 150
148 149
149 199
149 197
149 195
149 192
149 191
149 190
149 187
149 185
149 184
149 178
149 176
149 175
149 174
149 171
149 170
149 167
149 165
149 164
149 163
149 160
149 159
149 156
149 155
149 154
149 153
149 152
150 199
150 195
150 194
150 193
150 191
150 189
150 181
150 177
150 176
150 172
150 171
150 170
150 169
150 168
150 167
150 165
150 164
150 161
150 159
150 158
150 157
150 155
150 152
150 151
151 192
151 191
151 190
151 189
151 187
151 186
151 184
151 182
151 181
151 179
151 178
151 176
151 173
151 172
151 171
151 170
151 169
151 167
151 166
151 165
151 164
151 163
151 162
151 159
151 158
151 157
151 154
151 152
152 197
152 196
152 195
152 194
152 190
152 189
152 188
152 183
152 182
152 181
152 177
152 175
152 174
152 173
152 171
152 170
152 169
152 167
152 166
152 164
152 163
152 161
152 159
152 157
152 156
152 153
153 197
153 195
153 194
153 193
153 191
153 189
153 182
153 180
153 179
153 175
153 173
153 171
153 169
153 167
153 165
153 163
153 162
153 161
153 160
153 159
153 158
154 199
154 194
154 192
154 190
154 188
154 186
154 185
154 181
154 178
154 176
154 175
154 174
154 173
154 168
154 166
154 165
154 161
154 160
154 155
155 198
155 197
155 193
155 191
155 190
155 185
155 181
155 180
155 179
155 178
155 174
155 173
155 171
155 170
155 169
155 168
155 166
155 165
155 163
155 161
155 160
155 159
155 158
155 156
156 197
156 196
156 192
156 191
156 188
156 187
156 184
156 182
156 181
156 179
156 178
156 176
156 174
156 173
156 170
156 169
156 166
156 162
156 160
156 157
157 199
157 198
157 197
157 195
157 189
157 186
157 178
157 176
157 175
157 173
157 172
157 171
157 170
157 169
157 168
157 167
157 165
157 164
157 163
157 162
157 160
157 159
158 196
158 195
158 194
158 193
158 192
158 190
158 188
158 187
158 186
158 185
158 184
158 183
158 180
158 177
158 176
158 175
158 168
158 167
158 166
158 163
158 162
158 160
158 159
159 198
159 196
159 195
159 192
159 191
159 190
159 189
159 188
159 185
159 184
159 183
159 182
159 181
159 180
159 179
159 177
159 176
159 174
159 173
159 172
159 169
159 167
159 166
159 162
159 161
160 199
160 197
160 196
160 195
160 193
160 192
160 190
160 189
160 188
160 185
160 182
160 181
160 180
160 176
160 173
160 170
160 168
160 167
160 166
160 165
160 163
160 162
161 198
161 197
161 195
161 194
161 192
161 190
161 186
161 184
161 182
161 181
161 179
161 178
161 177
161 174
161 170
161 168
161 166
161 165
162 199
162 198
162 197
162 196
162 194
162 193
162 192
162 191
162 189
162 185
162 184
162 183
162 182
162 180
162 179
162 178
162 177
162 174
162 173
162 171
162 170
162 169
162 166
162 165
162 164
163 199
163 196
163 195
163 194
163 190
163 189
163 188
163 184
163 181
163 180
163 179
163 177
163 176
163 170
163 167
163 165
163 164
164 199
164 196
164 192
164 191
164 190
164 186
164 185
164 182
164 179
164 178
164 177
164 176
164 174
164 172
164 170
164 167
165 199
165 198
165 194
165 193
165 189
165 188
165 186
165 184
165 182
165 181
165 179
165 173
165 167
165 166
166 199
166 198
166 195
166 194
166 192
166 191
166 189
166 188
166 187
166 185
166 184
166 183
166 182
166 181
166 179
166 178
166 176
166 174
166 173
166 172
166 171
166 170
166 168
166 167
167 199
167 198
167 197
167 195
167 194
167 193
167 192
167 191
167 188
167 187
167 184
167 183
167 182
167 181
167 180
167 179
167 177
167 173
167 172
167 170
167 169
167 168
168 199
168 196
168 193
168 192
168 191
168 186
168 185
168 184
168 183
168 181
168 179
168 178
168 174
168 172
168 171
169 199
169 197
169 195
169 193
169 192
169 189
169 187
169 185
169 183
169 182
169 181
169 180
169 177
169 176
169 172
170 199
170 197
170 194
170 193
170 192
170 190
170 188
170 187
170 186
170 185
170 184
170 181
170 179
170 178
170 175
170 173
171 196
171 195
171 192
171 191
171 189
171 188
171 186
171 185
171 182
171 181
171 180
171 177
171 175
171 174
172 199
172 198
172 194
172 189
172 187
172 186
172 185
172 184
172 182
172 181
172 180
172 178
172 177
172 176
172 175
172 173
173 198
173 196
173 195
173 193
173 190
173 186
173 185
173 180
173 179
173 178
173 177
173 176
173 174
174 196
174 192
174 190
174 188
174 186
174 185
174 182
174 181
174 179
174 177
174 175
175 197
175 196
175 193
175 191
175 190
175 183
175 180
175 178
175 176
176 195
176 193
176 190
176 189
176 184
176 182
176 180
176 178
176 177
177 197
177 193
177 189
177 188
177 187
177 186
177 185
177 183
177 182
177 179
177 178
178 199
178 197
178 196
178 194
178 193
178 191
178 189
178 188
178 185
178 181
179 199
179 197
179 195
179 194
179 192
179 191
179 188
179 187
179 185
179 183
179 182
179 180
180 198
180 197
180 195
180 192
180 190
180 187
180 186
181 199
181 198
181 196
181 194
181 191
182 198
182 197
182 196
182 195
182 193
182 191
182 189
182 187
182 186
182 185
182 184
183 198
183 197
183 189
183 187
184 199
184 197
184 193
184 192
184 190
184 187
185 194
185 193
185 192
185 190
185 188
185 187
186 199
186 197
186 195
186 193
186 192
186 190
187 199
187 194
187 193
187 192
187 190
187 189
187 188
188 199
188 198
188 195
188 192
188 191
188 190
188 189
189 198
189 195
189 194
189 192
189 190
190 199
190 197
190 194
190 191
191 199
191 198
191 197
191 195
191 194
191 192
192 198
192 197
192 194
192 193
193 199
193 194
194 196
195 197
196 198
197 198
198 199