Loading graph from files:
    
    clique_150.txt
  ...graph loaded. It has 150 nodes and 11175 edges, 0 of which are self-loops.

The original graph has log2_aut = 872.86
Running for 150 iterations per trial...
Trial 0 for (noise-, noise+) = (0.5, -nan)


Adding: 

Removing: (0, 1), (0, 2), (0, 3), (0, 4), (0, 5), (0, 6), (0, 8), (0, 10), (0, 11), (0, 12), (0, 15), (0, 16), (0, 18), (0, 19), (0, 22), (0, 25), (0, 27), (0, 29), (0, 30), (0, 31), (0, 32), (0, 33), (0, 34), (0, 37), (0, 38), (0, 39), (0, 46), (0, 49), (0, 51), (0, 52), (0, 53), (0, 54), (0, 55), (0, 56), (0, 59), (0, 60), (0, 61), (0, 64), (0, 66), (0, 67), (0, 68), (0, 69), (0, 70), (0, 72), (0, 74), (0, 75), (0, 77), (0, 79), (0, 81), (0, 86), (0, 89), (0, 90), (0, 92), (0, 94), (0, 97), (0, 100), (0, 101), (0, 102), (0, 105), (0, 106), (0, 108), (0, 113), (0, 116), (0, 118), (0, 123), (0, 124), (0, 125), (0, 128), (0, 129), (0, 131), (0, 136), (0, 138), (0, 139), (0, 140), (0, 143), (0, 144), (0, 145), (0, 147), (0, 148), (0, 149), (1, 5), (1, 9), (1, 14), (1, 15), (1, 17), (1, 20), (1, 21), (1, 23), (1, 24), (1, 26), (1, 32), (1, 34), (1, 37), (1, 39), (1, 40), (1, 42), (1, 44), (1, 46), (1, 47), (1, 50), (1, 53), (1, 54), (1, 55), (1, 57), (1, 58), (1, 59), (1, 62), (1, 63), (1, 65), (1, 66), (1, 69), (1, 73), (1, 74), (1, 76), (1, 79), (1, 80), (1, 81), (1, 82), (1, 83), (1, 84), (1, 85), (1, 86), (1, 87), (1, 88), (1, 91), (1, 92), (1, 93), (1, 95), (1, 98), (1, 100), (1, 101), (1, 103), (1, 104), (1, 107), (1, 108), (1, 110), (1, 113), (1, 114), (1, 116), (1, 118), (1, 119), (1, 120), (1, 121), (1, 124), (1, 125), (1, 127), (1, 129), (1, 130), (1, 132), (1, 134), (1, 135), (1, 137), (1, 139), (1, 141), (1, 142), (1, 144), (1, 145), (1, 148), (1, 149), (2, 3), (2, 5), (2, 6), (2, 7), (2, 10), (2, 12), (2, 14), (2, 15), (2, 17), (2, 21), (2, 23), (2, 24), (2, 25), (2, 26), (2, 28), (2, 29), (2, 32), (2, 33), (2, 34), (2, 35), (2, 36), (2, 37), (2, 38), (2, 39), (2, 45), (2, 50), (2, 51), (2, 52), (2, 59), (2, 60), (2, 64), (2, 65), (2, 70), (2, 71), (2, 74), (2, 75), (2, 79), (2, 80), (2, 82), (2, 85), (2, 86), (2, 91), (2, 92), (2, 93), (2, 94), (2, 96), (2, 97), (2, 98), (2, 99), (2, 103), (2, 104), (2, 107), (2, 108), (2, 111), (2, 112), (2, 113), (2, 114), (2, 115), (2, 118), (2, 119), (2, 122), (2, 126), (2, 127), (2, 128), (2, 130), (2, 133), (2, 136), (2, 142), (2, 143), (2, 144), (2, 147), (2, 148), (3, 4), (3, 8), (3, 12), (3, 13), (3, 16), (3, 17), (3, 18), (3, 19), (3, 21), (3, 22), (3, 23), (3, 24), (3, 26), (3, 27), (3, 28), (3, 29), (3, 30), (3, 34), (3, 35), (3, 38), (3, 39), (3, 41), (3, 42), (3, 44), (3, 51), (3, 54), (3, 55), (3, 56), (3, 57), (3, 58), (3, 59), (3, 60), (3, 61), (3, 64), (3, 67), (3, 68), (3, 71), (3, 72), (3, 73), (3, 74), (3, 75), (3, 76), (3, 79), (3, 80), (3, 83), (3, 84), (3, 85), (3, 88), (3, 89), (3, 91), (3, 96), (3, 99), (3, 100), (3, 104), (3, 105), (3, 108), (3, 109), (3, 111), (3, 115), (3, 116), (3, 117), (3, 120), (3, 126), (3, 128), (3, 130), (3, 131), (3, 133), (3, 134), (3, 137), (3, 138), (3, 140), (3, 143), (3, 147), (4, 7), (4, 8), (4, 9), (4, 10), (4, 16), (4, 19), (4, 20), (4, 21), (4, 24), (4, 25), (4, 28), (4, 29), (4, 30), (4, 31), (4, 32), (4, 33), (4, 34), (4, 35), (4, 38), (4, 39), (4, 40), (4, 42), (4, 43), (4, 45), (4, 46), (4, 49), (4, 50), (4, 51), (4, 53), (4, 54), (4, 57), (4, 58), (4, 59), (4, 62), (4, 63), (4, 64), (4, 66), (4, 67), (4, 69), (4, 73), (4, 76), (4, 78), (4, 80), (4, 81), (4, 83), (4, 86), (4, 87), (4, 89), (4, 95), (4, 98), (4, 99), (4, 100), (4, 103), (4, 104), (4, 106), (4, 109), (4, 110), (4, 111), (4, 112), (4, 114), (4, 117), (4, 118), (4, 119), (4, 125), (4, 126), (4, 128), (4, 130), (4, 131), (4, 134), (4, 135), (4, 137), (4, 142), (4, 144), (4, 145), (4, 147), (4, 148), (5, 6), (5, 7), (5, 9), (5, 10), (5, 11), (5, 12), (5, 16), (5, 17), (5, 18), (5, 24), (5, 30), (5, 31), (5, 32), (5, 33), (5, 34), (5, 35), (5, 37), (5, 39), (5, 40), (5, 41), (5, 42), (5, 43), (5, 47), (5, 48), (5, 49), (5, 50), (5, 54), (5, 55), (5, 56), (5, 57), (5, 58), (5, 59), (5, 60), (5, 63), (5, 64), (5, 67), (5, 68), (5, 69), (5, 70), (5, 71), (5, 73), (5, 74), (5, 75), (5, 76), (5, 77), (5, 82), (5, 85), (5, 86), (5, 91), (5, 93), (5, 94), (5, 95), (5, 98), (5, 100), (5, 103), (5, 105), (5, 106), (5, 109), (5, 111), (5, 114), (5, 117), (5, 122), (5, 123), (5, 125), (5, 127), (5, 128), (5, 130), (5, 131), (5, 134), (5, 135), (5, 140), (5, 149), (6, 7), (6, 8), (6, 14), (6, 15), (6, 16), (6, 17), (6, 18), (6, 19), (6, 20), (6, 21), (6, 22), (6, 23), (6, 24), (6, 25), (6, 26), (6, 32), (6, 33), (6, 34), (6, 36), (6, 37), (6, 40), (6, 42), (6, 44), (6, 47), (6, 49), (6, 50), (6, 52), (6, 53), (6, 60), (6, 64), (6, 66), (6, 67), (6, 71), (6, 72), (6, 75), (6, 77), (6, 79), (6, 80), (6, 86), (6, 88), (6, 91), (6, 94), (6, 95), (6, 96), (6, 99), (6, 102), (6, 107), (6, 111), (6, 112), (6, 113), (6, 122), (6, 123), (6, 124), (6, 126), (6, 127), (6, 128), (6, 129), (6, 132), (6, 136), (6, 138), (6, 139), (6, 140), (6, 141), (6, 142), (6, 143), (6, 145), (6, 147), (6, 148), (6, 149), (7, 10), (7, 11), (7, 12), (7, 14), (7, 16), (7, 18), (7, 19), (7, 20), (7, 28), (7, 34), (7, 35), (7, 36), (7, 37), (7, 39), (7, 41), (7, 43), (7, 47), (7, 48), (7, 49), (7, 50), (7, 54), (7, 55), (7, 56), (7, 59), (7, 61), (7, 62), (7, 66), (7, 67), (7, 75), (7, 77), (7, 79), (7, 80), (7, 81), (7, 82), (7, 84), (7, 85), (7, 87), (7, 96), (7, 98), (7, 99), (7, 101), (7, 105), (7, 106), (7, 107), (7, 109), (7, 110), (7, 113), (7, 116), (7, 118), (7, 122), (7, 123), (7, 124), (7, 125), (7, 128), (7, 132), (7, 133), (7, 135), (7, 136), (7, 139), (7, 140), (7, 146), (7, 147), (7, 148), (7, 149), (8, 11), (8, 14), (8, 16), (8, 20), (8, 21), (8, 24), (8, 28), (8, 31), (8, 32), (8, 33), (8, 34), (8, 35), (8, 36), (8, 37), (8, 39), (8, 40), (8, 41), (8, 42), (8, 43), (8, 45), (8, 46), (8, 48), (8, 52), (8, 54), (8, 55), (8, 62), (8, 63), (8, 66), (8, 70), (8, 73), (8, 75), (8, 76), (8, 78), (8, 79), (8, 82), (8, 83), (8, 85), (8, 87), (8, 89), (8, 90), (8, 91), (8, 93), (8, 94), (8, 96), (8, 97), (8, 102), (8, 104), (8, 106), (8, 109), (8, 110), (8, 111), (8, 112), (8, 118), (8, 119), (8, 120), (8, 122), (8, 124), (8, 131), (8, 133), (8, 136), (8, 137), (8, 142), (8, 145), (8, 146), (8, 148), (8, 149), (9, 12), (9, 13), (9, 17), (9, 20), (9, 22), (9, 24), (9, 25), (9, 26), (9, 36), (9, 38), (9, 41), (9, 42), (9, 43), (9, 45), (9, 46), (9, 48), (9, 50), (9, 53), (9, 54), (9, 55), (9, 58), (9, 61), (9, 62), (9, 64), (9, 65), (9, 67), (9, 68), (9, 69), (9, 75), (9, 79), (9, 81), (9, 83), (9, 84), (9, 87), (9, 88), (9, 89), (9, 91), (9, 93), (9, 94), (9, 95), (9, 98), (9, 100), (9, 101), (9, 103), (9, 104), (9, 105), (9, 106), (9, 107), (9, 109), (9, 110), (9, 111), (9, 112), (9, 113), (9, 116), (9, 118), (9, 119), (9, 120), (9, 121), (9, 123), (9, 124), (9, 126), (9, 127), (9, 128), (9, 133), (9, 136), (9, 138), (9, 139), (9, 141), (9, 142), (9, 144), (9, 146), (9, 147), (9, 148), (9, 149), (10, 12), (10, 14), (10, 15), (10, 19), (10, 21), (10, 25), (10, 26), (10, 28), (10, 29), (10, 31), (10, 32), (10, 33), (10, 34), (10, 36), (10, 37), (10, 38), (10, 39), (10, 40), (10, 45), (10, 46), (10, 49), (10, 50), (10, 52), (10, 57), (10, 59), (10, 61), (10, 62), (10, 65), (10, 68), (10, 69), (10, 70), (10, 75), (10, 76), (10, 77), (10, 81), (10, 83), (10, 84), (10, 85), (10, 86), (10, 89), (10, 91), (10, 93), (10, 95), (10, 96), (10, 99), (10, 101), (10, 102), (10, 103), (10, 107), (10, 110), (10, 111), (10, 112), (10, 113), (10, 118), (10, 119), (10, 121), (10, 122), (10, 123), (10, 125), (10, 128), (10, 129), (10, 131), (10, 133), (10, 134), (10, 137), (10, 138), (10, 139), (10, 140), (10, 141), (10, 144), (10, 145), (10, 147), (10, 148), (10, 149), (11, 13), (11, 16), (11, 20), (11, 23), (11, 25), (11, 26), (11, 27), (11, 29), (11, 30), (11, 31), (11, 36), (11, 37), (11, 39), (11, 42), (11, 45), (11, 47), (11, 55), (11, 56), (11, 61), (11, 62), (11, 63), (11, 66), (11, 67), (11, 69), (11, 72), (11, 77), (11, 78), (11, 79), (11, 80), (11, 87), (11, 89), (11, 91), (11, 92), (11, 93), (11, 96), (11, 97), (11, 101), (11, 102), (11, 105), (11, 109), (11, 117), (11, 120), (11, 122), (11, 124), (11, 125), (11, 126), (11, 127), (11, 129), (11, 130), (11, 132), (11, 134), (11, 137), (11, 138), (11, 139), (11, 140), (11, 142), (11, 143), (11, 144), (11, 145), (11, 146), (11, 147), (11, 148), (11, 149), (12, 13), (12, 16), (12, 17), (12, 18), (12, 20), (12, 23), (12, 24), (12, 25), (12, 28), (12, 33), (12, 35), (12, 38), (12, 41), (12, 43), (12, 44), (12, 45), (12, 48), (12, 52), (12, 53), (12, 54), (12, 55), (12, 56), (12, 58), (12, 61), (12, 62), (12, 63), (12, 64), (12, 65), (12, 68), (12, 69), (12, 70), (12, 71), (12, 73), (12, 74), (12, 75), (12, 77), (12, 78), (12, 81), (12, 83), (12, 84), (12, 86), (12, 89), (12, 90), (12, 91), (12, 93), (12, 94), (12, 96), (12, 98), (12, 100), (12, 101), (12, 102), (12, 104), (12, 105), (12, 111), (12, 114), (12, 117), (12, 118), (12, 120), (12, 122), (12, 126), (12, 128), (12, 131), (12, 133), (12, 136), (12, 137), (12, 138), (12, 139), (12, 140), (12, 142), (12, 144), (12, 149), (13, 14), (13, 15), (13, 16), (13, 18), (13, 19), (13, 21), (13, 24), (13, 27), (13, 33), (13, 34), (13, 35), (13, 37), (13, 38), (13, 39), (13, 42), (13, 43), (13, 46), (13, 47), (13, 48), (13, 52), (13, 53), (13, 55), (13, 57), (13, 58), (13, 61), (13, 62), (13, 65), (13, 68), (13, 69), (13, 73), (13, 74), (13, 75), (13, 76), (13, 82), (13, 83), (13, 84), (13, 86), (13, 91), (13, 92), (13, 94), (13, 95), (13, 97), (13, 98), (13, 99), (13, 100), (13, 101), (13, 103), (13, 105), (13, 106), (13, 111), (13, 116), (13, 117), (13, 118), (13, 122), (13, 123), (13, 125), (13, 127), (13, 129), (13, 131), (13, 132), (13, 133), (13, 134), (13, 135), (13, 137), (13, 138), (13, 139), (13, 140), (13, 141), (13, 144), (13, 146), (13, 147), (13, 149), (14, 16), (14, 17), (14, 18), (14, 19), (14, 20), (14, 21), (14, 25), (14, 27), (14, 28), (14, 29), (14, 30), (14, 32), (14, 35), (14, 36), (14, 40), (14, 41), (14, 43), (14, 45), (14, 46), (14, 48), (14, 49), (14, 51), (14, 52), (14, 57), (14, 63), (14, 64), (14, 65), (14, 68), (14, 69), (14, 70), (14, 71), (14, 73), (14, 74), (14, 75), (14, 77), (14, 78), (14, 79), (14, 80), (14, 81), (14, 85), (14, 87), (14, 89), (14, 90), (14, 91), (14, 93), (14, 95), (14, 96), (14, 97), (14, 98), (14, 99), (14, 101), (14, 102), (14, 103), (14, 104), (14, 105), (14, 107), (14, 110), (14, 111), (14, 112), (14, 114), (14, 115), (14, 117), (14, 119), (14, 120), (14, 121), (14, 123), (14, 124), (14, 126), (14, 128), (14, 129), (14, 130), (14, 132), (14, 137), (14, 143), (15, 16), (15, 17), (15, 18), (15, 22), (15, 24), (15, 25), (15, 28), (15, 31), (15, 32), (15, 34), (15, 35), (15, 36), (15, 37), (15, 38), (15, 39), (15, 40), (15, 41), (15, 43), (15, 47), (15, 53), (15, 55), (15, 58), (15, 60), (15, 61), (15, 62), (15, 63), (15, 65), (15, 66), (15, 67), (15, 81), (15, 82), (15, 83), (15, 85), (15, 87), (15, 91), (15, 92), (15, 94), (15, 97), (15, 101), (15, 102), (15, 105), (15, 108), (15, 114), (15, 115), (15, 117), (15, 119), (15, 123), (15, 125), (15, 126), (15, 128), (15, 130), (15, 131), (15, 134), (15, 135), (15, 136), (15, 137), (15, 138), (15, 140), (15, 143), (15, 144), (15, 145), (15, 146), (15, 148), (15, 149), (16, 18), (16, 21), (16, 22), (16, 24), (16, 28), (16, 30), (16, 31), (16, 34), (16, 36), (16, 37), (16, 38), (16, 39), (16, 40), (16, 43), (16, 44), (16, 48), (16, 49), (16, 50), (16, 51), (16, 53), (16, 54), (16, 56), (16, 58), (16, 59), (16, 61), (16, 63), (16, 68), (16, 72), (16, 73), (16, 74), (16, 76), (16, 77), (16, 78), (16, 81), (16, 82), (16, 84), (16, 85), (16, 86), (16, 89), (16, 90), (16, 92), (16, 95), (16, 102), (16, 103), (16, 104), (16, 106), (16, 107), (16, 108), (16, 109), (16, 111), (16, 113), (16, 114), (16, 117), (16, 120), (16, 122), (16, 123), (16, 125), (16, 126), (16, 128), (16, 130), (16, 131), (16, 132), (16, 136), (16, 138), (16, 139), (16, 141), (16, 145), (16, 148), (17, 19), (17, 22), (17, 25), (17, 26), (17, 28), (17, 31), (17, 32), (17, 34), (17, 35), (17, 37), (17, 38), (17, 39), (17, 42), (17, 46), (17, 48), (17, 50), (17, 55), (17, 56), (17, 57), (17, 58), (17, 59), (17, 62), (17, 63), (17, 65), (17, 66), (17, 68), (17, 69), (17, 70), (17, 71), (17, 73), (17, 76), (17, 78), (17, 81), (17, 82), (17, 86), (17, 89), (17, 90), (17, 93), (17, 95), (17, 96), (17, 97), (17, 99), (17, 100), (17, 103), (17, 104), (17, 105), (17, 107), (17, 109), (17, 110), (17, 111), (17, 113), (17, 115), (17, 116), (17, 118), (17, 119), (17, 120), (17, 122), (17, 128), (17, 130), (17, 131), (17, 132), (17, 134), (17, 135), (17, 138), (17, 139), (17, 141), (17, 143), (17, 144), (17, 145), (17, 146), (17, 147), (17, 149), (18, 19), (18, 21), (18, 23), (18, 24), (18, 26), (18, 27), (18, 30), (18, 31), (18, 33), (18, 34), (18, 36), (18, 38), (18, 40), (18, 41), (18, 42), (18, 43), (18, 45), (18, 47), (18, 48), (18, 50), (18, 51), (18, 52), (18, 54), (18, 55), (18, 56), (18, 57), (18, 59), (18, 60), (18, 62), (18, 65), (18, 66), (18, 67), (18, 71), (18, 72), (18, 74), (18, 80), (18, 82), (18, 85), (18, 86), (18, 87), (18, 90), (18, 92), (18, 93), (18, 98), (18, 99), (18, 102), (18, 103), (18, 104), (18, 105), (18, 106), (18, 107), (18, 111), (18, 113), (18, 114), (18, 117), (18, 120), (18, 121), (18, 122), (18, 123), (18, 125), (18, 128), (18, 129), (18, 131), (18, 133), (18, 136), (18, 137), (18, 142), (18, 144), (18, 145), (18, 147), (18, 149), (19, 21), (19, 22), (19, 23), (19, 24), (19, 28), (19, 29), (19, 30), (19, 35), (19, 38), (19, 39), (19, 42), (19, 44), (19, 45), (19, 47), (19, 49), (19, 50), (19, 52), (19, 54), (19, 55), (19, 56), (19, 60), (19, 62), (19, 64), (19, 66), (19, 67), (19, 73), (19, 74), (19, 75), (19, 77), (19, 82), (19, 83), (19, 86), (19, 87), (19, 88), (19, 89), (19, 90), (19, 92), (19, 93), (19, 94), (19, 95), (19, 96), (19, 98), (19, 99), (19, 102), (19, 103), (19, 105), (19, 112), (19, 113), (19, 114), (19, 115), (19, 116), (19, 118), (19, 121), (19, 122), (19, 123), (19, 127), (19, 129), (19, 130), (19, 136), (19, 138), (19, 139), (19, 142), (19, 148), (20, 21), (20, 22), (20, 23), (20, 24), (20, 25), (20, 29), (20, 31), (20, 32), (20, 36), (20, 42), (20, 45), (20, 49), (20, 51), (20, 52), (20, 53), (20, 56), (20, 58), (20, 60), (20, 62), (20, 64), (20, 68), (20, 70), (20, 72), (20, 75), (20, 81), (20, 82), (20, 83), (20, 85), (20, 86), (20, 89), (20, 91), (20, 94), (20, 97), (20, 101), (20, 103), (20, 104), (20, 105), (20, 109), (20, 111), (20, 117), (20, 118), (20, 119), (20, 120), (20, 121), (20, 122), (20, 125), (20, 126), (20, 127), (20, 128), (20, 129), (20, 132), (20, 133), (20, 134), (20, 138), (20, 139), (20, 144), (20, 146), (20, 147), (21, 22), (21, 24), (21, 25), (21, 27), (21, 30), (21, 31), (21, 32), (21, 33), (21, 35), (21, 38), (21, 41), (21, 44), (21, 49), (21, 50), (21, 53), (21, 63), (21, 64), (21, 67), (21, 69), (21, 70), (21, 71), (21, 72), (21, 73), (21, 74), (21, 78), (21, 79), (21, 81), (21, 82), (21, 84), (21, 87), (21, 98), (21, 101), (21, 104), (21, 105), (21, 106), (21, 110), (21, 112), (21, 114), (21, 115), (21, 116), (21, 118), (21, 119), (21, 121), (21, 122), (21, 123), (21, 126), (21, 127), (21, 128), (21, 130), (21, 132), (21, 135), (21, 136), (21, 141), (21, 142), (21, 143), (21, 145), (22, 24), (22, 25), (22, 29), (22, 31), (22, 32), (22, 34), (22, 37), (22, 38), (22, 39), (22, 41), (22, 45), (22, 46), (22, 47), (22, 49), (22, 50), (22, 51), (22, 53), (22, 54), (22, 55), (22, 56), (22, 57), (22, 58), (22, 60), (22, 63), (22, 64), (22, 65), (22, 67), (22, 68), (22, 72), (22, 73), (22, 76), (22, 79), (22, 82), (22, 84), (22, 88), (22, 93), (22, 94), (22, 95), (22, 96), (22, 97), (22, 98), (22, 99), (22, 101), (22, 102), (22, 103), (22, 105), (22, 107), (22, 110), (22, 112), (22, 114), (22, 115), (22, 117), (22, 119), (22, 120), (22, 121), (22, 127), (22, 128), (22, 129), (22, 131), (22, 132), (22, 133), (22, 134), (22, 137), (22, 139), (22, 140), (22, 141), (22, 143), (22, 145), (22, 146), (22, 149), (23, 24), (23, 26), (23, 28), (23, 29), (23, 30), (23, 31), (23, 32), (23, 33), (23, 34), (23, 35), (23, 38), (23, 39), (23, 41), (23, 45), (23, 46), (23, 47), (23, 48), (23, 49), (23, 50), (23, 55), (23, 56), (23, 59), (23, 62), (23, 67), (23, 68), (23, 73), (23, 75), (23, 77), (23, 81), (23, 82), (23, 87), (23, 88), (23, 92), (23, 93), (23, 96), (23, 98), (23, 100), (23, 102), (23, 103), (23, 104), (23, 105), (23, 107), (23, 109), (23, 111), (23, 116), (23, 117), (23, 118), (23, 120), (23, 122), (23, 126), (23, 128), (23, 131), (23, 133), (23, 135), (23, 136), (23, 137), (23, 138), (23, 141), (23, 142), (23, 143), (23, 144), (23, 145), (23, 146), (23, 148), (24, 25), (24, 29), (24, 30), (24, 32), (24, 33), (24, 34), (24, 35), (24, 38), (24, 41), (24, 42), (24, 46), (24, 47), (24, 48), (24, 50), (24, 53), (24, 54), (24, 57), (24, 59), (24, 61), (24, 63), (24, 65), (24, 66), (24, 67), (24, 68), (24, 69), (24, 70), (24, 71), (24, 73), (24, 74), (24, 75), (24, 76), (24, 78), (24, 80), (24, 81), (24, 83), (24, 88), (24, 94), (24, 95), (24, 98), (24, 99), (24, 100), (24, 101), (24, 106), (24, 107), (24, 108), (24, 109), (24, 110), (24, 111), (24, 113), (24, 115), (24, 116), (24, 119), (24, 120), (24, 122), (24, 126), (24, 128), (24, 129), (24, 130), (24, 133), (24, 135), (24, 137), (24, 138), (24, 139), (24, 140), (24, 141), (24, 142), (24, 145), (24, 146), (24, 147), (25, 26), (25, 27), (25, 30), (25, 32), (25, 36), (25, 37), (25, 40), (25, 41), (25, 42), (25, 43), (25, 44), (25, 46), (25, 47), (25, 51), (25, 52), (25, 53), (25, 57), (25, 58), (25, 60), (25, 61), (25, 64), (25, 68), (25, 70), (25, 71), (25, 72), (25, 73), (25, 75), (25, 78), (25, 79), (25, 80), (25, 81), (25, 82), (25, 84), (25, 86), (25, 89), (25, 90), (25, 92), (25, 96), (25, 97), (25, 101), (25, 103), (25, 106), (25, 107), (25, 108), (25, 109), (25, 110), (25, 111), (25, 112), (25, 113), (25, 114), (25, 116), (25, 118), (25, 119), (25, 120), (25, 122), (25, 128), (25, 130), (25, 131), (25, 133), (25, 137), (25, 139), (25, 142), (25, 147), (25, 148), (26, 27), (26, 29), (26, 30), (26, 35), (26, 37), (26, 43), (26, 46), (26, 47), (26, 49), (26, 53), (26, 55), (26, 56), (26, 57), (26, 58), (26, 60), (26, 61), (26, 62), (26, 63), (26, 64), (26, 68), (26, 69), (26, 71), (26, 73), (26, 74), (26, 75), (26, 79), (26, 84), (26, 85), (26, 86), (26, 88), (26, 92), (26, 93), (26, 94), (26, 97), (26, 102), (26, 105), (26, 107), (26, 110), (26, 113), (26, 114), (26, 120), (26, 122), (26, 123), (26, 125), (26, 126), (26, 127), (26, 128), (26, 129), (26, 131), (26, 133), (26, 134), (26, 135), (26, 136), (26, 137), (26, 138), (26, 142), (26, 143), (26, 147), (26, 148), (27, 28), (27, 29), (27, 30), (27, 31), (27, 33), (27, 34), (27, 35), (27, 38), (27, 39), (27, 41), (27, 42), (27, 43), (27, 44), (27, 45), (27, 46), (27, 47), (27, 48), (27, 49), (27, 50), (27, 53), (27, 58), (27, 60), (27, 61), (27, 62), (27, 64), (27, 71), (27, 72), (27, 75), (27, 76), (27, 78), (27, 79), (27, 80), (27, 81), (27, 89), (27, 90), (27, 92), (27, 93), (27, 95), (27, 97), (27, 98), (27, 101), (27, 102), (27, 103), (27, 104), (27, 107), (27, 110), (27, 111), (27, 112), (27, 114), (27, 116), (27, 117), (27, 118), (27, 119), (27, 121), (27, 122), (27, 124), (27, 125), (27, 128), (27, 129), (27, 132), (27, 133), (27, 134), (27, 136), (27, 137), (27, 138), (27, 141), (27, 143), (27, 144), (27, 148), (27, 149), (28, 33), (28, 39), (28, 40), (28, 41), (28, 45), (28, 47), (28, 48), (28, 51), (28, 52), (28, 53), (28, 54), (28, 55), (28, 56), (28, 57), (28, 61), (28, 62), (28, 63), (28, 67), (28, 69), (28, 71), (28, 72), (28, 76), (28, 77), (28, 79), (28, 80), (28, 81), (28, 82), (28, 84), (28, 88), (28, 90), (28, 91), (28, 92), (28, 93), (28, 94), (28, 99), (28, 101), (28, 106), (28, 107), (28, 110), (28, 111), (28, 113), (28, 119), (28, 120), (28, 123), (28, 124), (28, 125), (28, 128), (28, 130), (28, 132), (28, 133), (28, 134), (28, 137), (28, 139), (28, 140), (28, 141), (28, 142), (28, 145), (28, 147), (28, 148), (29, 31), (29, 34), (29, 35), (29, 37), (29, 38), (29, 43), (29, 44), (29, 46), (29, 48), (29, 50), (29, 52), (29, 53), (29, 54), (29, 60), (29, 62), (29, 64), (29, 65), (29, 66), (29, 67), (29, 68), (29, 69), (29, 71), (29, 72), (29, 74), (29, 77), (29, 78), (29, 79), (29, 86), (29, 88), (29, 90), (29, 92), (29, 93), (29, 95), (29, 97), (29, 99), (29, 100), (29, 104), (29, 105), (29, 106), (29, 108), (29, 114), (29, 117), (29, 119), (29, 122), (29, 123), (29, 126), (29, 132), (29, 133), (29, 137), (29, 138), (29, 140), (29, 142), (29, 143), (29, 149), (30, 31), (30, 32), (30, 33), (30, 34), (30, 35), (30, 38), (30, 39), (30, 40), (30, 44), (30, 45), (30, 47), (30, 49), (30, 50), (30, 53), (30, 55), (30, 56), (30, 57), (30, 59), (30, 60), (30, 61), (30, 63), (30, 64), (30, 69), (30, 72), (30, 73), (30, 74), (30, 75), (30, 76), (30, 79), (30, 80), (30, 82), (30, 84), (30, 85), (30, 86), (30, 87), (30, 89), (30, 91), (30, 92), (30, 93), (30, 96), (30, 99), (30, 100), (30, 101), (30, 102), (30, 105), (30, 106), (30, 107), (30, 111), (30, 112), (30, 114), (30, 118), (30, 121), (30, 122), (30, 123), (30, 125), (30, 129), (30, 132), (30, 133), (30, 134), (30, 135), (30, 137), (30, 140), (30, 142), (30, 145), (30, 147), (30, 149), (31, 32), (31, 35), (31, 37), (31, 41), (31, 42), (31, 48), (31, 49), (31, 51), (31, 52), (31, 53), (31, 55), (31, 57), (31, 59), (31, 60), (31, 61), (31, 63), (31, 64), (31, 66), (31, 67), (31, 74), (31, 75), (31, 77), (31, 80), (31, 81), (31, 82), (31, 84), (31, 85), (31, 86), (31, 87), (31, 88), (31, 89), (31, 91), (31, 92), (31, 93), (31, 94), (31, 95), (31, 98), (31, 99), (31, 100), (31, 101), (31, 103), (31, 112), (31, 113), (31, 115), (31, 116), (31, 118), (31, 119), (31, 121), (31, 123), (31, 126), (31, 127), (31, 129), (31, 132), (31, 133), (31, 134), (31, 138), (31, 139), (31, 141), (31, 142), (31, 143), (31, 149), (32, 33), (32, 34), (32, 35), (32, 37), (32, 38), (32, 41), (32, 44), (32, 45), (32, 46), (32, 48), (32, 51), (32, 52), (32, 53), (32, 54), (32, 55), (32, 56), (32, 59), (32, 60), (32, 65), (32, 67), (32, 68), (32, 72), (32, 73), (32, 76), (32, 77), (32, 79), (32, 81), (32, 82), (32, 83), (32, 84), (32, 86), (32, 90), (32, 93), (32, 95), (32, 99), (32, 101), (32, 107), (32, 114), (32, 116), (32, 117), (32, 118), (32, 120), (32, 122), (32, 124), (32, 125), (32, 126), (32, 127), (32, 131), (32, 132), (32, 133), (32, 135), (32, 137), (32, 141), (32, 143), (32, 144), (32, 145), (32, 147), (32, 148), (33, 36), (33, 37), (33, 39), (33, 42), (33, 44), (33, 47), (33, 48), (33, 49), (33, 51), (33, 52), (33, 54), (33, 56), (33, 58), (33, 61), (33, 62), (33, 63), (33, 66), (33, 67), (33, 68), (33, 70), (33, 72), (33, 73), (33, 75), (33, 78), (33, 80), (33, 81), (33, 85), (33, 87), (33, 89), (33, 92), (33, 95), (33, 97), (33, 98), (33, 102), (33, 105), (33, 106), (33, 108), (33, 111), (33, 112), (33, 114), (33, 117), (33, 120), (33, 121), (33, 123), (33, 125), (33, 127), (33, 128), (33, 129), (33, 130), (33, 131), (33, 135), (33, 136), (33, 138), (33, 139), (33, 142), (33, 143), (33, 148), (33, 149), (34, 35), (34, 38), (34, 39), (34, 42), (34, 44), (34, 46), (34, 49), (34, 52), (34, 53), (34, 55), (34, 56), (34, 58), (34, 59), (34, 62), (34, 68), (34, 69), (34, 71), (34, 72), (34, 74), (34, 76), (34, 78), (34, 82), (34, 83), (34, 84), (34, 87), (34, 88), (34, 89), (34, 100), (34, 101), (34, 103), (34, 104), (34, 105), (34, 106), (34, 110), (34, 112), (34, 113), (34, 114), (34, 120), (34, 121), (34, 122), (34, 123), (34, 125), (34, 128), (34, 129), (34, 130), (34, 134), (34, 135), (34, 137), (34, 138), (34, 141), (34, 143), (34, 144), (34, 145), (34, 146), (34, 147), (34, 149), (35, 36), (35, 37), (35, 38), (35, 40), (35, 41), (35, 42), (35, 43), (35, 45), (35, 48), (35, 51), (35, 54), (35, 55), (35, 56), (35, 58), (35, 60), (35, 61), (35, 62), (35, 65), (35, 66), (35, 67), (35, 68), (35, 70), (35, 71), (35, 73), (35, 74), (35, 78), (35, 80), (35, 87), (35, 88), (35, 92), (35, 93), (35, 94), (35, 95), (35, 96), (35, 98), (35, 99), (35, 100), (35, 103), (35, 104), (35, 105), (35, 106), (35, 108), (35, 110), (35, 111), (35, 112), (35, 114), (35, 116), (35, 117), (35, 120), (35, 121), (35, 122), (35, 123), (35, 124), (35, 126), (35, 129), (35, 130), (35, 132), (35, 133), (35, 136), (35, 137), (35, 138), (35, 139), (35, 140), (35, 141), (35, 143), (35, 144), (35, 145), (35, 146), (35, 147), (35, 148), (36, 38), (36, 39), (36, 40), (36, 43), (36, 44), (36, 45), (36, 46), (36, 47), (36, 50), (36, 51), (36, 52), (36, 56), (36, 59), (36, 60), (36, 61), (36, 62), (36, 63), (36, 64), (36, 65), (36, 66), (36, 68), (36, 75), (36, 77), (36, 78), (36, 79), (36, 80), (36, 85), (36, 87), (36, 88), (36, 91), (36, 93), (36, 96), (36, 99), (36, 106), (36, 107), (36, 111), (36, 119), (36, 120), (36, 124), (36, 125), (36, 129), (36, 130), (36, 131), (36, 136), (36, 138), (36, 139), (36, 140), (36, 141), (36, 142), (36, 144), (36, 147), (36, 148), (37, 44), (37, 47), (37, 49), (37, 50), (37, 51), (37, 57), (37, 59), (37, 63), (37, 66), (37, 68), (37, 69), (37, 72), (37, 73), (37, 74), (37, 75), (37, 79), (37, 81), (37, 82), (37, 83), (37, 84), (37, 86), (37, 88), (37, 93), (37, 94), (37, 96), (37, 99), (37, 101), (37, 105), (37, 108), (37, 111), (37, 112), (37, 113), (37, 114), (37, 115), (37, 117), (37, 120), (37, 125), (37, 126), (37, 127), (37, 128), (37, 129), (37, 130), (37, 134), (37, 135), (37, 138), (37, 142), (37, 143), (37, 145), (37, 148), (38, 42), (38, 43), (38, 45), (38, 47), (38, 49), (38, 50), (38, 51), (38, 52), (38, 53), (38, 54), (38, 58), (38, 59), (38, 60), (38, 63), (38, 66), (38, 67), (38, 68), (38, 70), (38, 71), (38, 72), (38, 74), (38, 75), (38, 76), (38, 77), (38, 78), (38, 79), (38, 83), (38, 86), (38, 90), (38, 92), (38, 93), (38, 94), (38, 95), (38, 97), (38, 98), (38, 103), (38, 105), (38, 106), (38, 107), (38, 110), (38, 113), (38, 115), (38, 116), (38, 117), (38, 119), (38, 121), (38, 122), (38, 123), (38, 125), (38, 126), (38, 131), (38, 132), (38, 134), (38, 136), (38, 140), (38, 141), (38, 144), (38, 145), (38, 148), (38, 149), (39, 40), (39, 41), (39, 42), (39, 45), (39, 46), (39, 48), (39, 49), (39, 50), (39, 51), (39, 53), (39, 55), (39, 57), (39, 61), (39, 65), (39, 68), (39, 69), (39, 70), (39, 73), (39, 75), (39, 76), (39, 77), (39, 80), (39, 83), (39, 84), (39, 85), (39, 86), (39, 87), (39, 88), (39, 89), (39, 90), (39, 92), (39, 95), (39, 97), (39, 99), (39, 102), (39, 103), (39, 104), (39, 105), (39, 106), (39, 107), (39, 108), (39, 109), (39, 110), (39, 111), (39, 112), (39, 113), (39, 116), (39, 117), (39, 119), (39, 122), (39, 126), (39, 129), (39, 130), (39, 132), (39, 133), (39, 134), (39, 135), (39, 137), (39, 139), (39, 140), (39, 141), (39, 142), (39, 145), (39, 149), (40, 42), (40, 43), (40, 44), (40, 46), (40, 47), (40, 54), (40, 55), (40, 58), (40, 60), (40, 62), (40, 63), (40, 66), (40, 67), (40, 70), (40, 71), (40, 73), (40, 75), (40, 87), (40, 89), (40, 90), (40, 91), (40, 93), (40, 94), (40, 103), (40, 105), (40, 106), (40, 107), (40, 108), (40, 111), (40, 112), (40, 113), (40, 115), (40, 116), (40, 117), (40, 118), (40, 119), (40, 121), (40, 122), (40, 124), (40, 128), (40, 131), (40, 134), (40, 136), (40, 137), (40, 138), (40, 140), (40, 141), (40, 143), (40, 144), (40, 145), (40, 146), (40, 149), (41, 44), (41, 46), (41, 47), (41, 49), (41, 52), (41, 53), (41, 55), (41, 56), (41, 57), (41, 58), (41, 59), (41, 61), (41, 62), (41, 63), (41, 65), (41, 66), (41, 67), (41, 69), (41, 70), (41, 71), (41, 72), (41, 73), (41, 74), (41, 75), (41, 76), (41, 80), (41, 81), (41, 82), (41, 83), (41, 84), (41, 85), (41, 89), (41, 93), (41, 95), (41, 100), (41, 101), (41, 104), (41, 108), (41, 109), (41, 110), (41, 111), (41, 112), (41, 115), (41, 116), (41, 119), (41, 123), (41, 124), (41, 127), (41, 128), (41, 130), (41, 132), (41, 133), (41, 135), (41, 136), (41, 138), (41, 143), (41, 145), (41, 147), (41, 148), (42, 44), (42, 46), (42, 47), (42, 48), (42, 55), (42, 56), (42, 58), (42, 59), (42, 60), (42, 63), (42, 64), (42, 67), (42, 70), (42, 71), (42, 75), (42, 78), (42, 83), (42, 84), (42, 85), (42, 87), (42, 92), (42, 99), (42, 101), (42, 104), (42, 108), (42, 110), (42, 112), (42, 115), (42, 116), (42, 117), (42, 118), (42, 120), (42, 123), (42, 124), (42, 126), (42, 127), (42, 128), (42, 129), (42, 131), (42, 137), (42, 140), (42, 141), (42, 148), (43, 44), (43, 45), (43, 47), (43, 49), (43, 51), (43, 52), (43, 53), (43, 56), (43, 57), (43, 59), (43, 62), (43, 63), (43, 64), (43, 65), (43, 66), (43, 67), (43, 68), (43, 69), (43, 72), (43, 74), (43, 77), (43, 78), (43, 80), (43, 83), (43, 84), (43, 85), (43, 86), (43, 88), (43, 89), (43, 90), (43, 95), (43, 98), (43, 102), (43, 103), (43, 105), (43, 106), (43, 109), (43, 114), (43, 116), (43, 117), (43, 120), (43, 126), (43, 127), (43, 129), (43, 130), (43, 131), (43, 132), (43, 138), (43, 139), (43, 140), (43, 141), (43, 142), (43, 143), (43, 144), (43, 146), (44, 45), (44, 49), (44, 56), (44, 59), (44, 64), (44, 69), (44, 71), (44, 72), (44, 74), (44, 75), (44, 76), (44, 78), (44, 80), (44, 81), (44, 83), (44, 88), (44, 89), (44, 90), (44, 91), (44, 92), (44, 95), (44, 97), (44, 99), (44, 102), (44, 103), (44, 107), (44, 108), (44, 109), (44, 110), (44, 114), (44, 115), (44, 116), (44, 118), (44, 122), (44, 124), (44, 125), (44, 127), (44, 128), (44, 129), (44, 130), (44, 131), (44, 135), (44, 137), (44, 142), (44, 143), (44, 144), (45, 46), (45, 47), (45, 49), (45, 50), (45, 54), (45, 56), (45, 57), (45, 59), (45, 60), (45, 65), (45, 66), (45, 70), (45, 71), (45, 73), (45, 74), (45, 76), (45, 78), (45, 80), (45, 82), (45, 83), (45, 86), (45, 87), (45, 89), (45, 90), (45, 93), (45, 95), (45, 97), (45, 100), (45, 102), (45, 103), (45, 104), (45, 106), (45, 107), (45, 108), (45, 109), (45, 110), (45, 112), (45, 113), (45, 115), (45, 117), (45, 118), (45, 121), (45, 125), (45, 126), (45, 130), (45, 131), (45, 134), (45, 135), (45, 137), (45, 138), (45, 139), (45, 141), (45, 143), (45, 146), (45, 148), (46, 47), (46, 48), (46, 50), (46, 51), (46, 52), (46, 53), (46, 55), (46, 61), (46, 62), (46, 64), (46, 72), (46, 73), (46, 74), (46, 77), (46, 79), (46, 80), (46, 83), (46, 87), (46, 88), (46, 89), (46, 90), (46, 91), (46, 92), (46, 93), (46, 95), (46, 96), (46, 100), (46, 104), (46, 106), (46, 108), (46, 109), (46, 112), (46, 113), (46, 114), (46, 115), (46, 116), (46, 119), (46, 120), (46, 121), (46, 126), (46, 127), (46, 128), (46, 129), (46, 131), (46, 133), (46, 134), (46, 137), (46, 139), (46, 141), (46, 143), (46, 144), (46, 145), (46, 148), (46, 149), (47, 51), (47, 54), (47, 56), (47, 59), (47, 61), (47, 62), (47, 64), (47, 66), (47, 69), (47, 73), (47, 76), (47, 78), (47, 79), (47, 81), (47, 82), (47, 83), (47, 84), (47, 86), (47, 88), (47, 89), (47, 90), (47, 91), (47, 96), (47, 97), (47, 100), (47, 102), (47, 104), (47, 106), (47, 107), (47, 111), (47, 112), (47, 113), (47, 114), (47, 116), (47, 117), (47, 118), (47, 119), (47, 120), (47, 121), (47, 123), (47, 124), (47, 127), (47, 129), (47, 130), (47, 131), (47, 132), (47, 133), (47, 134), (47, 135), (47, 136), (47, 137), (47, 140), (47, 142), (47, 143), (47, 144), (47, 145), (47, 146), (47, 147), (47, 148), (47, 149), (48, 51), (48, 52), (48, 55), (48, 56), (48, 57), (48, 59), (48, 61), (48, 62), (48, 66), (48, 67), (48, 74), (48, 75), (48, 76), (48, 77), (48, 78), (48, 79), (48, 82), (48, 83), (48, 84), (48, 85), (48, 89), (48, 93), (48, 94), (48, 96), (48, 100), (48, 102), (48, 104), (48, 105), (48, 106), (48, 107), (48, 108), (48, 110), (48, 112), (48, 113), (48, 118), (48, 119), (48, 121), (48, 123), (48, 125), (48, 128), (48, 131), (48, 133), (48, 134), (48, 137), (48, 138), (48, 139), (48, 141), (48, 142), (48, 144), (48, 146), (48, 147), (48, 148), (48, 149), (49, 50), (49, 51), (49, 54), (49, 55), (49, 59), (49, 60), (49, 63), (49, 64), (49, 65), (49, 66), (49, 67), (49, 69), (49, 72), (49, 73), (49, 74), (49, 77), (49, 78), (49, 80), (49, 83), (49, 84), (49, 87), (49, 88), (49, 90), (49, 92), (49, 93), (49, 94), (49, 96), (49, 97), (49, 99), (49, 102), (49, 104), (49, 105), (49, 106), (49, 107), (49, 108), (49, 109), (49, 110), (49, 115), (49, 119), (49, 121), (49, 122), (49, 123), (49, 126), (49, 127), (49, 128), (49, 130), (49, 131), (49, 136), (49, 140), (49, 141), (49, 147), (49, 148), (50, 51), (50, 52), (50, 56), (50, 57), (50, 60), (50, 63), (50, 64), (50, 66), (50, 67), (50, 72), (50, 76), (50, 77), (50, 78), (50, 79), (50, 80), (50, 84), (50, 86), (50, 87), (50, 90), (50, 91), (50, 93), (50, 94), (50, 95), (50, 98), (50, 100), (50, 103), (50, 105), (50, 106), (50, 107), (50, 112), (50, 113), (50, 119), (50, 120), (50, 121), (50, 123), (50, 128), (50, 129), (50, 130), (50, 132), (50, 133), (50, 134), (50, 138), (50, 142), (50, 145), (50, 149), (51, 52), (51, 53), (51, 54), (51, 55), (51, 56), (51, 57), (51, 58), (51, 61), (51, 65), (51, 67), (51, 68), (51, 73), (51, 74), (51, 75), (51, 76), (51, 77), (51, 79), (51, 80), (51, 83), (51, 84), (51, 86), (51, 87), (51, 88), (51, 91), (51, 95), (51, 99), (51, 100), (51, 101), (51, 102), (51, 105), (51, 112), (51, 113), (51, 120), (51, 123), (51, 124), (51, 126), (51, 128), (51, 129), (51, 132), (51, 133), (51, 134), (51, 135), (51, 138), (51, 140), (51, 141), (51, 142), (51, 144), (51, 147), (51, 148), (51, 149), (52, 53), (52, 54), (52, 57), (52, 58), (52, 61), (52, 64), (52, 65), (52, 70), (52, 74), (52, 75), (52, 78), (52, 81), (52, 83), (52, 92), (52, 93), (52, 97), (52, 100), (52, 103), (52, 104), (52, 106), (52, 109), (52, 112), (52, 114), (52, 115), (52, 117), (52, 118), (52, 122), (52, 124), (52, 126), (52, 127), (52, 129), (52, 131), (52, 134), (52, 138), (52, 139), (52, 143), (52, 145), (52, 147), (52, 148), (52, 149), (53, 56), (53, 57), (53, 61), (53, 62), (53, 69), (53, 74), (53, 77), (53, 78), (53, 80), (53, 83), (53, 87), (53, 88), (53, 89), (53, 93), (53, 94), (53, 97), (53, 98), (53, 99), (53, 109), (53, 112), (53, 113), (53, 115), (53, 119), (53, 123), (53, 124), (53, 126), (53, 127), (53, 129), (53, 130), (53, 135), (53, 138), (53, 139), (53, 140), (53, 142), (53, 143), (53, 146), (53, 147), (53, 148), (53, 149), (54, 55), (54, 57), (54, 58), (54, 60), (54, 62), (54, 63), (54, 64), (54, 65), (54, 66), (54, 67), (54, 69), (54, 70), (54, 72), (54, 73), (54, 76), (54, 77), (54, 78), (54, 79), (54, 80), (54, 82), (54, 83), (54, 84), (54, 87), (54, 88), (54, 89), (54, 90), (54, 91), (54, 93), (54, 97), (54, 99), (54, 101), (54, 103), (54, 107), (54, 108), (54, 111), (54, 114), (54, 116), (54, 117), (54, 123), (54, 124), (54, 125), (54, 127), (54, 129), (54, 130), (54, 131), (54, 132), (54, 134), (54, 137), (54, 138), (54, 140), (54, 141), (54, 144), (55, 56), (55, 57), (55, 59), (55, 61), (55, 63), (55, 67), (55, 71), (55, 75), (55, 76), (55, 77), (55, 78), (55, 82), (55, 84), (55, 85), (55, 87), (55, 88), (55, 89), (55, 91), (55, 92), (55, 93), (55, 95), (55, 96), (55, 97), (55, 99), (55, 100), (55, 102), (55, 106), (55, 108), (55, 109), (55, 110), (55, 111), (55, 112), (55, 113), (55, 115), (55, 121), (55, 122), (55, 126), (55, 127), (55, 130), (55, 131), (55, 132), (55, 133), (55, 138), (55, 139), (55, 141), (55, 145), (55, 147), (55, 148), (55, 149), (56, 57), (56, 58), (56, 59), (56, 60), (56, 61), (56, 62), (56, 65), (56, 66), (56, 68), (56, 71), (56, 74), (56, 75), (56, 78), (56, 82), (56, 84), (56, 89), (56, 90), (56, 93), (56, 94), (56, 95), (56, 96), (56, 97), (56, 99), (56, 100), (56, 101), (56, 102), (56, 103), (56, 105), (56, 107), (56, 108), (56, 109), (56, 110), (56, 113), (56, 114), (56, 115), (56, 119), (56, 121), (56, 124), (56, 128), (56, 129), (56, 130), (56, 132), (56, 134), (56, 136), (56, 138), (56, 139), (56, 140), (56, 141), (56, 143), (57, 59), (57, 60), (57, 62), (57, 63), (57, 64), (57, 65), (57, 70), (57, 71), (57, 72), (57, 73), (57, 74), (57, 75), (57, 77), (57, 79), (57, 80), (57, 81), (57, 82), (57, 85), (57, 86), (57, 87), (57, 89), (57, 90), (57, 94), (57, 96), (57, 102), (57, 103), (57, 104), (57, 106), (57, 107), (57, 108), (57, 115), (57, 116), (57, 117), (57, 124), (57, 126), (57, 129), (57, 130), (57, 131), (57, 135), (57, 139), (57, 141), (57, 142), (57, 147), (57, 149), (58, 64), (58, 65), (58, 66), (58, 70), (58, 72), (58, 73), (58, 75), (58, 79), (58, 80), (58, 82), (58, 83), (58, 85), (58, 87), (58, 89), (58, 90), (58, 91), (58, 93), (58, 97), (58, 103), (58, 104), (58, 105), (58, 106), (58, 107), (58, 109), (58, 110), (58, 112), (58, 114), (58, 116), (58, 119), (58, 120), (58, 122), (58, 123), (58, 128), (58, 129), (58, 132), (58, 133), (58, 135), (58, 136), (58, 138), (58, 141), (58, 142), (58, 144), (58, 147), (58, 149), (59, 60), (59, 62), (59, 63), (59, 65), (59, 66), (59, 67), (59, 68), (59, 70), (59, 74), (59, 75), (59, 77), (59, 79), (59, 80), (59, 82), (59, 83), (59, 84), (59, 85), (59, 87), (59, 89), (59, 90), (59, 92), (59, 102), (59, 104), (59, 105), (59, 106), (59, 107), (59, 108), (59, 110), (59, 111), (59, 112), (59, 113), (59, 114), (59, 116), (59, 120), (59, 121), (59, 124), (59, 126), (59, 129), (59, 131), (59, 136), (59, 137), (59, 139), (59, 141), (59, 143), (59, 148), (60, 61), (60, 62), (60, 63), (60, 64), (60, 67), (60, 74), (60, 78), (60, 79), (60, 80), (60, 83), (60, 85), (60, 88), (60, 89), (60, 91), (60, 94), (60, 96), (60, 97), (60, 98), (60, 99), (60, 100), (60, 103), (60, 104), (60, 106), (60, 107), (60, 110), (60, 112), (60, 113), (60, 114), (60, 116), (60, 117), (60, 118), (60, 120), (60, 121), (60, 122), (60, 124), (60, 130), (60, 135), (60, 137), (60, 143), (60, 145), (60, 146), (60, 147), (60, 148), (60, 149), (61, 63), (61, 65), (61, 70), (61, 72), (61, 73), (61, 76), (61, 77), (61, 78), (61, 79), (61, 81), (61, 82), (61, 83), (61, 85), (61, 87), (61, 90), (61, 91), (61, 92), (61, 96), (61, 100), (61, 104), (61, 105), (61, 106), (61, 107), (61, 112), (61, 113), (61, 114), (61, 115), (61, 116), (61, 117), (61, 120), (61, 121), (61, 125), (61, 126), (61, 127), (61, 128), (61, 129), (61, 134), (61, 135), (61, 136), (61, 138), (61, 139), (61, 140), (61, 143), (61, 144), (61, 145), (61, 147), (62, 63), (62, 65), (62, 67), (62, 69), (62, 74), (62, 75), (62, 78), (62, 80), (62, 81), (62, 83), (62, 87), (62, 89), (62, 90), (62, 91), (62, 92), (62, 94), (62, 95), (62, 96), (62, 100), (62, 101), (62, 102), (62, 103), (62, 106), (62, 110), (62, 112), (62, 115), (62, 116), (62, 118), (62, 120), (62, 121), (62, 122), (62, 123), (62, 124), (62, 125), (62, 126), (62, 130), (62, 132), (62, 134), (62, 135), (62, 136), (62, 142), (62, 144), (62, 147), (63, 66), (63, 68), (63, 69), (63, 71), (63, 73), (63, 74), (63, 75), (63, 77), (63, 79), (63, 80), (63, 85), (63, 86), (63, 90), (63, 91), (63, 93), (63, 95), (63, 96), (63, 97), (63, 99), (63, 101), (63, 102), (63, 103), (63, 108), (63, 110), (63, 111), (63, 112), (63, 113), (63, 114), (63, 118), (63, 120), (63, 122), (63, 123), (63, 124), (63, 127), (63, 128), (63, 129), (63, 132), (63, 133), (63, 134), (63, 138), (63, 141), (63, 142), (63, 143), (63, 144), (63, 146), (63, 148), (64, 65), (64, 66), (64, 68), (64, 70), (64, 72), (64, 78), (64, 79), (64, 80), (64, 81), (64, 82), (64, 86), (64, 87), (64, 88), (64, 91), (64, 92), (64, 94), (64, 96), (64, 98), (64, 99), (64, 104), (64, 110), (64, 111), (64, 112), (64, 114), (64, 116), (64, 117), (64, 120), (64, 122), (64, 123), (64, 128), (64, 130), (64, 131), (64, 132), (64, 133), (64, 134), (64, 136), (64, 137), (64, 139), (64, 142), (64, 143), (64, 147), (64, 148), (64, 149), (65, 66), (65, 70), (65, 71), (65, 72), (65, 78), (65, 79), (65, 80), (65, 82), (65, 84), (65, 85), (65, 86), (65, 90), (65, 94), (65, 95), (65, 96), (65, 97), (65, 98), (65, 99), (65, 100), (65, 101), (65, 102), (65, 103), (65, 104), (65, 105), (65, 107), (65, 108), (65, 109), (65, 110), (65, 113), (65, 114), (65, 118), (65, 120), (65, 122), (65, 126), (65, 128), (65, 130), (65, 134), (65, 137), (65, 138), (65, 141), (65, 142), (65, 143), (65, 144), (65, 147), (66, 68), (66, 69), (66, 71), (66, 72), (66, 81), (66, 82), (66, 84), (66, 90), (66, 92), (66, 93), (66, 94), (66, 100), (66, 103), (66, 104), (66, 108), (66, 109), (66, 111), (66, 113), (66, 114), (66, 115), (66, 117), (66, 121), (66, 122), (66, 123), (66, 124), (66, 127), (66, 129), (66, 133), (66, 134), (66, 138), (66, 139), (66, 140), (66, 141), (66, 142), (66, 149), (67, 68), (67, 69), (67, 70), (67, 76), (67, 79), (67, 80), (67, 83), (67, 84), (67, 86), (67, 87), (67, 90), (67, 92), (67, 95), (67, 97), (67, 98), (67, 100), (67, 103), (67, 104), (67, 105), (67, 106), (67, 113), (67, 115), (67, 117), (67, 118), (67, 121), (67, 123), (67, 125), (67, 126), (67, 128), (67, 129), (67, 134), (67, 136), (67, 137), (67, 139), (67, 141), (67, 142), (67, 146), (67, 147), (67, 148), (68, 71), (68, 72), (68, 73), (68, 74), (68, 75), (68, 76), (68, 80), (68, 84), (68, 89), (68, 90), (68, 94), (68, 98), (68, 100), (68, 101), (68, 102), (68, 104), (68, 105), (68, 109), (68, 110), (68, 111), (68, 114), (68, 119), (68, 122), (68, 126), (68, 129), (68, 130), (68, 135), (68, 137), (68, 138), (68, 141), (68, 142), (68, 146), (68, 147), (68, 148), (68, 149), (69, 70), (69, 71), (69, 73), (69, 75), (69, 78), (69, 79), (69, 81), (69, 82), (69, 83), (69, 85), (69, 86), (69, 87), (69, 88), (69, 90), (69, 95), (69, 97), (69, 99), (69, 100), (69, 101), (69, 103), (69, 105), (69, 110), (69, 111), (69, 114), (69, 115), (69, 117), (69, 118), (69, 119), (69, 120), (69, 121), (69, 122), (69, 123), (69, 125), (69, 129), (69, 131), (69, 132), (69, 133), (69, 134), (69, 137), (69, 138), (69, 139), (69, 143), (69, 145), (69, 148), (70, 73), (70, 77), (70, 78), (70, 79), (70, 81), (70, 82), (70, 84), (70, 88), (70, 89), (70, 92), (70, 94), (70, 99), (70, 100), (70, 101), (70, 102), (70, 105), (70, 109), (70, 110), (70, 111), (70, 114), (70, 115), (70, 116), (70, 117), (70, 119), (70, 120), (70, 122), (70, 125), (70, 128), (70, 129), (70, 131), (70, 132), (70, 135), (70, 137), (70, 141), (70, 143), (70, 146), (70, 148), (71, 72), (71, 75), (71, 78), (71, 82), (71, 84), (71, 87), (71, 94), (71, 95), (71, 98), (71, 100), (71, 105), (71, 106), (71, 111), (71, 112), (71, 114), (71, 115), (71, 122), (71, 125), (71, 127), (71, 131), (71, 132), (71, 137), (71, 139), (71, 142), (71, 144), (71, 145), (71, 149), (72, 76), (72, 77), (72, 78), (72, 79), (72, 80), (72, 81), (72, 82), (72, 83), (72, 84), (72, 90), (72, 92), (72, 94), (72, 96), (72, 98), (72, 100), (72, 101), (72, 105), (72, 107), (72, 108), (72, 109), (72, 110), (72, 113), (72, 115), (72, 116), (72, 118), (72, 119), (72, 120), (72, 122), (72, 123), (72, 124), (72, 125), (72, 129), (72, 130), (72, 131), (72, 132), (72, 135), (72, 138), (72, 141), (72, 142), (72, 144), (72, 146), (72, 147), (73, 75), (73, 76), (73, 77), (73, 80), (73, 83), (73, 86), (73, 87), (73, 88), (73, 89), (73, 90), (73, 91), (73, 94), (73, 95), (73, 97), (73, 98), (73, 99), (73, 102), (73, 103), (73, 104), (73, 105), (73, 106), (73, 108), (73, 109), (73, 115), (73, 116), (73, 117), (73, 119), (73, 120), (73, 122), (73, 124), (73, 125), (73, 127), (73, 128), (73, 131), (73, 132), (73, 134), (73, 138), (73, 139), (73, 142), (73, 143), (73, 144), (73, 148), (73, 149), (74, 75), (74, 76), (74, 78), (74, 79), (74, 80), (74, 81), (74, 82), (74, 83), (74, 85), (74, 86), (74, 87), (74, 92), (74, 94), (74, 96), (74, 101), (74, 104), (74, 105), (74, 107), (74, 111), (74, 113), (74, 116), (74, 117), (74, 120), (74, 121), (74, 122), (74, 123), (74, 127), (74, 132), (74, 133), (74, 135), (74, 137), (74, 138), (74, 143), (74, 144), (74, 146), (75, 76), (75, 77), (75, 78), (75, 79), (75, 80), (75, 81), (75, 82), (75, 83), (75, 84), (75, 91), (75, 101), (75, 102), (75, 104), (75, 105), (75, 108), (75, 110), (75, 114), (75, 117), (75, 118), (75, 119), (75, 120), (75, 121), (75, 123), (75, 125), (75, 127), (75, 128), (75, 131), (75, 132), (75, 141), (75, 142), (75, 146), (75, 148), (75, 149), (76, 77), (76, 78), (76, 79), (76, 82), (76, 83), (76, 85), (76, 86), (76, 87), (76, 89), (76, 90), (76, 91), (76, 92), (76, 94), (76, 99), (76, 102), (76, 103), (76, 105), (76, 106), (76, 111), (76, 117), (76, 118), (76, 120), (76, 122), (76, 124), (76, 128), (76, 130), (76, 133), (76, 134), (76, 136), (76, 137), (76, 138), (76, 143), (76, 145), (76, 146), (76, 147), (76, 149), (77, 82), (77, 83), (77, 85), (77, 88), (77, 91), (77, 94), (77, 96), (77, 98), (77, 101), (77, 104), (77, 105), (77, 107), (77, 109), (77, 111), (77, 112), (77, 114), (77, 115), (77, 117), (77, 118), (77, 125), (77, 128), (77, 132), (77, 133), (77, 134), (77, 135), (77, 136), (77, 137), (77, 138), (77, 139), (77, 140), (77, 141), (77, 142), (77, 144), (77, 145), (77, 148), (77, 149), (78, 80), (78, 84), (78, 85), (78, 87), (78, 88), (78, 89), (78, 90), (78, 93), (78, 94), (78, 96), (78, 97), (78, 100), (78, 101), (78, 104), (78, 105), (78, 106), (78, 107), (78, 111), (78, 112), (78, 116), (78, 117), (78, 119), (78, 122), (78, 124), (78, 125), (78, 127), (78, 131), (78, 132), (78, 134), (78, 135), (78, 136), (78, 138), (78, 139), (78, 140), (78, 141), (78, 144), (78, 145), (78, 149), (79, 81), (79, 82), (79, 83), (79, 84), (79, 85), (79, 86), (79, 87), (79, 88), (79, 89), (79, 90), (79, 91), (79, 93), (79, 94), (79, 98), (79, 99), (79, 103), (79, 105), (79, 107), (79, 110), (79, 112), (79, 113), (79, 115), (79, 119), (79, 122), (79, 123), (79, 129), (79, 132), (79, 138), (79, 140), (79, 141), (79, 143), (79, 144), (79, 145), (80, 83), (80, 85), (80, 88), (80, 89), (80, 91), (80, 92), (80, 94), (80, 97), (80, 98), (80, 100), (80, 101), (80, 102), (80, 103), (80, 104), (80, 108), (80, 109), (80, 111), (80, 118), (80, 119), (80, 120), (80, 122), (80, 123), (80, 124), (80, 126), (80, 127), (80, 128), (80, 131), (80, 132), (80, 136), (80, 141), (80, 143), (80, 145), (81, 82), (81, 83), (81, 84), (81, 85), (81, 87), (81, 88), (81, 90), (81, 91), (81, 93), (81, 95), (81, 96), (81, 97), (81, 98), (81, 101), (81, 104), (81, 105), (81, 106), (81, 108), (81, 109), (81, 110), (81, 112), (81, 114), (81, 115), (81, 117), (81, 118), (81, 120), (81, 122), (81, 123), (81, 125), (81, 126), (81, 128), (81, 130), (81, 133), (81, 136), (81, 137), (81, 138), (81, 139), (81, 140), (81, 143), (81, 148), (81, 149), (82, 85), (82, 86), (82, 87), (82, 88), (82, 91), (82, 93), (82, 94), (82, 98), (82, 101), (82, 102), (82, 105), (82, 106), (82, 109), (82, 110), (82, 111), (82, 114), (82, 115), (82, 116), (82, 117), (82, 120), (82, 123), (82, 124), (82, 126), (82, 128), (82, 130), (82, 131), (82, 133), (82, 136), (82, 137), (82, 141), (82, 142), (82, 143), (82, 145), (82, 146), (82, 148), (83, 86), (83, 87), (83, 90), (83, 92), (83, 93), (83, 96), (83, 100), (83, 101), (83, 103), (83, 106), (83, 107), (83, 110), (83, 119), (83, 123), (83, 124), (83, 125), (83, 128), (83, 131), (83, 133), (83, 140), (83, 141), (83, 142), (83, 143), (83, 144), (83, 146), (83, 147), (83, 148), (83, 149), (84, 85), (84, 87), (84, 88), (84, 89), (84, 90), (84, 91), (84, 92), (84, 94), (84, 96), (84, 97), (84, 101), (84, 106), (84, 109), (84, 111), (84, 113), (84, 116), (84, 121), (84, 123), (84, 124), (84, 135), (84, 136), (84, 137), (84, 139), (84, 141), (84, 142), (84, 143), (84, 147), (85, 86), (85, 88), (85, 89), (85, 91), (85, 92), (85, 93), (85, 94), (85, 97), (85, 98), (85, 99), (85, 100), (85, 103), (85, 110), (85, 113), (85, 114), (85, 118), (85, 119), (85, 120), (85, 121), (85, 125), (85, 126), (85, 129), (85, 133), (85, 134), (85, 136), (85, 137), (85, 139), (85, 140), (85, 142), (85, 144), (85, 145), (85, 147), (85, 148), (85, 149), (86, 88), (86, 93), (86, 95), (86, 97), (86, 98), (86, 99), (86, 100), (86, 102), (86, 103), (86, 106), (86, 107), (86, 111), (86, 112), (86, 113), (86, 114), (86, 115), (86, 118), (86, 120), (86, 121), (86, 123), (86, 124), (86, 125), (86, 128), (86, 130), (86, 131), (86, 133), (86, 136), (86, 138), (86, 139), (86, 140), (86, 143), (86, 145), (86, 146), (86, 147), (86, 148), (87, 88), (87, 89), (87, 93), (87, 95), (87, 96), (87, 98), (87, 99), (87, 102), (87, 103), (87, 104), (87, 108), (87, 111), (87, 115), (87, 119), (87, 120), (87, 121), (87, 124), (87, 125), (87, 127), (87, 128), (87, 129), (87, 130), (87, 131), (87, 133), (87, 136), (87, 137), (87, 140), (87, 142), (87, 144), (88, 89), (88, 90), (88, 93), (88, 94), (88, 96), (88, 97), (88, 100), (88, 104), (88, 107), (88, 108), (88, 109), (88, 110), (88, 113), (88, 115), (88, 118), (88, 119), (88, 122), (88, 123), (88, 124), (88, 126), (88, 129), (88, 131), (88, 133), (88, 134), (88, 135), (88, 138), (88, 139), (88, 143), (88, 145), (88, 146), (88, 147), (89, 91), (89, 92), (89, 94), (89, 96), (89, 97), (89, 98), (89, 99), (89, 100), (89, 101), (89, 105), (89, 108), (89, 112), (89, 119), (89, 120), (89, 123), (89, 125), (89, 129), (89, 132), (89, 133), (89, 134), (89, 135), (89, 137), (89, 140), (89, 141), (89, 143), (89, 144), (89, 146), (89, 147), (89, 148), (90, 91), (90, 92), (90, 93), (90, 94), (90, 95), (90, 96), (90, 97), (90, 98), (90, 99), (90, 101), (90, 103), (90, 104), (90, 107), (90, 108), (90, 109), (90, 110), (90, 114), (90, 115), (90, 116), (90, 117), (90, 118), (90, 120), (90, 122), (90, 126), (90, 129), (90, 130), (90, 131), (90, 134), (90, 137), (90, 139), (90, 140), (90, 142), (90, 143), (90, 144), (90, 147), (90, 148), (90, 149), (91, 93), (91, 94), (91, 95), (91, 96), (91, 98), (91, 101), (91, 102), (91, 103), (91, 105), (91, 106), (91, 107), (91, 109), (91, 110), (91, 111), (91, 112), (91, 115), (91, 116), (91, 120), (91, 121), (91, 122), (91, 126), (91, 128), (91, 129), (91, 130), (91, 131), (91, 133), (91, 134), (91, 135), (91, 136), (91, 138), (91, 145), (91, 146), (91, 147), (91, 148), (92, 95), (92, 96), (92, 100), (92, 102), (92, 104), (92, 106), (92, 107), (92, 111), (92, 113), (92, 114), (92, 115), (92, 116), (92, 117), (92, 122), (92, 125), (92, 126), (92, 127), (92, 128), (92, 130), (92, 131), (92, 134), (92, 136), (92, 139), (92, 141), (92, 145), (92, 148), (93, 95), (93, 97), (93, 99), (93, 101), (93, 102), (93, 104), (93, 109), (93, 111), (93, 112), (93, 114), (93, 115), (93, 117), (93, 119), (93, 121), (93, 122), (93, 123), (93, 125), (93, 129), (93, 135), (93, 139), (93, 144), (93, 146), (93, 147), (93, 148), (94, 96), (94, 97), (94, 99), (94, 100), (94, 101), (94, 104), (94, 105), (94, 106), (94, 107), (94, 109), (94, 110), (94, 113), (94, 115), (94, 116), (94, 124), (94, 125), (94, 127), (94, 128), (94, 129), (94, 133), (94, 137), (94, 143), (94, 144), (94, 147), (94, 149), (95, 102), (95, 104), (95, 106), (95, 107), (95, 108), (95, 111), (95, 112), (95, 115), (95, 116), (95, 118), (95, 119), (95, 123), (95, 127), (95, 131), (95, 132), (95, 133), (95, 134), (95, 136), (95, 137), (95, 138), (95, 142), (95, 144), (95, 148), (95, 149), (96, 97), (96, 98), (96, 101), (96, 104), (96, 105), (96, 108), (96, 109), (96, 113), (96, 115), (96, 116), (96, 118), (96, 120), (96, 121), (96, 122), (96, 123), (96, 126), (96, 127), (96, 128), (96, 130), (96, 134), (96, 135), (96, 136), (96, 137), (96, 139), (96, 143), (96, 144), (96, 145), (96, 147), (96, 148), (97, 101), (97, 103), (97, 104), (97, 106), (97, 108), (97, 109), (97, 112), (97, 114), (97, 116), (97, 117), (97, 127), (97, 128), (97, 129), (97, 132), (97, 134), (97, 135), (97, 139), (97, 141), (97, 142), (97, 144), (97, 147), (97, 148), (97, 149), (98, 100), (98, 101), (98, 106), (98, 107), (98, 108), (98, 111), (98, 112), (98, 114), (98, 117), (98, 118), (98, 119), (98, 123), (98, 124), (98, 128), (98, 129), (98, 130), (98, 131), (98, 135), (98, 136), (98, 137), (98, 140), (98, 141), (98, 143), (98, 145), (98, 146), (98, 148), (99, 101), (99, 102), (99, 106), (99, 107), (99, 110), (99, 111), (99, 113), (99, 116), (99, 117), (99, 119), (99, 123), (99, 124), (99, 125), (99, 126), (99, 130), (99, 132), (99, 135), (99, 136), (99, 137), (99, 138), (99, 139), (99, 144), (99, 146), (99, 147), (99, 149), (100, 102), (100, 105), (100, 106), (100, 107), (100, 109), (100, 110), (100, 111), (100, 112), (100, 119), (100, 120), (100, 127), (100, 128), (100, 129), (100, 130), (100, 131), (100, 132), (100, 134), (100, 140), (100, 146), (100, 147), (100, 148), (100, 149), (101, 103), (101, 106), (101, 107), (101, 108), (101, 115), (101, 116), (101, 117), (101, 118), (101, 119), (101, 120), (101, 122), (101, 123), (101, 125), (101, 129), (101, 131), (101, 132), (101, 133), (101, 134), (101, 135), (101, 137), (101, 138), (101, 139), (101, 142), (101, 143), (101, 144), (101, 145), (101, 146), (101, 148), (101, 149), (102, 103), (102, 104), (102, 107), (102, 112), (102, 115), (102, 116), (102, 118), (102, 120), (102, 122), (102, 124), (102, 125), (102, 128), (102, 129), (102, 131), (102, 132), (102, 135), (102, 136), (102, 140), (102, 143), (102, 147), (103, 105), (103, 106), (103, 109), (103, 110), (103, 111), (103, 114), (103, 115), (103, 117), (103, 118), (103, 121), (103, 122), (103, 124), (103, 126), (103, 129), (103, 131), (103, 132), (103, 133), (103, 134), (103, 135), (103, 136), (103, 137), (103, 138), (103, 139), (103, 140), (103, 141), (103, 142), (103, 143), (103, 144), (103, 145), (103, 146), (103, 148), (104, 105), (104, 110), (104, 111), (104, 113), (104, 115), (104, 118), (104, 119), (104, 120), (104, 122), (104, 124), (104, 126), (104, 127), (104, 129), (104, 130), (104, 131), (104, 133), (104, 134), (104, 138), (104, 139), (104, 140), (104, 142), (104, 143), (104, 144), (104, 146), (104, 148), (104, 149), (105, 106), (105, 111), (105, 118), (105, 120), (105, 122), (105, 123), (105, 124), (105, 130), (105, 133), (105, 134), (105, 135), (105, 137), (105, 139), (105, 140), (105, 142), (105, 149), (106, 107), (106, 108), (106, 116), (106, 121), (106, 122), (106, 127), (106, 131), (106, 132), (106, 136), (106, 137), (106, 141), (107, 109), (107, 112), (107, 113), (107, 114), (107, 116), (107, 117), (107, 118), (107, 119), (107, 120), (107, 122), (107, 123), (107, 124), (107, 125), (107, 131), (107, 133), (107, 139), (107, 140), (107, 141), (107, 144), (107, 148), (107, 149), (108, 109), (108, 110), (108, 111), (108, 114), (108, 116), (108, 120), (108, 123), (108, 124), (108, 125), (108, 126), (108, 128), (108, 130), (108, 140), (108, 141), (108, 142), (108, 143), (108, 144), (108, 145), (108, 147), (108, 149), (109, 110), (109, 111), (109, 116), (109, 117), (109, 119), (109, 121), (109, 124), (109, 125), (109, 127), (109, 129), (109, 131), (109, 133), (109, 134), (109, 135), (109, 140), (109, 143), (109, 145), (110, 114), (110, 117), (110, 119), (110, 121), (110, 126), (110, 128), (110, 129), (110, 130), (110, 131), (110, 132), (110, 135), (110, 136), (110, 141), (110, 142), (110, 145), (110, 146), (110, 147), (110, 149), (111, 115), (111, 117), (111, 118), (111, 120), (111, 121), (111, 123), (111, 124), (111, 125), (111, 126), (111, 128), (111, 132), (111, 133), (111, 134), (111, 135), (111, 137), (111, 140), (111, 141), (111, 144), (111, 145), (111, 148), (112, 115), (112, 116), (112, 118), (112, 120), (112, 122), (112, 123), (112, 126), (112, 127), (112, 129), (112, 130), (112, 131), (112, 132), (112, 134), (112, 136), (112, 139), (112, 147), (113, 115), (113, 117), (113, 118), (113, 119), (113, 121), (113, 123), (113, 125), (113, 126), (113, 127), (113, 129), (113, 130), (113, 131), (113, 136), (113, 137), (113, 138), (113, 139), (113, 140), (113, 144), (113, 145), (113, 147), (113, 148), (113, 149), (114, 115), (114, 117), (114, 118), (114, 120), (114, 121), (114, 123), (114, 124), (114, 125), (114, 126), (114, 127), (114, 128), (114, 129), (114, 130), (114, 131), (114, 133), (114, 135), (114, 136), (114, 139), (114, 141), (114, 142), (114, 146), (114, 148), (114, 149), (115, 116), (115, 118), (115, 120), (115, 121), (115, 123), (115, 124), (115, 125), (115, 126), (115, 127), (115, 128), (115, 129), (115, 130), (115, 135), (115, 138), (115, 140), (115, 141), (115, 143), (115, 146), (115, 148), (115, 149), (116, 117), (116, 121), (116, 123), (116, 128), (116, 129), (116, 130), (116, 131), (116, 132), (116, 134), (116, 137), (116, 141), (116, 144), (116, 148), (116, 149), (117, 118), (117, 121), (117, 122), (117, 123), (117, 124), (117, 125), (117, 136), (117, 137), (117, 140), (117, 141), (117, 142), (117, 143), (117, 144), (117, 145), (117, 147), (118, 120), (118, 121), (118, 122), (118, 125), (118, 126), (118, 128), (118, 130), (118, 131), (118, 134), (118, 136), (118, 137), (118, 141), (118, 143), (118, 144), (118, 145), (118, 148), (119, 123), (119, 126), (119, 128), (119, 129), (119, 130), (119, 132), (119, 139), (119, 140), (119, 142), (119, 144), (119, 145), (119, 147), (119, 148), (119, 149), (120, 122), (120, 123), (120, 125), (120, 127), (120, 130), (120, 131), (120, 132), (120, 133), (120, 135), (120, 137), (120, 138), (120, 140), (120, 143), (120, 145), (120, 147), (120, 148), (120, 149), (121, 122), (121, 126), (121, 129), (121, 131), (121, 132), (121, 134), (121, 137), (121, 138), (121, 139), (121, 141), (121, 145), (122, 124), (122, 126), (122, 130), (122, 133), (122, 136), (122, 137), (122, 140), (122, 141), (122, 142), (122, 145), (122, 147), (122, 148), (123, 124), (123, 126), (123, 127), (123, 130), (123, 131), (123, 133), (123, 134), (123, 135), (123, 138), (123, 139), (123, 142), (123, 145), (123, 146), (123, 149), (124, 126), (124, 130), (124, 132), (124, 134), (124, 135), (124, 136), (124, 139), (124, 140), (124, 145), (124, 147), (124, 148), (125, 129), (125, 130), (125, 133), (125, 135), (125, 139), (125, 141), (125, 142), (125, 146), (125, 147), (125, 148), (126, 130), (126, 132), (126, 134), (126, 135), (126, 141), (126, 143), (126, 145), (126, 148), (127, 130), (127, 131), (127, 132), (127, 134), (127, 138), (127, 139), (127, 140), (127, 141), (127, 142), (127, 146), (127, 147), (127, 148), (128, 129), (128, 130), (128, 132), (128, 133), (128, 136), (128, 138), (128, 140), (128, 141), (128, 145), (128, 148), (129, 130), (129, 131), (129, 135), (129, 136), (129, 140), (129, 142), (129, 143), (129, 144), (129, 145), (129, 146), (129, 147), (129, 149), (130, 132), (130, 135), (130, 139), (130, 140), (130, 142), (130, 143), (130, 146), (130, 149), (131, 135), (131, 137), (131, 139), (131, 145), (131, 149), (132, 134), (132, 136), (132, 137), (132, 138), (132, 140), (132, 141), (132, 143), (132, 147), (133, 134), (133, 137), (133, 141), (133, 143), (133, 145), (133, 149), (134, 135), (134, 136), (134, 138), (134, 141), (134, 144), (134, 145), (134, 149), (135, 137), (135, 138), (135, 139), (135, 141), (135, 142), (135, 145), (136, 138), (136, 141), (136, 143), (136, 144), (136, 145), (136, 146), (136, 147), (136, 148), (136, 149), (137, 139), (137, 141), (137, 142), (137, 147), (137, 148), (138, 141), (138, 143), (138, 146), (138, 148), (138, 149), (139, 143), (139, 146), (139, 147), (140, 142), (140, 143), (140, 145), (140, 146), (140, 147), (140, 149), (141, 142), (141, 143), (141, 144), (141, 146), (141, 147), (141, 148), (142, 143), (142, 145), (142, 146), (142, 147), (142, 148), (143, 145), (143, 146), (143, 147), (143, 148), (144, 145), (144, 146), (144, 149), (145, 146), (145, 147), (145, 148), (145, 149), (146, 148), (147, 148), 
log2_p_plus:          -1.17521
log2_1_minus_p_plus:  -0.843784
log2_p_minus:         -1.17521
log2_1_minus_p_minus: -0.843784
p_plus:  0.44282
p_minus: 0.44282

  Beginning edge heuristic pre-computation...
  ...Finished edge heuristic pre-computation.
The special edge set gets a score of -inf

Beginning Iteration 1...
	Mutating
	Mating
	Scoring
...Finished iteration with a best score of -9429.28

Beginning Iteration 2...
	Mutating
	Mating
	Scoring
...Finished iteration with a best score of -9429.28

Beginning Iteration 3...
	Mutating
	Mating
	Scoring
...Finished iteration with a best score of -9429.28

Beginning Iteration 4...
	Mutating
	Mating
	Scoring
...Finished iteration with a best score of -9429.28

Beginning Iteration 5...
	Mutating
	Mating
	Scoring
...Finished iteration with a best score of -9429.28

Beginning Iteration 6...
	Mutating
	Mating
	Scoring
...Finished iteration with a best score of -9429.28

Beginning Iteration 7...
	Mutating
	Mating
	Scoring
...Finished iteration with a best score of -9429.28

Beginning Iteration 8...
	Mutating
	Mating
	Scoring
...Finished iteration with a best score of -9429.28

Beginning Iteration 9...
	Mutating
	Mating
	Scoring
...Finished iteration with a best score of -9429.28

Beginning Iteration 10...
	Mutating
	Mating
	Scoring
...Finished iteration with a best score of -9429.28

Beginning Iteration 11...
	Mutating
	Mating
	Scoring
...Finished iteration with a best score of -9429.28

Beginning Iteration 12...
	Mutating
	Mating
	Scoring
...Finished iteration with a best score of -9429.28

Beginning Iteration 13...
	Mutating
	Mating
	Scoring
...Finished iteration with a best score of -9429.28

Beginning Iteration 14...
	Mutating
	Mating
	Scoring
...Finished iteration with a best score of -9429.28

Beginning Iteration 15...
	Mutating
	Mating
	Scoring
...Finished iteration with a best score of -9429.28

Beginning Iteration 16...
	Mutating
	Mating
	Scoring
...Finished iteration with a best score of -9429.28

Beginning Iteration 17...
	Mutating
	Mating
	Scoring
...Finished iteration with a best score of -9429.28

Beginning Iteration 18...
	Mutating
	Mating
	Scoring
...Finished iteration with a best score of -9429.28

Beginning Iteration 19...
	Mutating
	Mating
	Scoring
...Finished iteration with a best score of -9429.28

Beginning Iteration 20...
	Mutating
	Mating
	Scoring
...Finished iteration with a best score of -9429.28

Beginning Iteration 21...
	Mutating
	Mating
	Scoring
...Finished iteration with a best score of -9429.28

Beginning Iteration 22...
	Mutating
	Mating
	Scoring
...Finished iteration with a best score of -9429.28

Beginning Iteration 23...
	Mutating
	Mating
	Scoring
...Finished iteration with a best score of -9429.28

Beginning Iteration 24...
	Mutating
	Mating
	Scoring
...Finished iteration with a best score of -9429.28

Beginning Iteration 25...
	Mutating
	Mating
	Scoring
...Finished iteration with a best score of -9429.28

Beginning Iteration 26...
	Mutating
	Mating
	Scoring
...Finished iteration with a best score of -9429.28

Beginning Iteration 27...
	Mutating
	Mating
	Scoring
...Finished iteration with a best score of -9429.28

Beginning Iteration 28...
	Mutating
	Mating
	Scoring
...Finished iteration with a best score of -9429.28

Beginning Iteration 29...
	Mutating
	Mating
	Scoring
...Finished iteration with a best score of -9429.28

Beginning Iteration 30...
	Mutating
	Mating
	Scoring
...Finished iteration with a best score of -9429.28

Beginning Iteration 31...
	Mutating
	Mating
	Scoring
...Finished iteration with a best score of -9429.28

Beginning Iteration 32...
	Mutating
	Mating
	Scoring
...Finished iteration with a best score of -9429.28

Beginning Iteration 33...
	Mutating
	Mating
	Scoring
...Finished iteration with a best score of -9429.28

Beginning Iteration 34...
	Mutating
	Mating
	Scoring
...Finished iteration with a best score of -9429.28

Beginning Iteration 35...
	Mutating
	Mating
	Scoring
...Finished iteration with a best score of -9429.28

Beginning Iteration 36...
	Mutating
	Mating
	Scoring
...Finished iteration with a best score of -9429.28

Beginning Iteration 37...
	Mutating
	Mating
	Scoring
...Finished iteration with a best score of -9429.28

Beginning Iteration 38...
	Mutating
	Mating
	Scoring
...Finished iteration with a best score of -9429.28

Beginning Iteration 39...
	Mutating
	Mating
	Scoring
...Finished iteration with a best score of -9429.28

Beginning Iteration 40...
	Mutating
	Mating
	Scoring
...Finished iteration with a best score of -9429.28

Beginning Iteration 41...
	Mutating
	Mating
	Scoring
...Finished iteration with a best score of -9429.28

Beginning Iteration 42...
	Mutating
	Mating
	Scoring
...Finished iteration with a best score of -9429.28

Beginning Iteration 43...
	Mutating
	Mating
	Scoring
...Finished iteration with a best score of -9429.28

Beginning Iteration 44...
	Mutating
	Mating
	Scoring
...Finished iteration with a best score of -9429.28

Beginning Iteration 45...
	Mutating
	Mating
	Scoring
...Finished iteration with a best score of -9429.28

Beginning Iteration 46...
	Mutating
	Mating
	Scoring
...Finished iteration with a best score of -9429.28

Beginning Iteration 47...
	Mutating
	Mating
	Scoring
...Finished iteration with a best score of -9429.28

Beginning Iteration 48...
	Mutating
	Mating
	Scoring
...Finished iteration with a best score of -9429.28

Beginning Iteration 49...
	Mutating
	Mating
	Scoring
...Finished iteration with a best score of -9429.28

Beginning Iteration 50...
	Mutating
	Mating
	Scoring
...Finished iteration with a best score of -9429.28

Beginning Iteration 51...
	Mutating
	Mating
	Scoring
...Finished iteration with a best score of -9429.28

Beginning Iteration 52...
	Mutating
	Mating
	Scoring
...Finished iteration with a best score of -9429.28

Beginning Iteration 53...
	Mutating
	Mating
	Scoring
...Finished iteration with a best score of -9429.28

Beginning Iteration 54...
	Mutating
	Mating
	Scoring
...Finished iteration with a best score of -9429.28

Beginning Iteration 55...
	Mutating
	Mating
	Scoring
...Finished iteration with a best score of -9429.28

Beginning Iteration 56...
	Mutating
	Mating
	Scoring
...Finished iteration with a best score of -9429.28

Beginning Iteration 57...
	Mutating
	Mating
	Scoring
...Finished iteration with a best score of -9429.28

Beginning Iteration 58...
	Mutating
	Mating
	Scoring
...Finished iteration with a best score of -9429.28

Beginning Iteration 59...
	Mutating
	Mating
	Scoring
...Finished iteration with a best score of -9429.28

Beginning Iteration 60...
	Mutating
	Mating
	Scoring
...Finished iteration with a best score of -9429.28

Beginning Iteration 61...
	Mutating
	Mating
	Scoring
...Finished iteration with a best score of -9429.28

Beginning Iteration 62...
	Mutating
	Mating
	Scoring
...Finished iteration with a best score of -9429.28

Beginning Iteration 63...
	Mutating
	Mating
	Scoring
...Finished iteration with a best score of -9429.28

Beginning Iteration 64...
	Mutating
	Mating
	Scoring
...Finished iteration with a best score of -9429.28

Beginning Iteration 65...
	Mutating
	Mating
	Scoring
...Finished iteration with a best score of -9429.28

Beginning Iteration 66...
	Mutating
	Mating
	Scoring
...Finished iteration with a best score of -9429.28

Beginning Iteration 67...
	Mutating
	Mating
	Scoring
...Finished iteration with a best score of -9429.28

Beginning Iteration 68...
	Mutating
	Mating
	Scoring
...Finished iteration with a best score of -9429.28

Beginning Iteration 69...
	Mutating
	Mating
	Scoring
...Finished iteration with a best score of -9429.28

Beginning Iteration 70...
	Mutating
	Mating
	Scoring
...Finished iteration with a best score of -9429.28

Beginning Iteration 71...
	Mutating
	Mating
	Scoring
...Finished iteration with a best score of -9429.28

Beginning Iteration 72...
	Mutating
	Mating
	Scoring
...Finished iteration with a best score of -9429.28

Beginning Iteration 73...
	Mutating
	Mating
	Scoring
...Finished iteration with a best score of -9429.28

Beginning Iteration 74...
	Mutating
	Mating
	Scoring
...Finished iteration with a best score of -9429.28

Beginning Iteration 75...
	Mutating
	Mating
	Scoring
...Finished iteration with a best score of -9429.28

Beginning Iteration 76...
	Mutating
	Mating
	Scoring
...Finished iteration with a best score of -9429.28

Beginning Iteration 77...
	Mutating
	Mating
	Scoring
...Finished iteration with a best score of -9429.28

Beginning Iteration 78...
	Mutating
	Mating
	Scoring
...Finished iteration with a best score of -9429.28

Beginning Iteration 79...
	Mutating
	Mating
	Scoring
...Finished iteration with a best score of -9429.28

Beginning Iteration 80...
	Mutating
	Mating
	Scoring
...Finished iteration with a best score of -9429.28

Beginning Iteration 81...
	Mutating
	Mating
	Scoring
...Finished iteration with a best score of -9429.28

Beginning Iteration 82...
	Mutating
	Mating
	Scoring
...Finished iteration with a best score of -9429.28

Beginning Iteration 83...
	Mutating
	Mating
	Scoring
...Finished iteration with a best score of -9429.28

Beginning Iteration 84...
	Mutating
	Mating
	Scoring
...Finished iteration with a best score of -9429.28

Beginning Iteration 85...
	Mutating
	Mating
	Scoring
...Finished iteration with a best score of -9429.28

Beginning Iteration 86...
	Mutating
	Mating
	Scoring
...Finished iteration with a best score of -9429.28

Beginning Iteration 87...
	Mutating
	Mating
	Scoring
...Finished iteration with a best score of -9429.28

Beginning Iteration 88...
	Mutating
	Mating
	Scoring
...Finished iteration with a best score of -9429.28

Beginning Iteration 89...
	Mutating
	Mating
	Scoring
...Finished iteration with a best score of -9429.28

Beginning Iteration 90...
	Mutating
	Mating
	Scoring
...Finished iteration with a best score of -9429.28

Beginning Iteration 91...
	Mutating
	Mating
	Scoring
...Finished iteration with a best score of -9429.28

Beginning Iteration 92...
	Mutating
	Mating
	Scoring
...Finished iteration with a best score of -9429.28

Beginning Iteration 93...
	Mutating
	Mating
	Scoring
...Finished iteration with a best score of -9429.28

Beginning Iteration 94...
	Mutating
	Mating
	Scoring
...Finished iteration with a best score of -9429.28

Beginning Iteration 95...
	Mutating
	Mating
	Scoring
...Finished iteration with a best score of -9429.28

Beginning Iteration 96...
	Mutating
	Mating
	Scoring
...Finished iteration with a best score of -9429.28

Beginning Iteration 97...
	Mutating
	Mating
	Scoring
...Finished iteration with a best score of -9429.28

Beginning Iteration 98...
	Mutating
	Mating
	Scoring
...Finished iteration with a best score of -9429.28

Beginning Iteration 99...
	Mutating
	Mating
	Scoring
...Finished iteration with a best score of -9429.28

Beginning Iteration 100...
	Mutating
	Mating
	Scoring
...Finished iteration with a best score of -9429.28

Beginning Iteration 101...
	Mutating
	Mating
	Scoring
...Finished iteration with a best score of -9429.28

Beginning Iteration 102...
	Mutating
	Mating
	Scoring
...Finished iteration with a best score of -9429.28

Beginning Iteration 103...
	Mutating
	Mating
	Scoring
...Finished iteration with a best score of -9429.28

Beginning Iteration 104...
	Mutating
	Mating
	Scoring
...Finished iteration with a best score of -9429.28

Beginning Iteration 105...
	Mutating
	Mating
	Scoring
...Finished iteration with a best score of -9429.28

Beginning Iteration 106...
	Mutating
	Mating
	Scoring
...Finished iteration with a best score of -9429.28

Beginning Iteration 107...
	Mutating
	Mating
	Scoring
...Finished iteration with a best score of -9429.28

Beginning Iteration 108...
	Mutating
	Mating
	Scoring
...Finished iteration with a best score of -9429.28

Beginning Iteration 109...
	Mutating
	Mating
	Scoring
...Finished iteration with a best score of -9429.28

Beginning Iteration 110...
	Mutating
	Mating
	Scoring
...Finished iteration with a best score of -9429.28

Beginning Iteration 111...
	Mutating
	Mating
	Scoring
...Finished iteration with a best score of -9429.28

Beginning Iteration 112...
	Mutating
	Mating
	Scoring
...Finished iteration with a best score of -9429.28

Beginning Iteration 113...
	Mutating
	Mating
	Scoring
...Finished iteration with a best score of -9429.28

Beginning Iteration 114...
	Mutating
	Mating
	Scoring
...Finished iteration with a best score of -9429.28

Beginning Iteration 115...
	Mutating
	Mating
	Scoring
...Finished iteration with a best score of -9429.28

Beginning Iteration 116...
	Mutating
	Mating
	Scoring
...Finished iteration with a best score of -9429.28

Beginning Iteration 117...
	Mutating
	Mating
	Scoring
...Finished iteration with a best score of -9429.28

Beginning Iteration 118...
	Mutating
	Mating
	Scoring
...Finished iteration with a best score of -9429.28

Beginning Iteration 119...
	Mutating
	Mating
	Scoring
...Finished iteration with a best score of -9429.28

Beginning Iteration 120...
	Mutating
	Mating
	Scoring
...Finished iteration with a best score of -9429.28

Beginning Iteration 121...
	Mutating
	Mating
	Scoring
...Finished iteration with a best score of -9429.28

Beginning Iteration 122...
	Mutating
	Mating
	Scoring
...Finished iteration with a best score of -9429.28

Beginning Iteration 123...
	Mutating
	Mating
	Scoring
...Finished iteration with a best score of -9429.28

Beginning Iteration 124...
	Mutating
	Mating
	Scoring
...Finished iteration with a best score of -9429.28

Beginning Iteration 125...
	Mutating
	Mating
	Scoring
...Finished iteration with a best score of -9429.28

Beginning Iteration 126...
	Mutating
	Mating
	Scoring
...Finished iteration with a best score of -9429.28

Beginning Iteration 127...
	Mutating
	Mating
	Scoring
...Finished iteration with a best score of -9429.28

Beginning Iteration 128...
	Mutating
	Mating
	Scoring
...Finished iteration with a best score of -9429.28

Beginning Iteration 129...
	Mutating
	Mating
	Scoring
...Finished iteration with a best score of -9429.28

Beginning Iteration 130...
	Mutating
	Mating
	Scoring
...Finished iteration with a best score of -9429.28

Beginning Iteration 131...
	Mutating
	Mating
	Scoring
...Finished iteration with a best score of -9429.28

Beginning Iteration 132...
	Mutating
	Mating
	Scoring
...Finished iteration with a best score of -9429.28

Beginning Iteration 133...
	Mutating
	Mating
	Scoring
...Finished iteration with a best score of -9429.28

Beginning Iteration 134...
	Mutating
	Mating
	Scoring
...Finished iteration with a best score of -9429.28

Beginning Iteration 135...
	Mutating
	Mating
	Scoring
...Finished iteration with a best score of -9429.28

Beginning Iteration 136...
	Mutating
	Mating
	Scoring
...Finished iteration with a best score of -9429.28

Beginning Iteration 137...
	Mutating
	Mating
	Scoring
...Finished iteration with a best score of -9429.28

Beginning Iteration 138...
	Mutating
	Mating
	Scoring
...Finished iteration with a best score of -9429.28

Beginning Iteration 139...
	Mutating
	Mating
	Scoring
...Finished iteration with a best score of -9429.28

Beginning Iteration 140...
	Mutating
	Mating
	Scoring
...Finished iteration with a best score of -9429.28

Beginning Iteration 141...
	Mutating
	Mating
	Scoring
...Finished iteration with a best score of -9429.28

Beginning Iteration 142...
	Mutating
	Mating
	Scoring
...Finished iteration with a best score of -9429.28

Beginning Iteration 143...
	Mutating
	Mating
	Scoring
...Finished iteration with a best score of -9429.28

Beginning Iteration 144...
	Mutating
	Mating
	Scoring
...Finished iteration with a best score of -9429.28

Beginning Iteration 145...
	Mutating
	Mating
	Scoring
...Finished iteration with a best score of -9429.28

Beginning Iteration 146...
	Mutating
	Mating
	Scoring
...Finished iteration with a best score of -9429.28

Beginning Iteration 147...
	Mutating
	Mating
	Scoring
...Finished iteration with a best score of -9429.28

Beginning Iteration 148...
	Mutating
	Mating
	Scoring
...Finished iteration with a best score of -9429.28

Beginning Iteration 149...
	Mutating
	Mating
	Scoring
...Finished iteration with a best score of -9429.28

Beginning Iteration 150...
	Mutating
	Mating
	Scoring
...Finished iteration with a best score of -9429.28

With a score of -9429.28 we have log2(|Aut(G_H)|) of 0
With edges: 


With a score of -9429.61 we have log2(|Aut(G_H)|) of 0
With edges: 
(103, 123), 

With a score of -9429.61 we have log2(|Aut(G_H)|) of 0
With edges: 
(8, 92), 

With a score of -9429.61 we have log2(|Aut(G_H)|) of 0
With edges: 
(63, 133), 

With a score of -9429.61 we have log2(|Aut(G_H)|) of 0
With edges: 
(29, 84), 

With a score of -9429.61 we have log2(|Aut(G_H)|) of 0
With edges: 
(16, 83), 

With a score of -9429.61 we have log2(|Aut(G_H)|) of 0
With edges: 
(15, 92), 

With a score of -9429.61 we have log2(|Aut(G_H)|) of 0
With edges: 
(48, 111), 

With a score of -9429.61 we have log2(|Aut(G_H)|) of 0
With edges: 
(19, 104), 

With a score of -9429.61 we have log2(|Aut(G_H)|) of 0
With edges: 
(26, 135), 

