513
5
518
519
8
9
522
521
528
529
17
27
28
29
30
31
539
545
37
550
553
43
1068
47
48
559
51
572
574
575
66
67
1092
71
587
77
86
90
96
102
107
108
110
624
625
626
630
2678
128
129
647
648
649
650
651
140
141
654
655
657
147
659
149
663
664
153
667
156
157
670
671
669
674
164
676
683
688
690
692
693
694
695
697
698
699
700
703
704
193
196
709
711
201
202
204
716
718
719
207
721
725
726
731
732
736
739
228
229
742
231
741
234
746
235
749
754
756
244
758
253
254
255
768
257
769
771
772
261
774
270
786
277
796
288
294
295
1320
811
299
301
305
306
817
311
312
315
317
327
328
331
334
2915
355
365
366
367
380
388
392
400
402
404
414
415
416
418
419
428
430
433
434
440
446
454
457
463
465
466
469
472
473
483
485
490
1004
493
494
497
498
501
502
503
504
508
509
