0 1
0 2
0 3
1 4
1 5
2 10
2 11
3 8
3 12
4 6
4 7
5 14
5 22
6 8
6 13
7 18
7 22
8 9
9 16
9 17
10 12
10 34
11 14
11 42
12 32
13 17
13 19
14 15
15 23
15 41
16 29
16 32
17 30
18 19
18 20
19 25
20 24
20 27
21 22
21 23
21 24
23 45
24 48
25 26
25 27
26 30
26 43
27 54
28 29
28 30
28 31
29 40
31 43
31 53
32 33
33 36
33 40
34 35
34 36
35 37
35 42
36 39
37 38
37 39
38 46
38 49
39 52
40 51
41 42
41 46
43 56
44 45
44 46
44 47
45 48
47 49
47 58
48 50
49 55
50 54
50 58
51 52
51 53
52 55
53 59
54 56
55 59
56 57
57 58
57 59
