0 1
0 2
0 3
1 17
1 21
2 7
2 23
3 6
3 18
4 5
4 6
4 7
5 9
5 93
6 95
7 10
8 9
8 10
8 11
9 53
10 27
11 26
11 54
12 13
12 14
12 15
13 25
13 33
14 23
14 27
15 22
15 34
16 17
16 18
16 19
17 77
18 99
19 78
19 98
20 21
20 22
20 23
21 81
22 83
24 25
24 26
24 27
25 109
26 111
28 29
28 30
28 31
29 85
29 97
30 95
30 99
31 86
31 94
32 33
32 34
32 35
33 173
34 91
35 90
35 174
36 37
36 38
36 39
37 121
37 185
38 55
38 187
39 54
39 122
40 41
40 42
40 43
41 117
41 125
42 67
42 119
43 66
43 126
44 45
44 46
44 47
45 121
45 161
46 103
46 123
47 102
47 162
48 49
48 50
48 51
49 129
49 197
50 75
50 131
51 74
51 198
52 53
52 54
52 55
53 65
55 66
56 57
56 58
56 59
57 89
57 169
58 83
58 91
59 82
59 170
60 61
60 62
60 63
61 113
61 153
62 79
62 155
63 78
63 114
64 65
64 66
64 67
65 93
67 94
68 69
68 70
68 71
69 113
69 177
70 115
70 135
71 134
71 178
72 73
72 74
72 75
73 89
73 221
74 223
75 90
76 77
76 78
76 79
77 81
79 82
80 81
80 82
80 83
84 85
84 86
84 87
85 157
86 119
87 118
87 158
88 89
88 90
88 91
92 93
92 94
92 95
96 97
96 98
96 99
97 141
98 143
100 101
100 102
100 103
101 129
101 209
102 211
103 130
104 105
104 106
104 107
105 181
105 201
106 139
106 183
107 138
107 202
108 109
108 110
108 111
109 173
110 123
110 175
111 122
112 113
112 114
112 115
114 143
115 142
116 117
116 118
116 119
117 137
118 139
120 121
120 122
120 123
124 125
124 126
124 127
125 145
126 187
127 146
127 186
128 129
128 130
128 131
130 175
131 174
132 133
132 134
132 135
133 181
133 229
134 231
135 182
136 137
136 138
136 139
137 145
138 147
140 141
140 142
140 143
141 157
142 159
144 145
144 146
144 147
146 219
147 218
148 149
148 150
148 151
149 165
149 205
150 207
150 223
151 166
151 222
152 153
152 154
152 155
153 177
154 171
154 179
155 170
156 157
156 158
156 159
158 183
159 182
160 161
160 162
160 163
161 185
162 191
163 186
163 190
164 165
164 166
164 167
165 213
166 179
167 178
167 214
168 169
168 170
168 171
169 221
171 222
172 173
172 174
172 175
176 177
176 178
176 179
180 181
180 182
180 183
184 185
184 186
184 187
188 189
188 190
188 191
189 193
189 217
190 219
191 194
192 193
192 194
192 195
193 233
194 211
195 210
195 234
196 197
196 198
196 199
197 209
198 207
199 206
199 210
200 201
200 202
200 203
201 229
202 239
203 230
203 238
204 205
204 206
204 207
205 225
206 227
208 209
208 210
208 211
212 213
212 214
212 215
213 225
214 231
215 226
215 230
216 217
216 218
216 219
217 237
218 239
220 221
220 222
220 223
224 225
224 226
224 227
226 235
227 234
228 229
228 230
228 231
232 233
232 234
232 235
233 237
235 238
236 237
236 238
236 239
