0 1
0 2
0 3
1 120
1 133
2 6
2 9
3 4
3 5
4 122
4 145
5 6
5 7
6 8
7 146
7 157
8 158
8 169
9 134
9 170
10 11
10 12
10 13
11 16
11 19
12 126
12 189
13 14
13 15
14 16
14 17
15 125
15 130
16 18
17 131
17 176
18 177
18 192
19 190
19 193
20 21
20 22
20 23
21 26
21 29
22 24
22 25
23 141
23 221
24 26
24 27
25 124
25 140
26 28
27 123
27 128
28 129
28 184
29 185
29 222
30 31
30 32
30 33
31 34
31 35
32 37
32 39
33 153
33 241
34 36
34 37
35 144
35 152
36 137
36 142
37 38
38 139
38 216
39 217
39 242
40 41
40 42
40 43
41 165
41 261
42 44
42 45
43 47
43 49
44 155
44 164
45 46
45 47
46 149
46 154
47 48
48 151
48 236
49 237
49 262
50 51
50 52
50 53
51 174
51 197
52 54
52 55
53 56
53 59
54 167
54 173
55 56
55 57
56 58
57 161
57 166
58 162
58 256
59 199
59 257
60 61
60 62
60 63
61 66
61 69
62 64
62 65
63 280
63 289
64 66
64 67
65 281
65 297
66 68
67 298
67 305
68 306
68 313
69 290
69 314
70 71
70 72
70 73
71 77
71 79
72 74
72 75
73 233
73 238
74 76
74 77
75 239
75 248
76 249
76 284
77 78
78 269
78 283
79 234
79 268
80 81
80 82
80 83
81 84
81 85
82 213
82 218
83 87
83 89
84 219
84 228
85 86
85 87
86 229
86 295
87 88
88 246
88 294
89 215
89 245
90 91
90 92
90 93
91 94
91 95
92 181
92 186
93 97
93 99
94 187
94 208
95 96
95 97
96 209
96 303
97 98
98 226
98 302
99 183
99 225
100 101
100 102
100 103
101 106
101 109
102 195
102 200
103 104
103 105
104 106
104 107
105 201
105 276
106 108
107 277
107 312
108 207
108 310
109 196
109 205
110 111
110 112
110 113
111 116
111 119
112 253
112 258
113 114
113 115
114 116
114 117
115 260
115 265
116 118
117 266
117 286
118 275
118 287
119 254
119 273
120 121
120 122
121 123
121 135
122 136
123 124
124 136
125 126
125 127
126 180
127 128
127 135
128 129
129 180
130 131
130 132
131 172
132 133
132 135
133 134
134 172
136 147
137 138
137 139
138 140
138 147
139 212
140 141
141 212
142 143
142 144
143 145
143 147
144 148
145 146
146 148
148 159
149 150
149 151
150 152
150 159
151 232
152 153
153 232
154 155
154 156
155 160
156 157
156 159
157 158
158 160
160 171
161 162
161 163
162 252
163 164
163 171
164 165
165 252
166 167
166 168
167 178
168 169
168 171
169 170
170 178
172 179
173 174
173 175
174 202
175 176
175 179
176 177
177 202
178 179
180 191
181 182
181 183
182 184
182 191
183 230
184 185
185 230
186 187
186 188
187 204
188 189
188 191
189 190
190 204
192 193
192 194
193 210
194 195
194 203
195 196
196 210
197 198
197 199
198 200
198 203
199 272
200 201
201 272
202 203
204 211
205 206
205 207
206 208
206 211
207 309
208 209
209 309
210 211
212 223
213 214
213 215
214 216
214 223
215 250
216 217
217 250
218 219
218 220
219 224
220 221
220 223
221 222
222 224
224 231
225 226
225 227
226 301
227 228
227 231
228 229
229 301
230 231
232 243
233 234
233 235
234 264
235 236
235 243
236 237
237 264
238 239
238 240
239 244
240 241
240 243
241 242
242 244
244 251
245 246
245 247
246 293
247 248
247 251
248 249
249 293
250 251
252 263
253 254
253 255
254 278
255 256
255 263
256 257
257 278
258 259
258 260
259 261
259 263
260 270
261 262
262 270
264 271
265 266
265 267
266 285
267 268
267 271
268 269
269 285
270 271
272 279
273 274
273 275
274 276
274 279
275 317
276 277
277 317
278 279
280 281
280 282
281 292
282 283
282 291
283 284
284 292
285 291
286 287
286 288
287 318
288 289
288 291
289 290
290 318
292 299
293 299
294 295
294 296
295 300
296 297
296 299
297 298
298 300
300 307
301 307
302 303
302 304
303 308
304 305
304 307
305 306
306 308
308 315
309 315
310 311
310 312
311 313
311 315
312 316
313 314
314 316
316 319
317 319
318 319
