0 1
0 2
0 3
1 17
1 21
2 23
2 240
3 18
3 536
4 5
4 6
4 7
5 9
5 93
6 95
6 243
7 10
7 532
8 9
8 10
8 11
9 53
10 246
11 54
11 526
12 13
12 14
12 15
13 25
13 33
14 27
14 249
15 34
15 520
16 17
16 18
16 19
17 77
18 252
19 78
19 516
20 21
20 22
20 23
21 81
22 83
22 255
23 538
24 25
24 26
24 27
25 109
26 111
26 258
27 534
28 29
28 30
28 31
29 85
29 97
30 99
30 261
31 86
31 518
32 33
32 34
32 35
33 173
34 264
35 174
35 472
36 37
36 38
36 39
37 121
37 185
38 187
38 267
39 122
39 508
40 41
40 42
40 43
41 117
41 125
42 119
42 270
43 126
43 530
44 45
44 46
44 47
45 121
45 161
46 123
46 273
47 162
47 476
48 49
48 50
48 51
49 129
49 197
50 131
50 276
51 198
51 462
52 53
52 54
52 55
53 65
54 279
55 66
55 502
56 57
56 58
56 59
57 89
57 169
58 91
58 282
59 170
59 492
60 61
60 62
60 63
61 113
61 153
62 155
62 285
63 114
63 500
64 65
64 66
64 67
65 93
66 288
67 94
67 494
68 69
68 70
68 71
69 113
69 177
70 115
70 291
71 178
71 480
72 73
72 74
72 75
73 89
73 221
74 223
74 294
75 90
75 478
76 77
76 78
76 79
77 81
78 297
79 82
79 514
80 81
80 82
80 83
82 300
83 528
84 85
84 86
84 87
85 157
86 303
87 158
87 444
88 89
88 90
88 91
90 306
91 488
92 93
92 94
92 95
94 309
95 522
96 97
96 98
96 99
97 141
98 143
98 312
99 524
100 101
100 102
100 103
101 129
101 209
102 211
102 315
103 130
103 490
104 105
104 106
104 107
105 181
105 201
106 183
106 318
107 202
107 436
108 109
108 110
108 111
109 173
110 175
110 321
111 486
112 113
112 114
112 115
114 324
115 442
116 117
116 118
116 119
117 137
118 139
118 327
119 456
120 121
120 122
120 123
122 330
123 454
124 125
124 126
124 127
125 145
126 333
127 146
127 504
128 129
128 130
128 131
130 336
131 498
132 133
132 134
132 135
133 181
133 229
134 231
134 339
135 182
135 474
136 137
136 138
136 139
137 145
138 147
138 342
139 464
140 141
140 142
140 143
141 157
142 159
142 345
143 470
144 145
144 146
144 147
146 348
147 448
148 149
148 150
148 151
149 165
149 205
150 207
150 351
151 166
151 452
152 153
152 154
152 155
153 177
154 179
154 354
155 512
156 157
156 158
156 159
158 357
159 484
160 161
160 162
160 163
161 185
162 360
163 186
163 450
164 165
164 166
164 167
165 213
166 363
167 214
167 446
168 169
168 170
168 171
169 221
170 366
171 222
171 482
172 173
172 174
172 175
174 369
175 510
176 177
176 178
176 179
178 372
179 438
180 181
180 182
180 183
182 375
183 506
184 185
184 186
184 187
186 378
187 496
188 189
188 190
188 191
189 193
189 217
190 219
190 381
191 194
191 458
192 193
192 194
192 195
193 233
194 384
195 234
195 428
196 197
196 198
196 199
197 209
198 387
199 210
199 434
200 201
200 202
200 203
201 229
202 390
203 230
203 426
204 205
204 206
204 207
205 225
206 227
206 393
207 466
208 209
208 210
208 211
210 396
211 468
212 213
212 214
212 215
213 225
214 399
215 226
215 424
216 217
216 218
216 219
217 237
218 239
218 402
219 460
220 221
220 222
220 223
222 405
223 440
224 225
224 226
224 227
226 408
227 422
228 229
228 230
228 231
230 411
231 432
232 233
232 234
232 235
233 237
234 414
235 238
235 420
236 237
236 238
236 239
238 417
239 430
240 241
240 242
241 539
241 540
242 536
242 2340
243 244
243 245
244 523
244 543
245 532
245 2341
246 247
246 248
247 533
247 546
248 526
248 2342
249 250
249 251
250 535
250 549
251 520
251 2343
252 253
252 254
253 537
253 552
254 516
254 2344
255 256
255 257
256 529
256 555
257 538
257 2345
258 259
258 260
259 487
259 558
260 534
260 2346
261 262
261 263
262 525
262 561
263 518
263 2347
264 265
264 266
265 521
265 564
266 472
266 2348
267 268
267 269
268 497
268 567
269 508
269 2349
270 271
270 272
271 457
271 570
272 530
272 2350
273 274
273 275
274 455
274 573
275 476
275 2351
276 277
276 278
277 499
277 576
278 462
278 2352
279 280
279 281
280 527
280 579
281 502
281 2353
282 283
282 284
283 489
283 582
284 492
284 2354
285 286
285 287
286 513
286 585
287 500
287 2355
288 289
288 290
289 503
289 588
290 494
290 2356
291 292
291 293
292 443
292 591
293 480
293 2357
294 295
294 296
295 441
295 594
296 478
296 2358
297 298
297 299
298 517
298 597
299 514
299 2359
300 301
300 302
301 515
301 600
302 528
302 2360
303 304
303 305
304 519
304 603
305 444
305 2361
306 307
306 308
307 479
307 606
308 488
308 2362
309 310
309 311
310 495
310 609
311 522
311 2363
312 313
312 314
313 471
313 612
314 524
314 2364
315 316
315 317
316 469
316 615
317 490
317 2365
318 319
318 320
319 507
319 618
320 436
320 2366
321 322
321 323
322 511
322 621
323 486
323 2367
324 325
324 326
325 501
325 624
326 442
326 2368
327 328
327 329
328 465
328 627
329 456
329 2369
330 331
330 332
331 509
331 630
332 454
332 2370
333 334
333 335
334 531
334 633
335 504
335 2371
336 337
336 338
337 491
337 636
338 498
338 2372
339 340
339 341
340 433
340 639
341 474
341 2373
342 343
342 344
343 449
343 642
344 464
344 2374
345 346
345 347
346 485
346 645
347 470
347 2375
348 349
348 350
349 505
349 648
350 448
350 2376
351 352
351 353
352 467
352 651
353 452
353 2377
354 355
354 356
355 439
355 654
356 512
356 2378
357 358
357 359
358 445
358 657
359 484
359 2379
360 361
360 362
361 477
361 660
362 450
362 2380
363 364
363 365
364 453
364 663
365 446
365 2381
366 367
366 368
367 493
367 666
368 482
368 2382
369 370
369 371
370 473
370 669
371 510
371 2383
372 373
372 374
373 481
373 672
374 438
374 2384
375 376
375 377
376 475
376 675
377 506
377 2385
378 379
378 380
379 451
379 678
380 496
380 2386
381 382
381 383
382 461
382 681
383 458
383 2387
384 385
384 386
385 459
385 684
386 428
386 2388
387 388
387 389
388 463
388 687
389 434
389 2389
390 391
390 392
391 437
391 690
392 426
392 2390
393 394
393 395
394 423
394 693
395 466
395 2391
396 397
396 398
397 435
397 696
398 468
398 2392
399 400
399 401
400 447
400 699
401 424
401 2393
402 403
402 404
403 431
403 702
404 460
404 2394
405 406
405 407
406 483
406 705
407 440
407 2395
408 409
408 410
409 425
409 708
410 422
410 2396
411 412
411 413
412 427
412 711
413 432
413 2397
414 415
414 416
415 429
415 714
416 420
416 2398
417 418
417 419
418 421
418 717
419 430
419 2399
420 421
421 720
422 423
423 723
424 425
425 726
426 427
427 729
428 429
429 732
430 431
431 735
432 433
433 738
434 435
435 741
436 437
437 744
438 439
439 747
440 441
441 750
442 443
443 753
444 445
445 756
446 447
447 759
448 449
449 762
450 451
451 765
452 453
453 768
454 455
455 771
456 457
457 774
458 459
459 777
460 461
461 780
462 463
463 783
464 465
465 786
466 467
467 789
468 469
469 792
470 471
471 795
472 473
473 798
474 475
475 801
476 477
477 804
478 479
479 807
480 481
481 810
482 483
483 813
484 485
485 816
486 487
487 819
488 489
489 822
490 491
491 825
492 493
493 828
494 495
495 831
496 497
497 834
498 499
499 837
500 501
501 840
502 503
503 843
504 505
505 846
506 507
507 849
508 509
509 852
510 511
511 855
512 513
513 858
514 515
515 861
516 517
517 864
518 519
519 867
520 521
521 870
522 523
523 873
524 525
525 876
526 527
527 879
528 529
529 882
530 531
531 885
532 533
533 888
534 535
535 891
536 537
537 894
538 539
539 897
540 541
540 542
541 898
541 900
542 2340
542 2400
543 544
543 545
544 874
544 903
545 2341
545 2402
546 547
546 548
547 889
547 906
548 2342
548 2404
549 550
549 551
550 892
550 909
551 2343
551 2406
552 553
552 554
553 895
553 912
554 2344
554 2408
555 556
555 557
556 883
556 915
557 2345
557 2410
558 559
558 560
559 820
559 918
560 2346
560 2412
561 562
561 563
562 877
562 921
563 2347
563 2414
564 565
564 566
565 871
565 924
566 2348
566 2416
567 568
567 569
568 835
568 927
569 2349
569 2418
570 571
570 572
571 775
571 930
572 2350
572 2420
573 574
573 575
574 772
574 933
575 2351
575 2422
576 577
576 578
577 838
577 936
578 2352
578 2424
579 580
579 581
580 880
580 939
581 2353
581 2426
582 583
582 584
583 823
583 942
584 2354
584 2428
585 586
585 587
586 859
586 945
587 2355
587 2430
588 589
588 590
589 844
589 948
590 2356
590 2432
591 592
591 593
592 754
592 951
593 2357
593 2434
594 595
594 596
595 751
595 954
596 2358
596 2436
597 598
597 599
598 865
598 957
599 2359
599 2438
600 601
600 602
601 862
601 960
602 2360
602 2440
603 604
603 605
604 868
604 963
605 2361
605 2442
606 607
606 608
607 808
607 966
608 2362
608 2444
609 610
609 611
610 832
610 969
611 2363
611 2446
612 613
612 614
613 796
613 972
614 2364
614 2448
615 616
615 617
616 793
616 975
617 2365
617 2450
618 619
618 620
619 850
619 978
620 2366
620 2452
621 622
621 623
622 856
622 981
623 2367
623 2454
624 625
624 626
625 841
625 984
626 2368
626 2456
627 628
627 629
628 787
628 987
629 2369
629 2458
630 631
630 632
631 853
631 990
632 2370
632 2460
633 634
633 635
634 886
634 993
635 2371
635 2462
636 637
636 638
637 826
637 996
638 2372
638 2464
639 640
639 641
640 739
640 999
641 2373
641 2466
642 643
642 644
643 763
643 1002
644 2374
644 2468
645 646
645 647
646 817
646 1005
647 2375
647 2470
648 649
648 650
649 847
649 1008
650 2376
650 2472
651 652
651 653
652 790
652 1011
653 2377
653 2474
654 655
654 656
655 748
655 1014
656 2378
656 2476
657 658
657 659
658 757
658 1017
659 2379
659 2478
660 661
660 662
661 805
661 1020
662 2380
662 2480
663 664
663 665
664 769
664 1023
665 2381
665 2482
666 667
666 668
667 829
667 1026
668 2382
668 2484
669 670
669 671
670 799
670 1029
671 2383
671 2486
672 673
672 674
673 811
673 1032
674 2384
674 2488
675 676
675 677
676 802
676 1035
677 2385
677 2490
678 679
678 680
679 766
679 1038
680 2386
680 2492
681 682
681 683
682 781
682 1041
683 2387
683 2494
684 685
684 686
685 778
685 1044
686 2388
686 2496
687 688
687 689
688 784
688 1047
689 2389
689 2498
690 691
690 692
691 745
691 1050
692 2390
692 2500
693 694
693 695
694 724
694 1053
695 2391
695 2502
696 697
696 698
697 742
697 1056
698 2392
698 2504
699 700
699 701
700 760
700 1059
701 2393
701 2506
702 703
702 704
703 736
703 1062
704 2394
704 2508
705 706
705 707
706 814
706 1065
707 2395
707 2510
708 709
708 710
709 727
709 1068
710 2396
710 2512
711 712
711 713
712 730
712 1071
713 2397
713 2514
714 715
714 716
715 733
715 1074
716 2398
716 2516
717 718
717 719
718 721
718 1077
719 2399
719 2518
720 721
720 722
721 1080
722 2398
722 2520
723 724
723 725
724 1083
725 2396
725 2521
726 727
726 728
727 1086
728 2393
728 2522
729 730
729 731
730 1089
731 2390
731 2523
732 733
732 734
733 1092
734 2388
734 2524
735 736
735 737
736 1095
737 2399
737 2525
738 739
738 740
739 1098
740 2397
740 2526
741 742
741 743
742 1101
743 2389
743 2527
744 745
744 746
745 1104
746 2366
746 2528
747 748
747 749
748 1107
749 2384
749 2529
750 751
750 752
751 1110
752 2395
752 2530
753 754
753 755
754 1113
755 2368
755 2531
756 757
756 758
757 1116
758 2361
758 2532
759 760
759 761
760 1119
761 2381
761 2533
762 763
762 764
763 1122
764 2376
764 2534
765 766
765 767
766 1125
767 2380
767 2535
768 769
768 770
769 1128
770 2377
770 2536
771 772
771 773
772 1131
773 2370
773 2537
774 775
774 776
775 1134
776 2369
776 2538
777 778
777 779
778 1137
779 2387
779 2539
780 781
780 782
781 1140
782 2394
782 2540
783 784
783 785
784 1143
785 2352
785 2541
786 787
786 788
787 1146
788 2374
788 2542
789 790
789 791
790 1149
791 2391
791 2543
792 793
792 794
793 1152
794 2392
794 2544
795 796
795 797
796 1155
797 2375
797 2545
798 799
798 800
799 1158
800 2348
800 2546
801 802
801 803
802 1161
803 2373
803 2547
804 805
804 806
805 1164
806 2351
806 2548
807 808
807 809
808 1167
809 2358
809 2549
810 811
810 812
811 1170
812 2357
812 2550
813 814
813 815
814 1173
815 2382
815 2551
816 817
816 818
817 1176
818 2379
818 2552
819 820
819 821
820 1179
821 2367
821 2553
822 823
822 824
823 1182
824 2362
824 2554
825 826
825 827
826 1185
827 2365
827 2555
828 829
828 830
829 1188
830 2354
830 2556
831 832
831 833
832 1191
833 2356
833 2557
834 835
834 836
835 1194
836 2386
836 2558
837 838
837 839
838 1197
839 2372
839 2559
840 841
840 842
841 1200
842 2355
842 2560
843 844
843 845
844 1203
845 2353
845 2561
846 847
846 848
847 1206
848 2371
848 2562
849 850
849 851
850 1209
851 2385
851 2563
852 853
852 854
853 1212
854 2349
854 2564
855 856
855 857
856 1215
857 2383
857 2565
858 859
858 860
859 1218
860 2378
860 2566
861 862
861 863
862 1221
863 2359
863 2567
864 865
864 866
865 1224
866 2344
866 2568
867 868
867 869
868 1227
869 2347
869 2569
870 871
870 872
871 1230
872 2343
872 2570
873 874
873 875
874 1233
875 2363
875 2571
876 877
876 878
877 1236
878 2364
878 2572
879 880
879 881
880 1239
881 2342
881 2573
882 883
882 884
883 1242
884 2360
884 2574
885 886
885 887
886 1245
887 2350
887 2575
888 889
888 890
889 1248
890 2341
890 2576
891 892
891 893
892 1251
893 2346
893 2577
894 895
894 896
895 1254
896 2340
896 2578
897 898
897 899
898 1257
899 2345
899 2579
900 901
900 902
901 1258
901 1260
902 2400
902 2580
903 904
903 905
904 1234
904 1263
905 2402
905 2582
906 907
906 908
907 1249
907 1266
908 2404
908 2584
909 910
909 911
910 1252
910 1269
911 2406
911 2586
912 913
912 914
913 1255
913 1272
914 2408
914 2588
915 916
915 917
916 1243
916 1275
917 2410
917 2590
918 919
918 920
919 1180
919 1278
920 2412
920 2592
921 922
921 923
922 1237
922 1281
923 2414
923 2594
924 925
924 926
925 1231
925 1284
926 2416
926 2596
927 928
927 929
928 1195
928 1287
929 2418
929 2598
930 931
930 932
931 1135
931 1290
932 2420
932 2600
933 934
933 935
934 1132
934 1293
935 2422
935 2602
936 937
936 938
937 1198
937 1296
938 2424
938 2604
939 940
939 941
940 1240
940 1299
941 2426
941 2606
942 943
942 944
943 1183
943 1302
944 2428
944 2608
945 946
945 947
946 1219
946 1305
947 2430
947 2610
948 949
948 950
949 1204
949 1308
950 2432
950 2612
951 952
951 953
952 1114
952 1311
953 2434
953 2614
954 955
954 956
955 1111
955 1314
956 2436
956 2616
957 958
957 959
958 1225
958 1317
959 2438
959 2618
960 961
960 962
961 1222
961 1320
962 2440
962 2620
963 964
963 965
964 1228
964 1323
965 2442
965 2622
966 967
966 968
967 1168
967 1326
968 2444
968 2624
969 970
969 971
970 1192
970 1329
971 2446
971 2626
972 973
972 974
973 1156
973 1332
974 2448
974 2628
975 976
975 977
976 1153
976 1335
977 2450
977 2630
978 979
978 980
979 1210
979 1338
980 2452
980 2632
981 982
981 983
982 1216
982 1341
983 2454
983 2634
984 985
984 986
985 1201
985 1344
986 2456
986 2636
987 988
987 989
988 1147
988 1347
989 2458
989 2638
990 991
990 992
991 1213
991 1350
992 2460
992 2640
993 994
993 995
994 1246
994 1353
995 2462
995 2642
996 997
996 998
997 1186
997 1356
998 2464
998 2644
999 1000
999 1001
1000 1099
1000 1359
1001 2466
1001 2646
1002 1003
1002 1004
1003 1123
1003 1362
1004 2468
1004 2648
1005 1006
1005 1007
1006 1177
1006 1365
1007 2470
1007 2650
1008 1009
1008 1010
1009 1207
1009 1368
1010 2472
1010 2652
1011 1012
1011 1013
1012 1150
1012 1371
1013 2474
1013 2654
1014 1015
1014 1016
1015 1108
1015 1374
1016 2476
1016 2656
1017 1018
1017 1019
1018 1117
1018 1377
1019 2478
1019 2658
1020 1021
1020 1022
1021 1165
1021 1380
1022 2480
1022 2660
1023 1024
1023 1025
1024 1129
1024 1383
1025 2482
1025 2662
1026 1027
1026 1028
1027 1189
1027 1386
1028 2484
1028 2664
1029 1030
1029 1031
1030 1159
1030 1389
1031 2486
1031 2666
1032 1033
1032 1034
1033 1171
1033 1392
1034 2488
1034 2668
1035 1036
1035 1037
1036 1162
1036 1395
1037 2490
1037 2670
1038 1039
1038 1040
1039 1126
1039 1398
1040 2492
1040 2672
1041 1042
1041 1043
1042 1141
1042 1401
1043 2494
1043 2674
1044 1045
1044 1046
1045 1138
1045 1404
1046 2496
1046 2676
1047 1048
1047 1049
1048 1144
1048 1407
1049 2498
1049 2678
1050 1051
1050 1052
1051 1105
1051 1410
1052 2500
1052 2680
1053 1054
1053 1055
1054 1084
1054 1413
1055 2502
1055 2682
1056 1057
1056 1058
1057 1102
1057 1416
1058 2504
1058 2684
1059 1060
1059 1061
1060 1120
1060 1419
1061 2506
1061 2686
1062 1063
1062 1064
1063 1096
1063 1422
1064 2508
1064 2688
1065 1066
1065 1067
1066 1174
1066 1425
1067 2510
1067 2690
1068 1069
1068 1070
1069 1087
1069 1428
1070 2512
1070 2692
1071 1072
1071 1073
1072 1090
1072 1431
1073 2514
1073 2694
1074 1075
1074 1076
1075 1093
1075 1434
1076 2516
1076 2696
1077 1078
1077 1079
1078 1081
1078 1437
1079 2518
1079 2698
1080 1081
1080 1082
1081 1440
1082 2520
1082 2700
1083 1084
1083 1085
1084 1443
1085 2521
1085 2702
1086 1087
1086 1088
1087 1446
1088 2522
1088 2704
1089 1090
1089 1091
1090 1449
1091 2523
1091 2706
1092 1093
1092 1094
1093 1452
1094 2524
1094 2708
1095 1096
1095 1097
1096 1455
1097 2525
1097 2710
1098 1099
1098 1100
1099 1458
1100 2526
1100 2712
1101 1102
1101 1103
1102 1461
1103 2527
1103 2714
1104 1105
1104 1106
1105 1464
1106 2528
1106 2716
1107 1108
1107 1109
1108 1467
1109 2529
1109 2718
1110 1111
1110 1112
1111 1470
1112 2530
1112 2720
1113 1114
1113 1115
1114 1473
1115 2531
1115 2722
1116 1117
1116 1118
1117 1476
1118 2532
1118 2724
1119 1120
1119 1121
1120 1479
1121 2533
1121 2726
1122 1123
1122 1124
1123 1482
1124 2534
1124 2728
1125 1126
1125 1127
1126 1485
1127 2535
1127 2730
1128 1129
1128 1130
1129 1488
1130 2536
1130 2732
1131 1132
1131 1133
1132 1491
1133 2537
1133 2734
1134 1135
1134 1136
1135 1494
1136 2538
1136 2736
1137 1138
1137 1139
1138 1497
1139 2539
1139 2738
1140 1141
1140 1142
1141 1500
1142 2540
1142 2740
1143 1144
1143 1145
1144 1503
1145 2541
1145 2742
1146 1147
1146 1148
1147 1506
1148 2542
1148 2744
1149 1150
1149 1151
1150 1509
1151 2543
1151 2746
1152 1153
1152 1154
1153 1512
1154 2544
1154 2748
1155 1156
1155 1157
1156 1515
1157 2545
1157 2750
1158 1159
1158 1160
1159 1518
1160 2546
1160 2752
1161 1162
1161 1163
1162 1521
1163 2547
1163 2754
1164 1165
1164 1166
1165 1524
1166 2548
1166 2756
1167 1168
1167 1169
1168 1527
1169 2549
1169 2758
1170 1171
1170 1172
1171 1530
1172 2550
1172 2760
1173 1174
1173 1175
1174 1533
1175 2551
1175 2762
1176 1177
1176 1178
1177 1536
1178 2552
1178 2764
1179 1180
1179 1181
1180 1539
1181 2553
1181 2766
1182 1183
1182 1184
1183 1542
1184 2554
1184 2768
1185 1186
1185 1187
1186 1545
1187 2555
1187 2770
1188 1189
1188 1190
1189 1548
1190 2556
1190 2772
1191 1192
1191 1193
1192 1551
1193 2557
1193 2774
1194 1195
1194 1196
1195 1554
1196 2558
1196 2776
1197 1198
1197 1199
1198 1557
1199 2559
1199 2778
1200 1201
1200 1202
1201 1560
1202 2560
1202 2780
1203 1204
1203 1205
1204 1563
1205 2561
1205 2782
1206 1207
1206 1208
1207 1566
1208 2562
1208 2784
1209 1210
1209 1211
1210 1569
1211 2563
1211 2786
1212 1213
1212 1214
1213 1572
1214 2564
1214 2788
1215 1216
1215 1217
1216 1575
1217 2565
1217 2790
1218 1219
1218 1220
1219 1578
1220 2566
1220 2792
1221 1222
1221 1223
1222 1581
1223 2567
1223 2794
1224 1225
1224 1226
1225 1584
1226 2568
1226 2796
1227 1228
1227 1229
1228 1587
1229 2569
1229 2798
1230 1231
1230 1232
1231 1590
1232 2570
1232 2800
1233 1234
1233 1235
1234 1593
1235 2571
1235 2802
1236 1237
1236 1238
1237 1596
1238 2572
1238 2804
1239 1240
1239 1241
1240 1599
1241 2573
1241 2806
1242 1243
1242 1244
1243 1602
1244 2574
1244 2808
1245 1246
1245 1247
1246 1605
1247 2575
1247 2810
1248 1249
1248 1250
1249 1608
1250 2576
1250 2812
1251 1252
1251 1253
1252 1611
1253 2577
1253 2814
1254 1255
1254 1256
1255 1614
1256 2578
1256 2816
1257 1258
1257 1259
1258 1617
1259 2579
1259 2818
1260 1261
1260 1262
1261 1618
1261 1620
1262 2580
1262 2820
1263 1264
1263 1265
1264 1594
1264 1623
1265 2582
1265 2822
1266 1267
1266 1268
1267 1609
1267 1626
1268 2584
1268 2824
1269 1270
1269 1271
1270 1612
1270 1629
1271 2586
1271 2826
1272 1273
1272 1274
1273 1615
1273 1632
1274 2588
1274 2828
1275 1276
1275 1277
1276 1603
1276 1635
1277 2590
1277 2830
1278 1279
1278 1280
1279 1540
1279 1638
1280 2592
1280 2832
1281 1282
1281 1283
1282 1597
1282 1641
1283 2594
1283 2834
1284 1285
1284 1286
1285 1591
1285 1644
1286 2596
1286 2836
1287 1288
1287 1289
1288 1555
1288 1647
1289 2598
1289 2838
1290 1291
1290 1292
1291 1495
1291 1650
1292 2600
1292 2840
1293 1294
1293 1295
1294 1492
1294 1653
1295 2602
1295 2842
1296 1297
1296 1298
1297 1558
1297 1656
1298 2604
1298 2844
1299 1300
1299 1301
1300 1600
1300 1659
1301 2606
1301 2846
1302 1303
1302 1304
1303 1543
1303 1662
1304 2608
1304 2848
1305 1306
1305 1307
1306 1579
1306 1665
1307 2610
1307 2850
1308 1309
1308 1310
1309 1564
1309 1668
1310 2612
1310 2852
1311 1312
1311 1313
1312 1474
1312 1671
1313 2614
1313 2854
1314 1315
1314 1316
1315 1471
1315 1674
1316 2616
1316 2856
1317 1318
1317 1319
1318 1585
1318 1677
1319 2618
1319 2858
1320 1321
1320 1322
1321 1582
1321 1680
1322 2620
1322 2860
1323 1324
1323 1325
1324 1588
1324 1683
1325 2622
1325 2862
1326 1327
1326 1328
1327 1528
1327 1686
1328 2624
1328 2864
1329 1330
1329 1331
1330 1552
1330 1689
1331 2626
1331 2866
1332 1333
1332 1334
1333 1516
1333 1692
1334 2628
1334 2868
1335 1336
1335 1337
1336 1513
1336 1695
1337 2630
1337 2870
1338 1339
1338 1340
1339 1570
1339 1698
1340 2632
1340 2872
1341 1342
1341 1343
1342 1576
1342 1701
1343 2634
1343 2874
1344 1345
1344 1346
1345 1561
1345 1704
1346 2636
1346 2876
1347 1348
1347 1349
1348 1507
1348 1707
1349 2638
1349 2878
1350 1351
1350 1352
1351 1573
1351 1710
1352 2640
1352 2880
1353 1354
1353 1355
1354 1606
1354 1713
1355 2642
1355 2882
1356 1357
1356 1358
1357 1546
1357 1716
1358 2644
1358 2884
1359 1360
1359 1361
1360 1459
1360 1719
1361 2646
1361 2886
1362 1363
1362 1364
1363 1483
1363 1722
1364 2648
1364 2888
1365 1366
1365 1367
1366 1537
1366 1725
1367 2650
1367 2890
1368 1369
1368 1370
1369 1567
1369 1728
1370 2652
1370 2892
1371 1372
1371 1373
1372 1510
1372 1731
1373 2654
1373 2894
1374 1375
1374 1376
1375 1468
1375 1734
1376 2656
1376 2896
1377 1378
1377 1379
1378 1477
1378 1737
1379 2658
1379 2898
1380 1381
1380 1382
1381 1525
1381 1740
1382 2660
1382 2900
1383 1384
1383 1385
1384 1489
1384 1743
1385 2662
1385 2902
1386 1387
1386 1388
1387 1549
1387 1746
1388 2664
1388 2904
1389 1390
1389 1391
1390 1519
1390 1749
1391 2666
1391 2906
1392 1393
1392 1394
1393 1531
1393 1752
1394 2668
1394 2908
1395 1396
1395 1397
1396 1522
1396 1755
1397 2670
1397 2910
1398 1399
1398 1400
1399 1486
1399 1758
1400 2672
1400 2912
1401 1402
1401 1403
1402 1501
1402 1761
1403 2674
1403 2914
1404 1405
1404 1406
1405 1498
1405 1764
1406 2676
1406 2916
1407 1408
1407 1409
1408 1504
1408 1767
1409 2678
1409 2918
1410 1411
1410 1412
1411 1465
1411 1770
1412 2680
1412 2920
1413 1414
1413 1415
1414 1444
1414 1773
1415 2682
1415 2922
1416 1417
1416 1418
1417 1462
1417 1776
1418 2684
1418 2924
1419 1420
1419 1421
1420 1480
1420 1779
1421 2686
1421 2926
1422 1423
1422 1424
1423 1456
1423 1782
1424 2688
1424 2928
1425 1426
1425 1427
1426 1534
1426 1785
1427 2690
1427 2930
1428 1429
1428 1430
1429 1447
1429 1788
1430 2692
1430 2932
1431 1432
1431 1433
1432 1450
1432 1791
1433 2694
1433 2934
1434 1435
1434 1436
1435 1453
1435 1794
1436 2696
1436 2936
1437 1438
1437 1439
1438 1441
1438 1797
1439 2698
1439 2938
1440 1441
1440 1442
1441 1800
1442 2700
1442 2940
1443 1444
1443 1445
1444 1803
1445 2702
1445 2942
1446 1447
1446 1448
1447 1806
1448 2704
1448 2944
1449 1450
1449 1451
1450 1809
1451 2706
1451 2946
1452 1453
1452 1454
1453 1812
1454 2708
1454 2948
1455 1456
1455 1457
1456 1815
1457 2710
1457 2950
1458 1459
1458 1460
1459 1818
1460 2712
1460 2952
1461 1462
1461 1463
1462 1821
1463 2714
1463 2954
1464 1465
1464 1466
1465 1824
1466 2716
1466 2956
1467 1468
1467 1469
1468 1827
1469 2718
1469 2958
1470 1471
1470 1472
1471 1830
1472 2720
1472 2960
1473 1474
1473 1475
1474 1833
1475 2722
1475 2962
1476 1477
1476 1478
1477 1836
1478 2724
1478 2964
1479 1480
1479 1481
1480 1839
1481 2726
1481 2966
1482 1483
1482 1484
1483 1842
1484 2728
1484 2968
1485 1486
1485 1487
1486 1845
1487 2730
1487 2970
1488 1489
1488 1490
1489 1848
1490 2732
1490 2972
1491 1492
1491 1493
1492 1851
1493 2734
1493 2974
1494 1495
1494 1496
1495 1854
1496 2736
1496 2976
1497 1498
1497 1499
1498 1857
1499 2738
1499 2978
1500 1501
1500 1502
1501 1860
1502 2740
1502 2980
1503 1504
1503 1505
1504 1863
1505 2742
1505 2982
1506 1507
1506 1508
1507 1866
1508 2744
1508 2984
1509 1510
1509 1511
1510 1869
1511 2746
1511 2986
1512 1513
1512 1514
1513 1872
1514 2748
1514 2988
1515 1516
1515 1517
1516 1875
1517 2750
1517 2990
1518 1519
1518 1520
1519 1878
1520 2752
1520 2992
1521 1522
1521 1523
1522 1881
1523 2754
1523 2994
1524 1525
1524 1526
1525 1884
1526 2756
1526 2996
1527 1528
1527 1529
1528 1887
1529 2758
1529 2998
1530 1531
1530 1532
1531 1890
1532 2760
1532 3000
1533 1534
1533 1535
1534 1893
1535 2762
1535 3002
1536 1537
1536 1538
1537 1896
1538 2764
1538 3004
1539 1540
1539 1541
1540 1899
1541 2766
1541 3006
1542 1543
1542 1544
1543 1902
1544 2768
1544 3008
1545 1546
1545 1547
1546 1905
1547 2770
1547 3010
1548 1549
1548 1550
1549 1908
1550 2772
1550 3012
1551 1552
1551 1553
1552 1911
1553 2774
1553 3014
1554 1555
1554 1556
1555 1914
1556 2776
1556 3016
1557 1558
1557 1559
1558 1917
1559 2778
1559 3018
1560 1561
1560 1562
1561 1920
1562 2780
1562 3020
1563 1564
1563 1565
1564 1923
1565 2782
1565 3022
1566 1567
1566 1568
1567 1926
1568 2784
1568 3024
1569 1570
1569 1571
1570 1929
1571 2786
1571 3026
1572 1573
1572 1574
1573 1932
1574 2788
1574 3028
1575 1576
1575 1577
1576 1935
1577 2790
1577 3030
1578 1579
1578 1580
1579 1938
1580 2792
1580 3032
1581 1582
1581 1583
1582 1941
1583 2794
1583 3034
1584 1585
1584 1586
1585 1944
1586 2796
1586 3036
1587 1588
1587 1589
1588 1947
1589 2798
1589 3038
1590 1591
1590 1592
1591 1950
1592 2800
1592 3040
1593 1594
1593 1595
1594 1953
1595 2802
1595 3042
1596 1597
1596 1598
1597 1956
1598 2804
1598 3044
1599 1600
1599 1601
1600 1959
1601 2806
1601 3046
1602 1603
1602 1604
1603 1962
1604 2808
1604 3048
1605 1606
1605 1607
1606 1965
1607 2810
1607 3050
1608 1609
1608 1610
1609 1968
1610 2812
1610 3052
1611 1612
1611 1613
1612 1971
1613 2814
1613 3054
1614 1615
1614 1616
1615 1974
1616 2816
1616 3056
1617 1618
1617 1619
1618 1977
1619 2818
1619 3058
1620 1621
1620 1622
1621 1978
1621 1980
1622 2820
1622 3060
1623 1624
1623 1625
1624 1954
1624 1983
1625 2822
1625 3062
1626 1627
1626 1628
1627 1969
1627 1986
1628 2824
1628 3064
1629 1630
1629 1631
1630 1972
1630 1989
1631 2826
1631 3066
1632 1633
1632 1634
1633 1975
1633 1992
1634 2828
1634 3068
1635 1636
1635 1637
1636 1963
1636 1995
1637 2830
1637 3070
1638 1639
1638 1640
1639 1900
1639 1998
1640 2832
1640 3072
1641 1642
1641 1643
1642 1957
1642 2001
1643 2834
1643 3074
1644 1645
1644 1646
1645 1951
1645 2004
1646 2836
1646 3076
1647 1648
1647 1649
1648 1915
1648 2007
1649 2838
1649 3078
1650 1651
1650 1652
1651 1855
1651 2010
1652 2840
1652 3080
1653 1654
1653 1655
1654 1852
1654 2013
1655 2842
1655 3082
1656 1657
1656 1658
1657 1918
1657 2016
1658 2844
1658 3084
1659 1660
1659 1661
1660 1960
1660 2019
1661 2846
1661 3086
1662 1663
1662 1664
1663 1903
1663 2022
1664 2848
1664 3088
1665 1666
1665 1667
1666 1939
1666 2025
1667 2850
1667 3090
1668 1669
1668 1670
1669 1924
1669 2028
1670 2852
1670 3092
1671 1672
1671 1673
1672 1834
1672 2031
1673 2854
1673 3094
1674 1675
1674 1676
1675 1831
1675 2034
1676 2856
1676 3096
1677 1678
1677 1679
1678 1945
1678 2037
1679 2858
1679 3098
1680 1681
1680 1682
1681 1942
1681 2040
1682 2860
1682 3100
1683 1684
1683 1685
1684 1948
1684 2043
1685 2862
1685 3102
1686 1687
1686 1688
1687 1888
1687 2046
1688 2864
1688 3104
1689 1690
1689 1691
1690 1912
1690 2049
1691 2866
1691 3106
1692 1693
1692 1694
1693 1876
1693 2052
1694 2868
1694 3108
1695 1696
1695 1697
1696 1873
1696 2055
1697 2870
1697 3110
1698 1699
1698 1700
1699 1930
1699 2058
1700 2872
1700 3112
1701 1702
1701 1703
1702 1936
1702 2061
1703 2874
1703 3114
1704 1705
1704 1706
1705 1921
1705 2064
1706 2876
1706 3116
1707 1708
1707 1709
1708 1867
1708 2067
1709 2878
1709 3118
1710 1711
1710 1712
1711 1933
1711 2070
1712 2880
1712 3120
1713 1714
1713 1715
1714 1966
1714 2073
1715 2882
1715 3122
1716 1717
1716 1718
1717 1906
1717 2076
1718 2884
1718 3124
1719 1720
1719 1721
1720 1819
1720 2079
1721 2886
1721 3126
1722 1723
1722 1724
1723 1843
1723 2082
1724 2888
1724 3128
1725 1726
1725 1727
1726 1897
1726 2085
1727 2890
1727 3130
1728 1729
1728 1730
1729 1927
1729 2088
1730 2892
1730 3132
1731 1732
1731 1733
1732 1870
1732 2091
1733 2894
1733 3134
1734 1735
1734 1736
1735 1828
1735 2094
1736 2896
1736 3136
1737 1738
1737 1739
1738 1837
1738 2097
1739 2898
1739 3138
1740 1741
1740 1742
1741 1885
1741 2100
1742 2900
1742 3140
1743 1744
1743 1745
1744 1849
1744 2103
1745 2902
1745 3142
1746 1747
1746 1748
1747 1909
1747 2106
1748 2904
1748 3144
1749 1750
1749 1751
1750 1879
1750 2109
1751 2906
1751 3146
1752 1753
1752 1754
1753 1891
1753 2112
1754 2908
1754 3148
1755 1756
1755 1757
1756 1882
1756 2115
1757 2910
1757 3150
1758 1759
1758 1760
1759 1846
1759 2118
1760 2912
1760 3152
1761 1762
1761 1763
1762 1861
1762 2121
1763 2914
1763 3154
1764 1765
1764 1766
1765 1858
1765 2124
1766 2916
1766 3156
1767 1768
1767 1769
1768 1864
1768 2127
1769 2918
1769 3158
1770 1771
1770 1772
1771 1825
1771 2130
1772 2920
1772 3160
1773 1774
1773 1775
1774 1804
1774 2133
1775 2922
1775 3162
1776 1777
1776 1778
1777 1822
1777 2136
1778 2924
1778 3164
1779 1780
1779 1781
1780 1840
1780 2139
1781 2926
1781 3166
1782 1783
1782 1784
1783 1816
1783 2142
1784 2928
1784 3168
1785 1786
1785 1787
1786 1894
1786 2145
1787 2930
1787 3170
1788 1789
1788 1790
1789 1807
1789 2148
1790 2932
1790 3172
1791 1792
1791 1793
1792 1810
1792 2151
1793 2934
1793 3174
1794 1795
1794 1796
1795 1813
1795 2154
1796 2936
1796 3176
1797 1798
1797 1799
1798 1801
1798 2157
1799 2938
1799 3178
1800 1801
1800 1802
1801 2160
1802 2940
1802 3180
1803 1804
1803 1805
1804 2163
1805 2942
1805 3182
1806 1807
1806 1808
1807 2166
1808 2944
1808 3184
1809 1810
1809 1811
1810 2169
1811 2946
1811 3186
1812 1813
1812 1814
1813 2172
1814 2948
1814 3188
1815 1816
1815 1817
1816 2175
1817 2950
1817 3190
1818 1819
1818 1820
1819 2178
1820 2952
1820 3192
1821 1822
1821 1823
1822 2181
1823 2954
1823 3194
1824 1825
1824 1826
1825 2184
1826 2956
1826 3196
1827 1828
1827 1829
1828 2187
1829 2958
1829 3198
1830 1831
1830 1832
1831 2190
1832 2960
1832 3200
1833 1834
1833 1835
1834 2193
1835 2962
1835 3202
1836 1837
1836 1838
1837 2196
1838 2964
1838 3204
1839 1840
1839 1841
1840 2199
1841 2966
1841 3206
1842 1843
1842 1844
1843 2202
1844 2968
1844 3208
1845 1846
1845 1847
1846 2205
1847 2970
1847 3210
1848 1849
1848 1850
1849 2208
1850 2972
1850 3212
1851 1852
1851 1853
1852 2211
1853 2974
1853 3214
1854 1855
1854 1856
1855 2214
1856 2976
1856 3216
1857 1858
1857 1859
1858 2217
1859 2978
1859 3218
1860 1861
1860 1862
1861 2220
1862 2980
1862 3220
1863 1864
1863 1865
1864 2223
1865 2982
1865 3222
1866 1867
1866 1868
1867 2226
1868 2984
1868 3224
1869 1870
1869 1871
1870 2229
1871 2986
1871 3226
1872 1873
1872 1874
1873 2232
1874 2988
1874 3228
1875 1876
1875 1877
1876 2235
1877 2990
1877 3230
1878 1879
1878 1880
1879 2238
1880 2992
1880 3232
1881 1882
1881 1883
1882 2241
1883 2994
1883 3234
1884 1885
1884 1886
1885 2244
1886 2996
1886 3236
1887 1888
1887 1889
1888 2247
1889 2998
1889 3238
1890 1891
1890 1892
1891 2250
1892 3000
1892 3240
1893 1894
1893 1895
1894 2253
1895 3002
1895 3242
1896 1897
1896 1898
1897 2256
1898 3004
1898 3244
1899 1900
1899 1901
1900 2259
1901 3006
1901 3246
1902 1903
1902 1904
1903 2262
1904 3008
1904 3248
1905 1906
1905 1907
1906 2265
1907 3010
1907 3250
1908 1909
1908 1910
1909 2268
1910 3012
1910 3252
1911 1912
1911 1913
1912 2271
1913 3014
1913 3254
1914 1915
1914 1916
1915 2274
1916 3016
1916 3256
1917 1918
1917 1919
1918 2277
1919 3018
1919 3258
1920 1921
1920 1922
1921 2280
1922 3020
1922 3260
1923 1924
1923 1925
1924 2283
1925 3022
1925 3262
1926 1927
1926 1928
1927 2286
1928 3024
1928 3264
1929 1930
1929 1931
1930 2289
1931 3026
1931 3266
1932 1933
1932 1934
1933 2292
1934 3028
1934 3268
1935 1936
1935 1937
1936 2295
1937 3030
1937 3270
1938 1939
1938 1940
1939 2298
1940 3032
1940 3272
1941 1942
1941 1943
1942 2301
1943 3034
1943 3274
1944 1945
1944 1946
1945 2304
1946 3036
1946 3276
1947 1948
1947 1949
1948 2307
1949 3038
1949 3278
1950 1951
1950 1952
1951 2310
1952 3040
1952 3280
1953 1954
1953 1955
1954 2313
1955 3042
1955 3282
1956 1957
1956 1958
1957 2316
1958 3044
1958 3284
1959 1960
1959 1961
1960 2319
1961 3046
1961 3286
1962 1963
1962 1964
1963 2322
1964 3048
1964 3288
1965 1966
1965 1967
1966 2325
1967 3050
1967 3290
1968 1969
1968 1970
1969 2328
1970 3052
1970 3292
1971 1972
1971 1973
1972 2331
1973 3054
1973 3294
1974 1975
1974 1976
1975 2334
1976 3056
1976 3296
1977 1978
1977 1979
1978 2337
1979 3058
1979 3298
1980 1981
1980 1982
1981 2329
1981 2338
1982 2330
1982 3060
1983 1984
1983 1985
1984 2314
1984 2335
1985 2336
1985 3062
1986 1987
1986 1988
1987 2329
1987 2332
1988 2333
1988 3064
1989 1990
1989 1991
1990 2332
1990 2338
1991 2339
1991 3066
1992 1993
1992 1994
1993 2317
1993 2335
1994 2318
1994 3068
1995 1996
1995 1997
1996 2311
1996 2323
1997 2312
1997 3070
1998 1999
1998 2000
1999 2260
1999 2320
2000 2321
2000 3072
2001 2002
2001 2003
2002 2314
2002 2317
2003 2315
2003 3074
2004 2005
2004 2006
2005 2263
2005 2311
2006 2264
2006 3076
2007 2008
2007 2009
2008 2275
2008 2284
2009 2285
2009 3078
2010 2011
2010 2012
2011 2215
2011 2272
2012 2273
2012 3080
2013 2014
2013 2015
2014 2212
2014 2266
2015 2267
2015 3082
2016 2017
2016 2018
2017 2248
2017 2278
2018 2249
2018 3084
2019 2020
2019 2021
2020 2293
2020 2320
2021 2294
2021 3086
2022 2023
2022 2024
2023 2263
2023 2323
2024 2324
2024 3088
2025 2026
2025 2027
2026 2299
2026 2302
2027 2303
2027 3090
2028 2029
2028 2030
2029 2284
2029 2326
2030 2327
2030 3092
2031 2032
2031 2033
2032 2194
2032 2242
2033 2243
2033 3094
2034 2035
2034 2036
2035 2191
2035 2224
2036 2225
2036 3096
2037 2038
2037 2039
2038 2281
2038 2305
2039 2282
2039 3098
2040 2041
2040 2042
2041 2269
2041 2302
2042 2270
2042 3100
2043 2044
2043 2045
2044 2215
2044 2308
2045 2216
2045 3102
2046 2047
2046 2048
2047 2239
2047 2248
2048 2240
2048 3104
2049 2050
2049 2051
2050 2272
2050 2308
2051 2309
2051 3106
2052 2053
2052 2054
2053 2236
2053 2305
2054 2306
2054 3108
2055 2056
2055 2057
2056 2233
2056 2245
2057 2246
2057 3110
2058 2059
2058 2060
2059 2227
2059 2290
2060 2228
2060 3112
2061 2062
2061 2063
2062 2212
2062 2296
2063 2213
2063 3114
2064 2065
2064 2066
2065 2236
2065 2281
2066 2237
2066 3116
2067 2068
2067 2069
2068 2197
2068 2227
2069 2198
2069 3118
2070 2071
2070 2072
2071 2260
2071 2293
2072 2261
2072 3120
2073 2074
2073 2075
2074 2275
2074 2326
2075 2276
2075 3122
2076 2077
2076 2078
2077 2266
2077 2296
2078 2297
2078 3124
2079 2080
2079 2081
2080 2179
2080 2251
2081 2252
2081 3126
2082 2083
2082 2084
2083 2185
2083 2203
2084 2186
2084 3128
2085 2086
2085 2087
2086 2194
2086 2257
2087 2195
2087 3130
2088 2089
2088 2090
2089 2221
2089 2287
2090 2222
2090 3132
2091 2092
2091 2093
2092 2191
2092 2230
2093 2192
2093 3134
2094 2095
2094 2096
2095 2188
2095 2254
2096 2255
2096 3136
2097 2098
2097 2099
2098 2197
2098 2290
2099 2291
2099 3138
2100 2101
2100 2102
2101 2218
2101 2245
2102 2219
2102 3140
2103 2104
2103 2105
2104 2188
2104 2209
2105 2189
2105 3142
2106 2107
2106 2108
2107 2269
2107 2299
2108 2300
2108 3144
2109 2110
2109 2111
2110 2239
2110 2278
2111 2279
2111 3146
2112 2113
2112 2114
2113 2200
2113 2251
2114 2201
2114 3148
2115 2116
2115 2117
2116 2242
2116 2257
2117 2258
2117 3150
2118 2119
2118 2120
2119 2206
2119 2287
2120 2288
2120 3152
2121 2122
2121 2123
2122 2206
2122 2221
2123 2207
2123 3154
2124 2125
2124 2126
2125 2218
2125 2233
2126 2234
2126 3156
2127 2128
2127 2129
2128 2224
2128 2230
2129 2231
2129 3158
2130 2131
2130 2132
2131 2176
2131 2185
2132 2177
2132 3160
2133 2134
2133 2135
2134 2164
2134 2182
2135 2183
2135 3162
2136 2137
2136 2138
2137 2173
2137 2182
2138 2174
2138 3164
2139 2140
2139 2141
2140 2179
2140 2200
2141 2180
2141 3166
2142 2143
2142 2144
2143 2176
2143 2203
2144 2204
2144 3168
2145 2146
2145 2147
2146 2209
2146 2254
2147 2210
2147 3170
2148 2149
2148 2150
2149 2161
2149 2167
2150 2162
2150 3172
2151 2152
2151 2153
2152 2167
2152 2170
2153 2168
2153 3174
2154 2155
2154 2156
2155 2164
2155 2173
2156 2165
2156 3176
2157 2158
2157 2159
2158 2161
2158 2170
2159 2171
2159 3178
2160 2161
2160 2162
2162 3180
2163 2164
2163 2165
2165 3182
2166 2167
2166 2168
2168 3184
2169 2170
2169 2171
2171 3186
2172 2173
2172 2174
2174 3188
2175 2176
2175 2177
2177 3190
2178 2179
2178 2180
2180 3192
2181 2182
2181 2183
2183 3194
2184 2185
2184 2186
2186 3196
2187 2188
2187 2189
2189 3198
2190 2191
2190 2192
2192 3200
2193 2194
2193 2195
2195 3202
2196 2197
2196 2198
2198 3204
2199 2200
2199 2201
2201 3206
2202 2203
2202 2204
2204 3208
2205 2206
2205 2207
2207 3210
2208 2209
2208 2210
2210 3212
2211 2212
2211 2213
2213 3214
2214 2215
2214 2216
2216 3216
2217 2218
2217 2219
2219 3218
2220 2221
2220 2222
2222 3220
2223 2224
2223 2225
2225 3222
2226 2227
2226 2228
2228 3224
2229 2230
2229 2231
2231 3226
2232 2233
2232 2234
2234 3228
2235 2236
2235 2237
2237 3230
2238 2239
2238 2240
2240 3232
2241 2242
2241 2243
2243 3234
2244 2245
2244 2246
2246 3236
2247 2248
2247 2249
2249 3238
2250 2251
2250 2252
2252 3240
2253 2254
2253 2255
2255 3242
2256 2257
2256 2258
2258 3244
2259 2260
2259 2261
2261 3246
2262 2263
2262 2264
2264 3248
2265 2266
2265 2267
2267 3250
2268 2269
2268 2270
2270 3252
2271 2272
2271 2273
2273 3254
2274 2275
2274 2276
2276 3256
2277 2278
2277 2279
2279 3258
2280 2281
2280 2282
2282 3260
2283 2284
2283 2285
2285 3262
2286 2287
2286 2288
2288 3264
2289 2290
2289 2291
2291 3266
2292 2293
2292 2294
2294 3268
2295 2296
2295 2297
2297 3270
2298 2299
2298 2300
2300 3272
2301 2302
2301 2303
2303 3274
2304 2305
2304 2306
2306 3276
2307 2308
2307 2309
2309 3278
2310 2311
2310 2312
2312 3280
2313 2314
2313 2315
2315 3282
2316 2317
2316 2318
2318 3284
2319 2320
2319 2321
2321 3286
2322 2323
2322 2324
2324 3288
2325 2326
2325 2327
2327 3290
2328 2329
2328 2330
2330 3292
2331 2332
2331 2333
2333 3294
2334 2335
2334 2336
2336 3296
2337 2338
2337 2339
2339 3298
2400 2401
2401 2578
2401 3300
2402 2403
2403 2576
2403 3301
2404 2405
2405 2573
2405 3302
2406 2407
2407 2570
2407 3303
2408 2409
2409 2568
2409 3304
2410 2411
2411 2579
2411 3305
2412 2413
2413 2577
2413 3306
2414 2415
2415 2569
2415 3307
2416 2417
2417 2546
2417 3308
2418 2419
2419 2564
2419 3309
2420 2421
2421 2575
2421 3310
2422 2423
2423 2548
2423 3311
2424 2425
2425 2541
2425 3312
2426 2427
2427 2561
2427 3313
2428 2429
2429 2556
2429 3314
2430 2431
2431 2560
2431 3315
2432 2433
2433 2557
2433 3316
2434 2435
2435 2550
2435 3317
2436 2437
2437 2549
2437 3318
2438 2439
2439 2567
2439 3319
2440 2441
2441 2574
2441 3320
2442 2443
2443 2532
2443 3321
2444 2445
2445 2554
2445 3322
2446 2447
2447 2571
2447 3323
2448 2449
2449 2572
2449 3324
2450 2451
2451 2555
2451 3325
2452 2453
2453 2528
2453 3326
2454 2455
2455 2553
2455 3327
2456 2457
2457 2531
2457 3328
2458 2459
2459 2538
2459 3329
2460 2461
2461 2537
2461 3330
2462 2463
2463 2562
2463 3331
2464 2465
2465 2559
2465 3332
2466 2467
2467 2547
2467 3333
2468 2469
2469 2542
2469 3334
2470 2471
2471 2545
2471 3335
2472 2473
2473 2534
2473 3336
2474 2475
2475 2536
2475 3337
2476 2477
2477 2566
2477 3338
2478 2479
2479 2552
2479 3339
2480 2481
2481 2535
2481 3340
2482 2483
2483 2533
2483 3341
2484 2485
2485 2551
2485 3342
2486 2487
2487 2565
2487 3343
2488 2489
2489 2529
2489 3344
2490 2491
2491 2563
2491 3345
2492 2493
2493 2558
2493 3346
2494 2495
2495 2539
2495 3347
2496 2497
2497 2524
2497 3348
2498 2499
2499 2527
2499 3349
2500 2501
2501 2523
2501 3350
2502 2503
2503 2543
2503 3351
2504 2505
2505 2544
2505 3352
2506 2507
2507 2522
2507 3353
2508 2509
2509 2540
2509 3354
2510 2511
2511 2530
2511 3355
2512 2513
2513 2521
2513 3356
2514 2515
2515 2526
2515 3357
2516 2517
2517 2520
2517 3358
2518 2519
2519 2525
2519 3359
2580 2581
2581 3300
2581 3360
2582 2583
2583 3301
2583 3362
2584 2585
2585 3302
2585 3364
2586 2587
2587 3303
2587 3366
2588 2589
2589 3304
2589 3368
2590 2591
2591 3305
2591 3370
2592 2593
2593 3306
2593 3372
2594 2595
2595 3307
2595 3374
2596 2597
2597 3308
2597 3376
2598 2599
2599 3309
2599 3378
2600 2601
2601 3310
2601 3380
2602 2603
2603 3311
2603 3382
2604 2605
2605 3312
2605 3384
2606 2607
2607 3313
2607 3386
2608 2609
2609 3314
2609 3388
2610 2611
2611 3315
2611 3390
2612 2613
2613 3316
2613 3392
2614 2615
2615 3317
2615 3394
2616 2617
2617 3318
2617 3396
2618 2619
2619 3319
2619 3398
2620 2621
2621 3320
2621 3400
2622 2623
2623 3321
2623 3402
2624 2625
2625 3322
2625 3404
2626 2627
2627 3323
2627 3406
2628 2629
2629 3324
2629 3408
2630 2631
2631 3325
2631 3410
2632 2633
2633 3326
2633 3412
2634 2635
2635 3327
2635 3414
2636 2637
2637 3328
2637 3416
2638 2639
2639 3329
2639 3418
2640 2641
2641 3330
2641 3420
2642 2643
2643 3331
2643 3422
2644 2645
2645 3332
2645 3424
2646 2647
2647 3333
2647 3426
2648 2649
2649 3334
2649 3428
2650 2651
2651 3335
2651 3430
2652 2653
2653 3336
2653 3432
2654 2655
2655 3337
2655 3434
2656 2657
2657 3338
2657 3436
2658 2659
2659 3339
2659 3438
2660 2661
2661 3340
2661 3440
2662 2663
2663 3341
2663 3442
2664 2665
2665 3342
2665 3444
2666 2667
2667 3343
2667 3446
2668 2669
2669 3344
2669 3448
2670 2671
2671 3345
2671 3450
2672 2673
2673 3346
2673 3452
2674 2675
2675 3347
2675 3454
2676 2677
2677 3348
2677 3456
2678 2679
2679 3349
2679 3458
2680 2681
2681 3350
2681 3460
2682 2683
2683 3351
2683 3462
2684 2685
2685 3352
2685 3464
2686 2687
2687 3353
2687 3466
2688 2689
2689 3354
2689 3468
2690 2691
2691 3355
2691 3470
2692 2693
2693 3356
2693 3472
2694 2695
2695 3357
2695 3474
2696 2697
2697 3358
2697 3476
2698 2699
2699 3359
2699 3478
2700 2701
2701 3358
2701 3480
2702 2703
2703 3356
2703 3481
2704 2705
2705 3353
2705 3482
2706 2707
2707 3350
2707 3483
2708 2709
2709 3348
2709 3484
2710 2711
2711 3359
2711 3485
2712 2713
2713 3357
2713 3486
2714 2715
2715 3349
2715 3487
2716 2717
2717 3326
2717 3488
2718 2719
2719 3344
2719 3489
2720 2721
2721 3355
2721 3490
2722 2723
2723 3328
2723 3491
2724 2725
2725 3321
2725 3492
2726 2727
2727 3341
2727 3493
2728 2729
2729 3336
2729 3494
2730 2731
2731 3340
2731 3495
2732 2733
2733 3337
2733 3496
2734 2735
2735 3330
2735 3497
2736 2737
2737 3329
2737 3498
2738 2739
2739 3347
2739 3499
2740 2741
2741 3354
2741 3500
2742 2743
2743 3312
2743 3501
2744 2745
2745 3334
2745 3502
2746 2747
2747 3351
2747 3503
2748 2749
2749 3352
2749 3504
2750 2751
2751 3335
2751 3505
2752 2753
2753 3308
2753 3506
2754 2755
2755 3333
2755 3507
2756 2757
2757 3311
2757 3508
2758 2759
2759 3318
2759 3509
2760 2761
2761 3317
2761 3510
2762 2763
2763 3342
2763 3511
2764 2765
2765 3339
2765 3512
2766 2767
2767 3327
2767 3513
2768 2769
2769 3322
2769 3514
2770 2771
2771 3325
2771 3515
2772 2773
2773 3314
2773 3516
2774 2775
2775 3316
2775 3517
2776 2777
2777 3346
2777 3518
2778 2779
2779 3332
2779 3519
2780 2781
2781 3315
2781 3520
2782 2783
2783 3313
2783 3521
2784 2785
2785 3331
2785 3522
2786 2787
2787 3345
2787 3523
2788 2789
2789 3309
2789 3524
2790 2791
2791 3343
2791 3525
2792 2793
2793 3338
2793 3526
2794 2795
2795 3319
2795 3527
2796 2797
2797 3304
2797 3528
2798 2799
2799 3307
2799 3529
2800 2801
2801 3303
2801 3530
2802 2803
2803 3323
2803 3531
2804 2805
2805 3324
2805 3532
2806 2807
2807 3302
2807 3533
2808 2809
2809 3320
2809 3534
2810 2811
2811 3310
2811 3535
2812 2813
2813 3301
2813 3536
2814 2815
2815 3306
2815 3537
2816 2817
2817 3300
2817 3538
2818 2819
2819 3305
2819 3539
2820 2821
2821 3360
2821 3540
2822 2823
2823 3362
2823 3542
2824 2825
2825 3364
2825 3544
2826 2827
2827 3366
2827 3546
2828 2829
2829 3368
2829 3548
2830 2831
2831 3370
2831 3550
2832 2833
2833 3372
2833 3552
2834 2835
2835 3374
2835 3554
2836 2837
2837 3376
2837 3556
2838 2839
2839 3378
2839 3558
2840 2841
2841 3380
2841 3560
2842 2843
2843 3382
2843 3562
2844 2845
2845 3384
2845 3564
2846 2847
2847 3386
2847 3566
2848 2849
2849 3388
2849 3568
2850 2851
2851 3390
2851 3570
2852 2853
2853 3392
2853 3572
2854 2855
2855 3394
2855 3574
2856 2857
2857 3396
2857 3576
2858 2859
2859 3398
2859 3578
2860 2861
2861 3400
2861 3580
2862 2863
2863 3402
2863 3582
2864 2865
2865 3404
2865 3584
2866 2867
2867 3406
2867 3586
2868 2869
2869 3408
2869 3588
2870 2871
2871 3410
2871 3590
2872 2873
2873 3412
2873 3592
2874 2875
2875 3414
2875 3594
2876 2877
2877 3416
2877 3596
2878 2879
2879 3418
2879 3598
2880 2881
2881 3420
2881 3600
2882 2883
2883 3422
2883 3602
2884 2885
2885 3424
2885 3604
2886 2887
2887 3426
2887 3606
2888 2889
2889 3428
2889 3608
2890 2891
2891 3430
2891 3610
2892 2893
2893 3432
2893 3612
2894 2895
2895 3434
2895 3614
2896 2897
2897 3436
2897 3616
2898 2899
2899 3438
2899 3618
2900 2901
2901 3440
2901 3620
2902 2903
2903 3442
2903 3622
2904 2905
2905 3444
2905 3624
2906 2907
2907 3446
2907 3626
2908 2909
2909 3448
2909 3628
2910 2911
2911 3450
2911 3630
2912 2913
2913 3452
2913 3632
2914 2915
2915 3454
2915 3634
2916 2917
2917 3456
2917 3636
2918 2919
2919 3458
2919 3638
2920 2921
2921 3460
2921 3640
2922 2923
2923 3462
2923 3642
2924 2925
2925 3464
2925 3644
2926 2927
2927 3466
2927 3646
2928 2929
2929 3468
2929 3648
2930 2931
2931 3470
2931 3650
2932 2933
2933 3472
2933 3652
2934 2935
2935 3474
2935 3654
2936 2937
2937 3476
2937 3656
2938 2939
2939 3478
2939 3658
2940 2941
2941 3480
2941 3660
2942 2943
2943 3481
2943 3662
2944 2945
2945 3482
2945 3664
2946 2947
2947 3483
2947 3666
2948 2949
2949 3484
2949 3668
2950 2951
2951 3485
2951 3670
2952 2953
2953 3486
2953 3672
2954 2955
2955 3487
2955 3674
2956 2957
2957 3488
2957 3676
2958 2959
2959 3489
2959 3678
2960 2961
2961 3490
2961 3680
2962 2963
2963 3491
2963 3682
2964 2965
2965 3492
2965 3684
2966 2967
2967 3493
2967 3686
2968 2969
2969 3494
2969 3688
2970 2971
2971 3495
2971 3690
2972 2973
2973 3496
2973 3692
2974 2975
2975 3497
2975 3694
2976 2977
2977 3498
2977 3696
2978 2979
2979 3499
2979 3698
2980 2981
2981 3500
2981 3700
2982 2983
2983 3501
2983 3702
2984 2985
2985 3502
2985 3704
2986 2987
2987 3503
2987 3706
2988 2989
2989 3504
2989 3708
2990 2991
2991 3505
2991 3710
2992 2993
2993 3506
2993 3712
2994 2995
2995 3507
2995 3714
2996 2997
2997 3508
2997 3716
2998 2999
2999 3509
2999 3718
3000 3001
3001 3510
3001 3720
3002 3003
3003 3511
3003 3722
3004 3005
3005 3512
3005 3724
3006 3007
3007 3513
3007 3726
3008 3009
3009 3514
3009 3728
3010 3011
3011 3515
3011 3730
3012 3013
3013 3516
3013 3732
3014 3015
3015 3517
3015 3734
3016 3017
3017 3518
3017 3736
3018 3019
3019 3519
3019 3738
3020 3021
3021 3520
3021 3740
3022 3023
3023 3521
3023 3742
3024 3025
3025 3522
3025 3744
3026 3027
3027 3523
3027 3746
3028 3029
3029 3524
3029 3748
3030 3031
3031 3525
3031 3750
3032 3033
3033 3526
3033 3752
3034 3035
3035 3527
3035 3754
3036 3037
3037 3528
3037 3756
3038 3039
3039 3529
3039 3758
3040 3041
3041 3530
3041 3760
3042 3043
3043 3531
3043 3762
3044 3045
3045 3532
3045 3764
3046 3047
3047 3533
3047 3766
3048 3049
3049 3534
3049 3768
3050 3051
3051 3535
3051 3770
3052 3053
3053 3536
3053 3772
3054 3055
3055 3537
3055 3774
3056 3057
3057 3538
3057 3776
3058 3059
3059 3539
3059 3778
3060 3061
3061 3293
3061 3540
3062 3063
3063 3297
3063 3542
3064 3065
3065 3295
3065 3544
3066 3067
3067 3299
3067 3546
3068 3069
3069 3285
3069 3548
3070 3071
3071 3281
3071 3550
3072 3073
3073 3287
3073 3552
3074 3075
3075 3283
3075 3554
3076 3077
3077 3249
3077 3556
3078 3079
3079 3263
3079 3558
3080 3081
3081 3255
3081 3560
3082 3083
3083 3251
3083 3562
3084 3085
3085 3239
3085 3564
3086 3087
3087 3269
3087 3566
3088 3089
3089 3289
3089 3568
3090 3091
3091 3275
3091 3570
3092 3093
3093 3291
3093 3572
3094 3095
3095 3235
3095 3574
3096 3097
3097 3223
3097 3576
3098 3099
3099 3261
3099 3578
3100 3101
3101 3253
3101 3580
3102 3103
3103 3217
3103 3582
3104 3105
3105 3233
3105 3584
3106 3107
3107 3279
3107 3586
3108 3109
3109 3277
3109 3588
3110 3111
3111 3237
3111 3590
3112 3113
3113 3225
3113 3592
3114 3115
3115 3215
3115 3594
3116 3117
3117 3231
3117 3596
3118 3119
3119 3205
3119 3598
3120 3121
3121 3247
3121 3600
3122 3123
3123 3257
3123 3602
3124 3125
3125 3271
3125 3604
3126 3127
3127 3241
3127 3606
3128 3129
3129 3197
3129 3608
3130 3131
3131 3203
3131 3610
3132 3133
3133 3221
3133 3612
3134 3135
3135 3201
3135 3614
3136 3137
3137 3243
3137 3616
3138 3139
3139 3267
3139 3618
3140 3141
3141 3219
3141 3620
3142 3143
3143 3199
3143 3622
3144 3145
3145 3273
3145 3624
3146 3147
3147 3259
3147 3626
3148 3149
3149 3207
3149 3628
3150 3151
3151 3245
3151 3630
3152 3153
3153 3265
3153 3632
3154 3155
3155 3211
3155 3634
3156 3157
3157 3229
3157 3636
3158 3159
3159 3227
3159 3638
3160 3161
3161 3191
3161 3640
3162 3163
3163 3195
3163 3642
3164 3165
3165 3189
3165 3644
3166 3167
3167 3193
3167 3646
3168 3169
3169 3209
3169 3648
3170 3171
3171 3213
3171 3650
3172 3173
3173 3181
3173 3652
3174 3175
3175 3185
3175 3654
3176 3177
3177 3183
3177 3656
3178 3179
3179 3187
3179 3658
3180 3181
3181 3660
3182 3183
3183 3662
3184 3185
3185 3664
3186 3187
3187 3666
3188 3189
3189 3668
3190 3191
3191 3670
3192 3193
3193 3672
3194 3195
3195 3674
3196 3197
3197 3676
3198 3199
3199 3678
3200 3201
3201 3680
3202 3203
3203 3682
3204 3205
3205 3684
3206 3207
3207 3686
3208 3209
3209 3688
3210 3211
3211 3690
3212 3213
3213 3692
3214 3215
3215 3694
3216 3217
3217 3696
3218 3219
3219 3698
3220 3221
3221 3700
3222 3223
3223 3702
3224 3225
3225 3704
3226 3227
3227 3706
3228 3229
3229 3708
3230 3231
3231 3710
3232 3233
3233 3712
3234 3235
3235 3714
3236 3237
3237 3716
3238 3239
3239 3718
3240 3241
3241 3720
3242 3243
3243 3722
3244 3245
3245 3724
3246 3247
3247 3726
3248 3249
3249 3728
3250 3251
3251 3730
3252 3253
3253 3732
3254 3255
3255 3734
3256 3257
3257 3736
3258 3259
3259 3738
3260 3261
3261 3740
3262 3263
3263 3742
3264 3265
3265 3744
3266 3267
3267 3746
3268 3269
3269 3748
3270 3271
3271 3750
3272 3273
3273 3752
3274 3275
3275 3754
3276 3277
3277 3756
3278 3279
3279 3758
3280 3281
3281 3760
3282 3283
3283 3762
3284 3285
3285 3764
3286 3287
3287 3766
3288 3289
3289 3768
3290 3291
3291 3770
3292 3293
3293 3772
3294 3295
3295 3774
3296 3297
3297 3776
3298 3299
3299 3778
3360 3361
3361 3538
3361 3780
3362 3363
3363 3536
3363 3781
3364 3365
3365 3533
3365 3782
3366 3367
3367 3530
3367 3783
3368 3369
3369 3528
3369 3784
3370 3371
3371 3539
3371 3785
3372 3373
3373 3537
3373 3786
3374 3375
3375 3529
3375 3787
3376 3377
3377 3506
3377 3788
3378 3379
3379 3524
3379 3789
3380 3381
3381 3535
3381 3790
3382 3383
3383 3508
3383 3791
3384 3385
3385 3501
3385 3792
3386 3387
3387 3521
3387 3793
3388 3389
3389 3516
3389 3794
3390 3391
3391 3520
3391 3795
3392 3393
3393 3517
3393 3796
3394 3395
3395 3510
3395 3797
3396 3397
3397 3509
3397 3798
3398 3399
3399 3527
3399 3799
3400 3401
3401 3534
3401 3800
3402 3403
3403 3492
3403 3801
3404 3405
3405 3514
3405 3802
3406 3407
3407 3531
3407 3803
3408 3409
3409 3532
3409 3804
3410 3411
3411 3515
3411 3805
3412 3413
3413 3488
3413 3806
3414 3415
3415 3513
3415 3807
3416 3417
3417 3491
3417 3808
3418 3419
3419 3498
3419 3809
3420 3421
3421 3497
3421 3810
3422 3423
3423 3522
3423 3811
3424 3425
3425 3519
3425 3812
3426 3427
3427 3507
3427 3813
3428 3429
3429 3502
3429 3814
3430 3431
3431 3505
3431 3815
3432 3433
3433 3494
3433 3816
3434 3435
3435 3496
3435 3817
3436 3437
3437 3526
3437 3818
3438 3439
3439 3512
3439 3819
3440 3441
3441 3495
3441 3820
3442 3443
3443 3493
3443 3821
3444 3445
3445 3511
3445 3822
3446 3447
3447 3525
3447 3823
3448 3449
3449 3489
3449 3824
3450 3451
3451 3523
3451 3825
3452 3453
3453 3518
3453 3826
3454 3455
3455 3499
3455 3827
3456 3457
3457 3484
3457 3828
3458 3459
3459 3487
3459 3829
3460 3461
3461 3483
3461 3830
3462 3463
3463 3503
3463 3831
3464 3465
3465 3504
3465 3832
3466 3467
3467 3482
3467 3833
3468 3469
3469 3500
3469 3834
3470 3471
3471 3490
3471 3835
3472 3473
3473 3481
3473 3836
3474 3475
3475 3486
3475 3837
3476 3477
3477 3480
3477 3838
3478 3479
3479 3485
3479 3839
3540 3541
3541 3773
3541 3780
3542 3543
3543 3777
3543 3781
3544 3545
3545 3775
3545 3782
3546 3547
3547 3779
3547 3783
3548 3549
3549 3765
3549 3784
3550 3551
3551 3761
3551 3785
3552 3553
3553 3767
3553 3786
3554 3555
3555 3763
3555 3787
3556 3557
3557 3729
3557 3788
3558 3559
3559 3743
3559 3789
3560 3561
3561 3735
3561 3790
3562 3563
3563 3731
3563 3791
3564 3565
3565 3719
3565 3792
3566 3567
3567 3749
3567 3793
3568 3569
3569 3769
3569 3794
3570 3571
3571 3755
3571 3795
3572 3573
3573 3771
3573 3796
3574 3575
3575 3715
3575 3797
3576 3577
3577 3703
3577 3798
3578 3579
3579 3741
3579 3799
3580 3581
3581 3733
3581 3800
3582 3583
3583 3697
3583 3801
3584 3585
3585 3713
3585 3802
3586 3587
3587 3759
3587 3803
3588 3589
3589 3757
3589 3804
3590 3591
3591 3717
3591 3805
3592 3593
3593 3705
3593 3806
3594 3595
3595 3695
3595 3807
3596 3597
3597 3711
3597 3808
3598 3599
3599 3685
3599 3809
3600 3601
3601 3727
3601 3810
3602 3603
3603 3737
3603 3811
3604 3605
3605 3751
3605 3812
3606 3607
3607 3721
3607 3813
3608 3609
3609 3677
3609 3814
3610 3611
3611 3683
3611 3815
3612 3613
3613 3701
3613 3816
3614 3615
3615 3681
3615 3817
3616 3617
3617 3723
3617 3818
3618 3619
3619 3747
3619 3819
3620 3621
3621 3699
3621 3820
3622 3623
3623 3679
3623 3821
3624 3625
3625 3753
3625 3822
3626 3627
3627 3739
3627 3823
3628 3629
3629 3687
3629 3824
3630 3631
3631 3725
3631 3825
3632 3633
3633 3745
3633 3826
3634 3635
3635 3691
3635 3827
3636 3637
3637 3709
3637 3828
3638 3639
3639 3707
3639 3829
3640 3641
3641 3671
3641 3830
3642 3643
3643 3675
3643 3831
3644 3645
3645 3669
3645 3832
3646 3647
3647 3673
3647 3833
3648 3649
3649 3689
3649 3834
3650 3651
3651 3693
3651 3835
3652 3653
3653 3661
3653 3836
3654 3655
3655 3665
3655 3837
3656 3657
3657 3663
3657 3838
3658 3659
3659 3667
3659 3839
3660 3661
3661 3838
3662 3663
3663 3836
3664 3665
3665 3833
3666 3667
3667 3830
3668 3669
3669 3828
3670 3671
3671 3839
3672 3673
3673 3837
3674 3675
3675 3829
3676 3677
3677 3806
3678 3679
3679 3824
3680 3681
3681 3835
3682 3683
3683 3808
3684 3685
3685 3801
3686 3687
3687 3821
3688 3689
3689 3816
3690 3691
3691 3820
3692 3693
3693 3817
3694 3695
3695 3810
3696 3697
3697 3809
3698 3699
3699 3827
3700 3701
3701 3834
3702 3703
3703 3792
3704 3705
3705 3814
3706 3707
3707 3831
3708 3709
3709 3832
3710 3711
3711 3815
3712 3713
3713 3788
3714 3715
3715 3813
3716 3717
3717 3791
3718 3719
3719 3798
3720 3721
3721 3797
3722 3723
3723 3822
3724 3725
3725 3819
3726 3727
3727 3807
3728 3729
3729 3802
3730 3731
3731 3805
3732 3733
3733 3794
3734 3735
3735 3796
3736 3737
3737 3826
3738 3739
3739 3812
3740 3741
3741 3795
3742 3743
3743 3793
3744 3745
3745 3811
3746 3747
3747 3825
3748 3749
3749 3789
3750 3751
3751 3823
3752 3753
3753 3818
3754 3755
3755 3799
3756 3757
3757 3784
3758 3759
3759 3787
3760 3761
3761 3783
3762 3763
3763 3803
3764 3765
3765 3804
3766 3767
3767 3782
3768 3769
3769 3800
3770 3771
3771 3790
3772 3773
3773 3781
3774 3775
3775 3786
3776 3777
3777 3780
3778 3779
3779 3785
