0 1
0 2
0 3
1 4
1 171
2 10
2 176
3 12
3 14
4 5
4 6
5 7
5 8
6 14
6 16
7 87
7 137
8 17
8 44
9 10
9 11
9 12
10 179
11 25
11 26
12 13
13 19
13 28
14 15
15 19
15 21
16 17
16 18
17 43
18 21
18 42
19 20
20 24
20 34
21 22
22 23
22 24
23 45
23 46
24 36
25 179
25 194
26 27
26 28
27 30
27 206
28 29
29 32
29 34
30 31
30 32
31 39
31 211
32 33
33 37
33 40
34 35
35 40
35 41
36 41
36 46
37 38
37 39
38 77
38 78
39 214
40 75
41 76
42 45
42 48
43 48
43 50
44 52
44 87
45 47
46 59
47 53
47 60
48 49
49 53
49 55
50 51
50 52
51 55
51 85
52 86
53 54
54 58
54 67
55 56
56 57
56 58
57 88
57 89
58 69
59 60
59 61
60 62
61 63
61 76
62 64
62 67
63 64
63 65
64 66
65 72
65 81
66 70
66 73
67 68
68 73
68 74
69 74
69 89
70 71
70 72
71 120
71 121
72 84
73 118
74 119
75 78
75 80
76 80
77 214
77 229
78 79
79 82
79 256
80 81
81 82
82 83
83 84
83 259
84 121
85 88
85 91
86 91
86 93
87 95
88 90
89 102
90 96
90 103
91 92
92 96
92 98
93 94
93 95
94 98
94 128
95 129
96 97
97 100
97 110
98 99
99 100
99 101
100 112
101 130
101 131
102 103
102 104
103 105
104 106
104 119
105 107
105 110
106 107
106 108
107 109
108 115
108 124
109 113
109 116
110 111
111 116
111 117
112 117
112 130
113 114
113 115
114 162
114 163
115 127
116 160
117 161
118 120
118 123
119 123
120 122
121 248
122 125
122 249
123 124
124 125
125 126
126 127
126 255
127 163
128 131
128 133
129 133
129 135
130 144
131 132
132 138
132 146
133 134
134 138
134 140
135 136
135 137
136 140
136 170
137 171
138 139
139 142
139 152
140 141
141 142
141 143
142 154
143 172
143 173
144 145
144 146
145 148
145 161
146 147
147 150
147 152
148 149
148 150
149 156
149 166
150 151
151 155
151 158
152 153
153 158
153 159
154 159
154 172
155 156
155 157
156 169
157 197
157 198
158 195
159 196
160 162
160 165
161 165
162 164
163 239
164 167
164 240
165 166
166 167
167 168
168 169
168 246
169 197
170 173
170 175
171 175
172 180
173 174
174 177
174 182
175 176
176 177
177 178
178 179
178 188
180 181
180 182
181 184
181 196
182 183
183 186
183 188
184 185
184 186
185 191
185 201
186 187
187 190
187 193
188 189
189 193
189 194
190 191
190 192
191 204
192 207
192 208
193 205
194 206
195 198
195 200
196 200
197 230
198 199
199 202
199 232
200 201
201 202
202 203
203 204
203 237
204 207
205 208
205 210
206 210
207 215
208 209
209 212
209 217
210 211
211 212
212 213
213 214
213 223
215 216
215 217
216 219
216 237
217 218
218 221
218 223
219 220
219 221
220 226
220 236
221 222
222 225
222 228
223 224
224 228
224 229
225 226
225 227
226 238
227 247
227 254
228 258
229 256
230 231
230 232
231 234
231 246
232 233
233 236
233 237
234 235
234 236
235 238
235 244
238 247
239 240
239 241
240 242
241 243
241 255
242 244
242 246
243 244
243 245
245 247
245 253
248 249
248 250
249 251
250 252
250 259
251 253
251 255
252 253
252 254
254 258
256 257
257 258
257 259
