0 1
0 2
0 3
1 120
1 142
2 6
2 9
3 4
3 5
4 122
4 164
5 6
5 7
6 8
7 165
7 186
8 187
8 208
9 143
9 209
10 11
10 12
10 13
11 16
11 19
12 129
12 246
13 14
13 15
14 16
14 17
15 128
15 136
16 18
17 137
17 222
18 223
18 252
19 247
19 253
20 21
20 22
20 23
21 26
21 29
22 24
22 25
23 157
23 306
24 26
24 27
25 127
25 156
26 28
27 126
27 134
28 135
28 238
29 239
29 307
30 31
30 32
30 33
31 34
31 35
32 37
32 39
33 179
33 344
34 36
34 37
35 160
35 178
36 150
36 158
37 38
38 152
38 298
39 299
39 345
40 41
40 42
40 43
41 201
41 382
42 44
42 45
43 47
43 49
44 181
44 200
45 46
45 47
46 172
46 180
47 48
48 174
48 336
49 337
49 383
50 51
50 52
50 53
51 217
51 260
52 54
52 55
53 56
53 59
54 203
54 216
55 56
55 57
56 58
57 194
57 202
58 195
58 374
59 262
59 375
60 61
60 62
60 63
61 66
61 69
62 64
62 65
63 420
63 436
64 66
64 67
65 421
65 452
66 68
67 453
67 468
68 469
68 484
69 437
69 485
70 71
70 72
70 73
71 74
71 75
72 77
72 79
73 330
73 338
74 76
74 77
75 339
75 358
76 359
76 427
77 78
78 397
78 426
79 331
79 396
80 81
80 82
80 83
81 84
81 85
82 292
82 300
83 87
83 89
84 301
84 320
85 86
85 87
86 321
86 447
87 88
88 353
88 446
89 294
89 352
90 91
90 92
90 93
91 94
91 95
92 232
92 240
93 97
93 99
94 241
94 282
95 96
95 97
96 283
96 463
97 98
98 315
98 462
99 234
99 314
100 101
100 102
100 103
101 106
101 109
102 258
102 266
103 104
103 105
104 106
104 107
105 267
105 412
106 108
107 413
107 480
108 278
108 478
109 259
109 276
110 111
110 112
110 113
111 116
111 119
112 368
112 376
113 114
113 115
114 116
114 117
115 378
115 390
116 118
117 391
117 430
118 408
118 431
119 369
119 406
120 121
120 122
121 123
121 144
122 148
123 124
123 125
124 126
124 147
125 148
125 149
126 127
127 149
128 129
128 130
129 230
130 131
130 146
131 132
131 133
132 230
132 231
133 134
133 147
134 135
135 231
136 137
136 138
137 215
138 139
138 146
139 140
139 141
140 214
140 215
141 142
141 144
142 143
143 214
144 145
145 146
145 147
148 166
149 169
150 151
150 152
151 153
151 168
152 291
153 154
153 155
154 156
154 169
155 290
155 291
156 157
157 290
158 159
158 160
159 161
159 168
160 171
161 162
161 163
162 164
162 166
163 170
163 171
164 165
165 170
166 167
167 168
167 169
170 188
171 191
172 173
172 174
173 175
173 190
174 329
175 176
175 177
176 178
176 191
177 328
177 329
178 179
179 328
180 181
180 182
181 193
182 183
182 190
183 184
183 185
184 192
184 193
185 186
185 188
186 187
187 192
188 189
189 190
189 191
192 210
193 213
194 195
194 196
195 367
196 197
196 212
197 198
197 199
198 366
198 367
199 200
199 213
200 201
201 366
202 203
202 204
203 224
204 205
204 212
205 206
205 207
206 224
206 225
207 208
207 210
208 209
209 225
210 211
211 212
211 213
214 226
215 229
216 217
216 218
217 268
218 219
218 228
219 220
219 221
220 268
220 269
221 222
221 229
222 223
223 269
224 228
225 226
226 227
227 228
227 229
230 248
231 251
232 233
232 234
233 235
233 250
234 322
235 236
235 237
236 238
236 251
237 322
237 323
238 239
239 323
240 241
240 242
241 275
242 243
242 250
243 244
243 245
244 274
244 275
245 246
245 248
246 247
247 274
248 249
249 250
249 251
252 253
252 254
253 285
254 255
254 270
255 256
255 257
256 284
256 285
257 258
257 273
258 259
259 284
260 261
260 262
261 263
261 272
262 404
263 264
263 265
264 266
264 273
265 404
265 405
266 267
267 405
268 272
269 270
270 271
271 272
271 273
274 286
275 289
276 277
276 278
277 279
277 288
278 476
279 280
279 281
280 282
280 289
281 476
281 477
282 283
283 477
284 288
285 286
286 287
287 288
287 289
290 308
291 311
292 293
292 294
293 295
293 310
294 360
295 296
295 297
296 298
296 311
297 360
297 361
298 299
299 361
300 301
300 302
301 313
302 303
302 310
303 304
303 305
304 312
304 313
305 306
305 308
306 307
307 312
308 309
309 310
309 311
312 324
313 327
314 315
314 316
315 460
316 317
316 326
317 318
317 319
318 460
318 461
319 320
319 327
320 321
321 461
322 326
323 324
324 325
325 326
325 327
328 346
329 349
330 331
330 332
331 389
332 333
332 348
333 334
333 335
334 388
334 389
335 336
335 349
336 337
337 388
338 339
338 340
339 351
340 341
340 348
341 342
341 343
342 350
342 351
343 344
343 346
344 345
345 350
346 347
347 348
347 349
350 362
351 365
352 353
352 354
353 444
354 355
354 364
355 356
355 357
356 444
356 445
357 358
357 365
358 359
359 445
360 364
361 362
362 363
363 364
363 365
366 384
367 387
368 369
368 370
369 414
370 371
370 386
371 372
371 373
372 414
372 415
373 374
373 387
374 375
375 415
376 377
376 378
377 379
377 386
378 398
379 380
379 381
380 382
380 384
381 398
381 399
382 383
383 399
384 385
385 386
385 387
388 400
389 403
390 391
390 392
391 428
392 393
392 402
393 394
393 395
394 428
394 429
395 396
395 403
396 397
397 429
398 402
399 400
400 401
401 402
401 403
404 416
405 419
406 407
406 408
407 409
407 418
408 492
409 410
409 411
410 412
410 419
411 492
411 493
412 413
413 493
414 418
415 416
416 417
417 418
417 419
420 421
420 422
421 442
422 423
422 438
423 424
423 425
424 442
424 443
425 426
425 441
426 427
427 443
428 440
429 441
430 431
430 432
431 494
432 433
432 440
433 434
433 435
434 494
434 495
435 436
435 438
436 437
437 495
438 439
439 440
439 441
442 454
443 457
444 456
445 457
446 447
446 448
447 459
448 449
448 456
449 450
449 451
450 458
450 459
451 452
451 454
452 453
453 458
454 455
455 456
455 457
458 470
459 473
460 472
461 473
462 463
462 464
463 475
464 465
464 472
465 466
465 467
466 474
466 475
467 468
467 470
468 469
469 474
470 471
471 472
471 473
474 486
475 489
476 488
477 489
478 479
478 480
479 481
479 488
480 491
481 482
481 483
482 484
482 486
483 490
483 491
484 485
485 490
486 487
487 488
487 489
490 496
491 499
492 498
493 499
494 498
495 496
496 497
497 498
497 499
