0 1
0 2
0 3
1 17
1 21
2 23
2 240
3 18
3 536
4 5
4 6
4 7
5 9
5 93
6 95
6 243
7 10
7 532
8 9
8 10
8 11
9 53
10 246
11 54
11 526
12 13
12 14
12 15
13 25
13 33
14 27
14 249
15 34
15 520
16 17
16 18
16 19
17 77
18 252
19 78
19 516
20 21
20 22
20 23
21 81
22 83
22 255
23 538
24 25
24 26
24 27
25 109
26 111
26 258
27 534
28 29
28 30
28 31
29 85
29 97
30 99
30 261
31 86
31 518
32 33
32 34
32 35
33 173
34 264
35 174
35 472
36 37
36 38
36 39
37 121
37 185
38 187
38 267
39 122
39 508
40 41
40 42
40 43
41 117
41 125
42 119
42 270
43 126
43 530
44 45
44 46
44 47
45 121
45 161
46 123
46 273
47 162
47 476
48 49
48 50
48 51
49 129
49 197
50 131
50 276
51 198
51 462
52 53
52 54
52 55
53 65
54 279
55 66
55 502
56 57
56 58
56 59
57 89
57 169
58 91
58 282
59 170
59 492
60 61
60 62
60 63
61 113
61 153
62 155
62 285
63 114
63 500
64 65
64 66
64 67
65 93
66 288
67 94
67 494
68 69
68 70
68 71
69 113
69 177
70 115
70 291
71 178
71 480
72 73
72 74
72 75
73 89
73 221
74 223
74 294
75 90
75 478
76 77
76 78
76 79
77 81
78 297
79 82
79 514
80 81
80 82
80 83
82 300
83 528
84 85
84 86
84 87
85 157
86 303
87 158
87 444
88 89
88 90
88 91
90 306
91 488
92 93
92 94
92 95
94 309
95 522
96 97
96 98
96 99
97 141
98 143
98 312
99 524
100 101
100 102
100 103
101 129
101 209
102 211
102 315
103 130
103 490
104 105
104 106
104 107
105 181
105 201
106 183
106 318
107 202
107 436
108 109
108 110
108 111
109 173
110 175
110 321
111 486
112 113
112 114
112 115
114 324
115 442
116 117
116 118
116 119
117 137
118 139
118 327
119 456
120 121
120 122
120 123
122 330
123 454
124 125
124 126
124 127
125 145
126 333
127 146
127 504
128 129
128 130
128 131
130 336
131 498
132 133
132 134
132 135
133 181
133 229
134 231
134 339
135 182
135 474
136 137
136 138
136 139
137 145
138 147
138 342
139 464
140 141
140 142
140 143
141 157
142 159
142 345
143 470
144 145
144 146
144 147
146 348
147 448
148 149
148 150
148 151
149 165
149 205
150 207
150 351
151 166
151 452
152 153
152 154
152 155
153 177
154 179
154 354
155 512
156 157
156 158
156 159
158 357
159 484
160 161
160 162
160 163
161 185
162 360
163 186
163 450
164 165
164 166
164 167
165 213
166 363
167 214
167 446
168 169
168 170
168 171
169 221
170 366
171 222
171 482
172 173
172 174
172 175
174 369
175 510
176 177
176 178
176 179
178 372
179 438
180 181
180 182
180 183
182 375
183 506
184 185
184 186
184 187
186 378
187 496
188 189
188 190
188 191
189 193
189 217
190 219
190 381
191 194
191 458
192 193
192 194
192 195
193 233
194 384
195 234
195 428
196 197
196 198
196 199
197 209
198 387
199 210
199 434
200 201
200 202
200 203
201 229
202 390
203 230
203 426
204 205
204 206
204 207
205 225
206 227
206 393
207 466
208 209
208 210
208 211
210 396
211 468
212 213
212 214
212 215
213 225
214 399
215 226
215 424
216 217
216 218
216 219
217 237
218 239
218 402
219 460
220 221
220 222
220 223
222 405
223 440
224 225
224 226
224 227
226 408
227 422
228 229
228 230
228 231
230 411
231 432
232 233
232 234
232 235
233 237
234 414
235 238
235 420
236 237
236 238
236 239
238 417
239 430
240 241
240 242
241 539
241 540
242 536
242 1980
243 244
243 245
244 523
244 543
245 532
245 1981
246 247
246 248
247 533
247 546
248 526
248 1982
249 250
249 251
250 535
250 549
251 520
251 1983
252 253
252 254
253 537
253 552
254 516
254 1984
255 256
255 257
256 529
256 555
257 538
257 1985
258 259
258 260
259 487
259 558
260 534
260 1986
261 262
261 263
262 525
262 561
263 518
263 1987
264 265
264 266
265 521
265 564
266 472
266 1988
267 268
267 269
268 497
268 567
269 508
269 1989
270 271
270 272
271 457
271 570
272 530
272 1990
273 274
273 275
274 455
274 573
275 476
275 1991
276 277
276 278
277 499
277 576
278 462
278 1992
279 280
279 281
280 527
280 579
281 502
281 1993
282 283
282 284
283 489
283 582
284 492
284 1994
285 286
285 287
286 513
286 585
287 500
287 1995
288 289
288 290
289 503
289 588
290 494
290 1996
291 292
291 293
292 443
292 591
293 480
293 1997
294 295
294 296
295 441
295 594
296 478
296 1998
297 298
297 299
298 517
298 597
299 514
299 1999
300 301
300 302
301 515
301 600
302 528
302 2000
303 304
303 305
304 519
304 603
305 444
305 2001
306 307
306 308
307 479
307 606
308 488
308 2002
309 310
309 311
310 495
310 609
311 522
311 2003
312 313
312 314
313 471
313 612
314 524
314 2004
315 316
315 317
316 469
316 615
317 490
317 2005
318 319
318 320
319 507
319 618
320 436
320 2006
321 322
321 323
322 511
322 621
323 486
323 2007
324 325
324 326
325 501
325 624
326 442
326 2008
327 328
327 329
328 465
328 627
329 456
329 2009
330 331
330 332
331 509
331 630
332 454
332 2010
333 334
333 335
334 531
334 633
335 504
335 2011
336 337
336 338
337 491
337 636
338 498
338 2012
339 340
339 341
340 433
340 639
341 474
341 2013
342 343
342 344
343 449
343 642
344 464
344 2014
345 346
345 347
346 485
346 645
347 470
347 2015
348 349
348 350
349 505
349 648
350 448
350 2016
351 352
351 353
352 467
352 651
353 452
353 2017
354 355
354 356
355 439
355 654
356 512
356 2018
357 358
357 359
358 445
358 657
359 484
359 2019
360 361
360 362
361 477
361 660
362 450
362 2020
363 364
363 365
364 453
364 663
365 446
365 2021
366 367
366 368
367 493
367 666
368 482
368 2022
369 370
369 371
370 473
370 669
371 510
371 2023
372 373
372 374
373 481
373 672
374 438
374 2024
375 376
375 377
376 475
376 675
377 506
377 2025
378 379
378 380
379 451
379 678
380 496
380 2026
381 382
381 383
382 461
382 681
383 458
383 2027
384 385
384 386
385 459
385 684
386 428
386 2028
387 388
387 389
388 463
388 687
389 434
389 2029
390 391
390 392
391 437
391 690
392 426
392 2030
393 394
393 395
394 423
394 693
395 466
395 2031
396 397
396 398
397 435
397 696
398 468
398 2032
399 400
399 401
400 447
400 699
401 424
401 2033
402 403
402 404
403 431
403 702
404 460
404 2034
405 406
405 407
406 483
406 705
407 440
407 2035
408 409
408 410
409 425
409 708
410 422
410 2036
411 412
411 413
412 427
412 711
413 432
413 2037
414 415
414 416
415 429
415 714
416 420
416 2038
417 418
417 419
418 421
418 717
419 430
419 2039
420 421
421 720
422 423
423 723
424 425
425 726
426 427
427 729
428 429
429 732
430 431
431 735
432 433
433 738
434 435
435 741
436 437
437 744
438 439
439 747
440 441
441 750
442 443
443 753
444 445
445 756
446 447
447 759
448 449
449 762
450 451
451 765
452 453
453 768
454 455
455 771
456 457
457 774
458 459
459 777
460 461
461 780
462 463
463 783
464 465
465 786
466 467
467 789
468 469
469 792
470 471
471 795
472 473
473 798
474 475
475 801
476 477
477 804
478 479
479 807
480 481
481 810
482 483
483 813
484 485
485 816
486 487
487 819
488 489
489 822
490 491
491 825
492 493
493 828
494 495
495 831
496 497
497 834
498 499
499 837
500 501
501 840
502 503
503 843
504 505
505 846
506 507
507 849
508 509
509 852
510 511
511 855
512 513
513 858
514 515
515 861
516 517
517 864
518 519
519 867
520 521
521 870
522 523
523 873
524 525
525 876
526 527
527 879
528 529
529 882
530 531
531 885
532 533
533 888
534 535
535 891
536 537
537 894
538 539
539 897
540 541
540 542
541 898
541 900
542 1980
542 2040
543 544
543 545
544 874
544 903
545 1981
545 2042
546 547
546 548
547 889
547 906
548 1982
548 2044
549 550
549 551
550 892
550 909
551 1983
551 2046
552 553
552 554
553 895
553 912
554 1984
554 2048
555 556
555 557
556 883
556 915
557 1985
557 2050
558 559
558 560
559 820
559 918
560 1986
560 2052
561 562
561 563
562 877
562 921
563 1987
563 2054
564 565
564 566
565 871
565 924
566 1988
566 2056
567 568
567 569
568 835
568 927
569 1989
569 2058
570 571
570 572
571 775
571 930
572 1990
572 2060
573 574
573 575
574 772
574 933
575 1991
575 2062
576 577
576 578
577 838
577 936
578 1992
578 2064
579 580
579 581
580 880
580 939
581 1993
581 2066
582 583
582 584
583 823
583 942
584 1994
584 2068
585 586
585 587
586 859
586 945
587 1995
587 2070
588 589
588 590
589 844
589 948
590 1996
590 2072
591 592
591 593
592 754
592 951
593 1997
593 2074
594 595
594 596
595 751
595 954
596 1998
596 2076
597 598
597 599
598 865
598 957
599 1999
599 2078
600 601
600 602
601 862
601 960
602 2000
602 2080
603 604
603 605
604 868
604 963
605 2001
605 2082
606 607
606 608
607 808
607 966
608 2002
608 2084
609 610
609 611
610 832
610 969
611 2003
611 2086
612 613
612 614
613 796
613 972
614 2004
614 2088
615 616
615 617
616 793
616 975
617 2005
617 2090
618 619
618 620
619 850
619 978
620 2006
620 2092
621 622
621 623
622 856
622 981
623 2007
623 2094
624 625
624 626
625 841
625 984
626 2008
626 2096
627 628
627 629
628 787
628 987
629 2009
629 2098
630 631
630 632
631 853
631 990
632 2010
632 2100
633 634
633 635
634 886
634 993
635 2011
635 2102
636 637
636 638
637 826
637 996
638 2012
638 2104
639 640
639 641
640 739
640 999
641 2013
641 2106
642 643
642 644
643 763
643 1002
644 2014
644 2108
645 646
645 647
646 817
646 1005
647 2015
647 2110
648 649
648 650
649 847
649 1008
650 2016
650 2112
651 652
651 653
652 790
652 1011
653 2017
653 2114
654 655
654 656
655 748
655 1014
656 2018
656 2116
657 658
657 659
658 757
658 1017
659 2019
659 2118
660 661
660 662
661 805
661 1020
662 2020
662 2120
663 664
663 665
664 769
664 1023
665 2021
665 2122
666 667
666 668
667 829
667 1026
668 2022
668 2124
669 670
669 671
670 799
670 1029
671 2023
671 2126
672 673
672 674
673 811
673 1032
674 2024
674 2128
675 676
675 677
676 802
676 1035
677 2025
677 2130
678 679
678 680
679 766
679 1038
680 2026
680 2132
681 682
681 683
682 781
682 1041
683 2027
683 2134
684 685
684 686
685 778
685 1044
686 2028
686 2136
687 688
687 689
688 784
688 1047
689 2029
689 2138
690 691
690 692
691 745
691 1050
692 2030
692 2140
693 694
693 695
694 724
694 1053
695 2031
695 2142
696 697
696 698
697 742
697 1056
698 2032
698 2144
699 700
699 701
700 760
700 1059
701 2033
701 2146
702 703
702 704
703 736
703 1062
704 2034
704 2148
705 706
705 707
706 814
706 1065
707 2035
707 2150
708 709
708 710
709 727
709 1068
710 2036
710 2152
711 712
711 713
712 730
712 1071
713 2037
713 2154
714 715
714 716
715 733
715 1074
716 2038
716 2156
717 718
717 719
718 721
718 1077
719 2039
719 2158
720 721
720 722
721 1080
722 2038
722 2160
723 724
723 725
724 1083
725 2036
725 2161
726 727
726 728
727 1086
728 2033
728 2162
729 730
729 731
730 1089
731 2030
731 2163
732 733
732 734
733 1092
734 2028
734 2164
735 736
735 737
736 1095
737 2039
737 2165
738 739
738 740
739 1098
740 2037
740 2166
741 742
741 743
742 1101
743 2029
743 2167
744 745
744 746
745 1104
746 2006
746 2168
747 748
747 749
748 1107
749 2024
749 2169
750 751
750 752
751 1110
752 2035
752 2170
753 754
753 755
754 1113
755 2008
755 2171
756 757
756 758
757 1116
758 2001
758 2172
759 760
759 761
760 1119
761 2021
761 2173
762 763
762 764
763 1122
764 2016
764 2174
765 766
765 767
766 1125
767 2020
767 2175
768 769
768 770
769 1128
770 2017
770 2176
771 772
771 773
772 1131
773 2010
773 2177
774 775
774 776
775 1134
776 2009
776 2178
777 778
777 779
778 1137
779 2027
779 2179
780 781
780 782
781 1140
782 2034
782 2180
783 784
783 785
784 1143
785 1992
785 2181
786 787
786 788
787 1146
788 2014
788 2182
789 790
789 791
790 1149
791 2031
791 2183
792 793
792 794
793 1152
794 2032
794 2184
795 796
795 797
796 1155
797 2015
797 2185
798 799
798 800
799 1158
800 1988
800 2186
801 802
801 803
802 1161
803 2013
803 2187
804 805
804 806
805 1164
806 1991
806 2188
807 808
807 809
808 1167
809 1998
809 2189
810 811
810 812
811 1170
812 1997
812 2190
813 814
813 815
814 1173
815 2022
815 2191
816 817
816 818
817 1176
818 2019
818 2192
819 820
819 821
820 1179
821 2007
821 2193
822 823
822 824
823 1182
824 2002
824 2194
825 826
825 827
826 1185
827 2005
827 2195
828 829
828 830
829 1188
830 1994
830 2196
831 832
831 833
832 1191
833 1996
833 2197
834 835
834 836
835 1194
836 2026
836 2198
837 838
837 839
838 1197
839 2012
839 2199
840 841
840 842
841 1200
842 1995
842 2200
843 844
843 845
844 1203
845 1993
845 2201
846 847
846 848
847 1206
848 2011
848 2202
849 850
849 851
850 1209
851 2025
851 2203
852 853
852 854
853 1212
854 1989
854 2204
855 856
855 857
856 1215
857 2023
857 2205
858 859
858 860
859 1218
860 2018
860 2206
861 862
861 863
862 1221
863 1999
863 2207
864 865
864 866
865 1224
866 1984
866 2208
867 868
867 869
868 1227
869 1987
869 2209
870 871
870 872
871 1230
872 1983
872 2210
873 874
873 875
874 1233
875 2003
875 2211
876 877
876 878
877 1236
878 2004
878 2212
879 880
879 881
880 1239
881 1982
881 2213
882 883
882 884
883 1242
884 2000
884 2214
885 886
885 887
886 1245
887 1990
887 2215
888 889
888 890
889 1248
890 1981
890 2216
891 892
891 893
892 1251
893 1986
893 2217
894 895
894 896
895 1254
896 1980
896 2218
897 898
897 899
898 1257
899 1985
899 2219
900 901
900 902
901 1258
901 1260
902 2040
902 2220
903 904
903 905
904 1234
904 1263
905 2042
905 2222
906 907
906 908
907 1249
907 1266
908 2044
908 2224
909 910
909 911
910 1252
910 1269
911 2046
911 2226
912 913
912 914
913 1255
913 1272
914 2048
914 2228
915 916
915 917
916 1243
916 1275
917 2050
917 2230
918 919
918 920
919 1180
919 1278
920 2052
920 2232
921 922
921 923
922 1237
922 1281
923 2054
923 2234
924 925
924 926
925 1231
925 1284
926 2056
926 2236
927 928
927 929
928 1195
928 1287
929 2058
929 2238
930 931
930 932
931 1135
931 1290
932 2060
932 2240
933 934
933 935
934 1132
934 1293
935 2062
935 2242
936 937
936 938
937 1198
937 1296
938 2064
938 2244
939 940
939 941
940 1240
940 1299
941 2066
941 2246
942 943
942 944
943 1183
943 1302
944 2068
944 2248
945 946
945 947
946 1219
946 1305
947 2070
947 2250
948 949
948 950
949 1204
949 1308
950 2072
950 2252
951 952
951 953
952 1114
952 1311
953 2074
953 2254
954 955
954 956
955 1111
955 1314
956 2076
956 2256
957 958
957 959
958 1225
958 1317
959 2078
959 2258
960 961
960 962
961 1222
961 1320
962 2080
962 2260
963 964
963 965
964 1228
964 1323
965 2082
965 2262
966 967
966 968
967 1168
967 1326
968 2084
968 2264
969 970
969 971
970 1192
970 1329
971 2086
971 2266
972 973
972 974
973 1156
973 1332
974 2088
974 2268
975 976
975 977
976 1153
976 1335
977 2090
977 2270
978 979
978 980
979 1210
979 1338
980 2092
980 2272
981 982
981 983
982 1216
982 1341
983 2094
983 2274
984 985
984 986
985 1201
985 1344
986 2096
986 2276
987 988
987 989
988 1147
988 1347
989 2098
989 2278
990 991
990 992
991 1213
991 1350
992 2100
992 2280
993 994
993 995
994 1246
994 1353
995 2102
995 2282
996 997
996 998
997 1186
997 1356
998 2104
998 2284
999 1000
999 1001
1000 1099
1000 1359
1001 2106
1001 2286
1002 1003
1002 1004
1003 1123
1003 1362
1004 2108
1004 2288
1005 1006
1005 1007
1006 1177
1006 1365
1007 2110
1007 2290
1008 1009
1008 1010
1009 1207
1009 1368
1010 2112
1010 2292
1011 1012
1011 1013
1012 1150
1012 1371
1013 2114
1013 2294
1014 1015
1014 1016
1015 1108
1015 1374
1016 2116
1016 2296
1017 1018
1017 1019
1018 1117
1018 1377
1019 2118
1019 2298
1020 1021
1020 1022
1021 1165
1021 1380
1022 2120
1022 2300
1023 1024
1023 1025
1024 1129
1024 1383
1025 2122
1025 2302
1026 1027
1026 1028
1027 1189
1027 1386
1028 2124
1028 2304
1029 1030
1029 1031
1030 1159
1030 1389
1031 2126
1031 2306
1032 1033
1032 1034
1033 1171
1033 1392
1034 2128
1034 2308
1035 1036
1035 1037
1036 1162
1036 1395
1037 2130
1037 2310
1038 1039
1038 1040
1039 1126
1039 1398
1040 2132
1040 2312
1041 1042
1041 1043
1042 1141
1042 1401
1043 2134
1043 2314
1044 1045
1044 1046
1045 1138
1045 1404
1046 2136
1046 2316
1047 1048
1047 1049
1048 1144
1048 1407
1049 2138
1049 2318
1050 1051
1050 1052
1051 1105
1051 1410
1052 2140
1052 2320
1053 1054
1053 1055
1054 1084
1054 1413
1055 2142
1055 2322
1056 1057
1056 1058
1057 1102
1057 1416
1058 2144
1058 2324
1059 1060
1059 1061
1060 1120
1060 1419
1061 2146
1061 2326
1062 1063
1062 1064
1063 1096
1063 1422
1064 2148
1064 2328
1065 1066
1065 1067
1066 1174
1066 1425
1067 2150
1067 2330
1068 1069
1068 1070
1069 1087
1069 1428
1070 2152
1070 2332
1071 1072
1071 1073
1072 1090
1072 1431
1073 2154
1073 2334
1074 1075
1074 1076
1075 1093
1075 1434
1076 2156
1076 2336
1077 1078
1077 1079
1078 1081
1078 1437
1079 2158
1079 2338
1080 1081
1080 1082
1081 1440
1082 2160
1082 2340
1083 1084
1083 1085
1084 1443
1085 2161
1085 2342
1086 1087
1086 1088
1087 1446
1088 2162
1088 2344
1089 1090
1089 1091
1090 1449
1091 2163
1091 2346
1092 1093
1092 1094
1093 1452
1094 2164
1094 2348
1095 1096
1095 1097
1096 1455
1097 2165
1097 2350
1098 1099
1098 1100
1099 1458
1100 2166
1100 2352
1101 1102
1101 1103
1102 1461
1103 2167
1103 2354
1104 1105
1104 1106
1105 1464
1106 2168
1106 2356
1107 1108
1107 1109
1108 1467
1109 2169
1109 2358
1110 1111
1110 1112
1111 1470
1112 2170
1112 2360
1113 1114
1113 1115
1114 1473
1115 2171
1115 2362
1116 1117
1116 1118
1117 1476
1118 2172
1118 2364
1119 1120
1119 1121
1120 1479
1121 2173
1121 2366
1122 1123
1122 1124
1123 1482
1124 2174
1124 2368
1125 1126
1125 1127
1126 1485
1127 2175
1127 2370
1128 1129
1128 1130
1129 1488
1130 2176
1130 2372
1131 1132
1131 1133
1132 1491
1133 2177
1133 2374
1134 1135
1134 1136
1135 1494
1136 2178
1136 2376
1137 1138
1137 1139
1138 1497
1139 2179
1139 2378
1140 1141
1140 1142
1141 1500
1142 2180
1142 2380
1143 1144
1143 1145
1144 1503
1145 2181
1145 2382
1146 1147
1146 1148
1147 1506
1148 2182
1148 2384
1149 1150
1149 1151
1150 1509
1151 2183
1151 2386
1152 1153
1152 1154
1153 1512
1154 2184
1154 2388
1155 1156
1155 1157
1156 1515
1157 2185
1157 2390
1158 1159
1158 1160
1159 1518
1160 2186
1160 2392
1161 1162
1161 1163
1162 1521
1163 2187
1163 2394
1164 1165
1164 1166
1165 1524
1166 2188
1166 2396
1167 1168
1167 1169
1168 1527
1169 2189
1169 2398
1170 1171
1170 1172
1171 1530
1172 2190
1172 2400
1173 1174
1173 1175
1174 1533
1175 2191
1175 2402
1176 1177
1176 1178
1177 1536
1178 2192
1178 2404
1179 1180
1179 1181
1180 1539
1181 2193
1181 2406
1182 1183
1182 1184
1183 1542
1184 2194
1184 2408
1185 1186
1185 1187
1186 1545
1187 2195
1187 2410
1188 1189
1188 1190
1189 1548
1190 2196
1190 2412
1191 1192
1191 1193
1192 1551
1193 2197
1193 2414
1194 1195
1194 1196
1195 1554
1196 2198
1196 2416
1197 1198
1197 1199
1198 1557
1199 2199
1199 2418
1200 1201
1200 1202
1201 1560
1202 2200
1202 2420
1203 1204
1203 1205
1204 1563
1205 2201
1205 2422
1206 1207
1206 1208
1207 1566
1208 2202
1208 2424
1209 1210
1209 1211
1210 1569
1211 2203
1211 2426
1212 1213
1212 1214
1213 1572
1214 2204
1214 2428
1215 1216
1215 1217
1216 1575
1217 2205
1217 2430
1218 1219
1218 1220
1219 1578
1220 2206
1220 2432
1221 1222
1221 1223
1222 1581
1223 2207
1223 2434
1224 1225
1224 1226
1225 1584
1226 2208
1226 2436
1227 1228
1227 1229
1228 1587
1229 2209
1229 2438
1230 1231
1230 1232
1231 1590
1232 2210
1232 2440
1233 1234
1233 1235
1234 1593
1235 2211
1235 2442
1236 1237
1236 1238
1237 1596
1238 2212
1238 2444
1239 1240
1239 1241
1240 1599
1241 2213
1241 2446
1242 1243
1242 1244
1243 1602
1244 2214
1244 2448
1245 1246
1245 1247
1246 1605
1247 2215
1247 2450
1248 1249
1248 1250
1249 1608
1250 2216
1250 2452
1251 1252
1251 1253
1252 1611
1253 2217
1253 2454
1254 1255
1254 1256
1255 1614
1256 2218
1256 2456
1257 1258
1257 1259
1258 1617
1259 2219
1259 2458
1260 1261
1260 1262
1261 1618
1261 1620
1262 2220
1262 2460
1263 1264
1263 1265
1264 1594
1264 1623
1265 2222
1265 2462
1266 1267
1266 1268
1267 1609
1267 1626
1268 2224
1268 2464
1269 1270
1269 1271
1270 1612
1270 1629
1271 2226
1271 2466
1272 1273
1272 1274
1273 1615
1273 1632
1274 2228
1274 2468
1275 1276
1275 1277
1276 1603
1276 1635
1277 2230
1277 2470
1278 1279
1278 1280
1279 1540
1279 1638
1280 2232
1280 2472
1281 1282
1281 1283
1282 1597
1282 1641
1283 2234
1283 2474
1284 1285
1284 1286
1285 1591
1285 1644
1286 2236
1286 2476
1287 1288
1287 1289
1288 1555
1288 1647
1289 2238
1289 2478
1290 1291
1290 1292
1291 1495
1291 1650
1292 2240
1292 2480
1293 1294
1293 1295
1294 1492
1294 1653
1295 2242
1295 2482
1296 1297
1296 1298
1297 1558
1297 1656
1298 2244
1298 2484
1299 1300
1299 1301
1300 1600
1300 1659
1301 2246
1301 2486
1302 1303
1302 1304
1303 1543
1303 1662
1304 2248
1304 2488
1305 1306
1305 1307
1306 1579
1306 1665
1307 2250
1307 2490
1308 1309
1308 1310
1309 1564
1309 1668
1310 2252
1310 2492
1311 1312
1311 1313
1312 1474
1312 1671
1313 2254
1313 2494
1314 1315
1314 1316
1315 1471
1315 1674
1316 2256
1316 2496
1317 1318
1317 1319
1318 1585
1318 1677
1319 2258
1319 2498
1320 1321
1320 1322
1321 1582
1321 1680
1322 2260
1322 2500
1323 1324
1323 1325
1324 1588
1324 1683
1325 2262
1325 2502
1326 1327
1326 1328
1327 1528
1327 1686
1328 2264
1328 2504
1329 1330
1329 1331
1330 1552
1330 1689
1331 2266
1331 2506
1332 1333
1332 1334
1333 1516
1333 1692
1334 2268
1334 2508
1335 1336
1335 1337
1336 1513
1336 1695
1337 2270
1337 2510
1338 1339
1338 1340
1339 1570
1339 1698
1340 2272
1340 2512
1341 1342
1341 1343
1342 1576
1342 1701
1343 2274
1343 2514
1344 1345
1344 1346
1345 1561
1345 1704
1346 2276
1346 2516
1347 1348
1347 1349
1348 1507
1348 1707
1349 2278
1349 2518
1350 1351
1350 1352
1351 1573
1351 1710
1352 2280
1352 2520
1353 1354
1353 1355
1354 1606
1354 1713
1355 2282
1355 2522
1356 1357
1356 1358
1357 1546
1357 1716
1358 2284
1358 2524
1359 1360
1359 1361
1360 1459
1360 1719
1361 2286
1361 2526
1362 1363
1362 1364
1363 1483
1363 1722
1364 2288
1364 2528
1365 1366
1365 1367
1366 1537
1366 1725
1367 2290
1367 2530
1368 1369
1368 1370
1369 1567
1369 1728
1370 2292
1370 2532
1371 1372
1371 1373
1372 1510
1372 1731
1373 2294
1373 2534
1374 1375
1374 1376
1375 1468
1375 1734
1376 2296
1376 2536
1377 1378
1377 1379
1378 1477
1378 1737
1379 2298
1379 2538
1380 1381
1380 1382
1381 1525
1381 1740
1382 2300
1382 2540
1383 1384
1383 1385
1384 1489
1384 1743
1385 2302
1385 2542
1386 1387
1386 1388
1387 1549
1387 1746
1388 2304
1388 2544
1389 1390
1389 1391
1390 1519
1390 1749
1391 2306
1391 2546
1392 1393
1392 1394
1393 1531
1393 1752
1394 2308
1394 2548
1395 1396
1395 1397
1396 1522
1396 1755
1397 2310
1397 2550
1398 1399
1398 1400
1399 1486
1399 1758
1400 2312
1400 2552
1401 1402
1401 1403
1402 1501
1402 1761
1403 2314
1403 2554
1404 1405
1404 1406
1405 1498
1405 1764
1406 2316
1406 2556
1407 1408
1407 1409
1408 1504
1408 1767
1409 2318
1409 2558
1410 1411
1410 1412
1411 1465
1411 1770
1412 2320
1412 2560
1413 1414
1413 1415
1414 1444
1414 1773
1415 2322
1415 2562
1416 1417
1416 1418
1417 1462
1417 1776
1418 2324
1418 2564
1419 1420
1419 1421
1420 1480
1420 1779
1421 2326
1421 2566
1422 1423
1422 1424
1423 1456
1423 1782
1424 2328
1424 2568
1425 1426
1425 1427
1426 1534
1426 1785
1427 2330
1427 2570
1428 1429
1428 1430
1429 1447
1429 1788
1430 2332
1430 2572
1431 1432
1431 1433
1432 1450
1432 1791
1433 2334
1433 2574
1434 1435
1434 1436
1435 1453
1435 1794
1436 2336
1436 2576
1437 1438
1437 1439
1438 1441
1438 1797
1439 2338
1439 2578
1440 1441
1440 1442
1441 1800
1442 2340
1442 2580
1443 1444
1443 1445
1444 1803
1445 2342
1445 2582
1446 1447
1446 1448
1447 1806
1448 2344
1448 2584
1449 1450
1449 1451
1450 1809
1451 2346
1451 2586
1452 1453
1452 1454
1453 1812
1454 2348
1454 2588
1455 1456
1455 1457
1456 1815
1457 2350
1457 2590
1458 1459
1458 1460
1459 1818
1460 2352
1460 2592
1461 1462
1461 1463
1462 1821
1463 2354
1463 2594
1464 1465
1464 1466
1465 1824
1466 2356
1466 2596
1467 1468
1467 1469
1468 1827
1469 2358
1469 2598
1470 1471
1470 1472
1471 1830
1472 2360
1472 2600
1473 1474
1473 1475
1474 1833
1475 2362
1475 2602
1476 1477
1476 1478
1477 1836
1478 2364
1478 2604
1479 1480
1479 1481
1480 1839
1481 2366
1481 2606
1482 1483
1482 1484
1483 1842
1484 2368
1484 2608
1485 1486
1485 1487
1486 1845
1487 2370
1487 2610
1488 1489
1488 1490
1489 1848
1490 2372
1490 2612
1491 1492
1491 1493
1492 1851
1493 2374
1493 2614
1494 1495
1494 1496
1495 1854
1496 2376
1496 2616
1497 1498
1497 1499
1498 1857
1499 2378
1499 2618
1500 1501
1500 1502
1501 1860
1502 2380
1502 2620
1503 1504
1503 1505
1504 1863
1505 2382
1505 2622
1506 1507
1506 1508
1507 1866
1508 2384
1508 2624
1509 1510
1509 1511
1510 1869
1511 2386
1511 2626
1512 1513
1512 1514
1513 1872
1514 2388
1514 2628
1515 1516
1515 1517
1516 1875
1517 2390
1517 2630
1518 1519
1518 1520
1519 1878
1520 2392
1520 2632
1521 1522
1521 1523
1522 1881
1523 2394
1523 2634
1524 1525
1524 1526
1525 1884
1526 2396
1526 2636
1527 1528
1527 1529
1528 1887
1529 2398
1529 2638
1530 1531
1530 1532
1531 1890
1532 2400
1532 2640
1533 1534
1533 1535
1534 1893
1535 2402
1535 2642
1536 1537
1536 1538
1537 1896
1538 2404
1538 2644
1539 1540
1539 1541
1540 1899
1541 2406
1541 2646
1542 1543
1542 1544
1543 1902
1544 2408
1544 2648
1545 1546
1545 1547
1546 1905
1547 2410
1547 2650
1548 1549
1548 1550
1549 1908
1550 2412
1550 2652
1551 1552
1551 1553
1552 1911
1553 2414
1553 2654
1554 1555
1554 1556
1555 1914
1556 2416
1556 2656
1557 1558
1557 1559
1558 1917
1559 2418
1559 2658
1560 1561
1560 1562
1561 1920
1562 2420
1562 2660
1563 1564
1563 1565
1564 1923
1565 2422
1565 2662
1566 1567
1566 1568
1567 1926
1568 2424
1568 2664
1569 1570
1569 1571
1570 1929
1571 2426
1571 2666
1572 1573
1572 1574
1573 1932
1574 2428
1574 2668
1575 1576
1575 1577
1576 1935
1577 2430
1577 2670
1578 1579
1578 1580
1579 1938
1580 2432
1580 2672
1581 1582
1581 1583
1582 1941
1583 2434
1583 2674
1584 1585
1584 1586
1585 1944
1586 2436
1586 2676
1587 1588
1587 1589
1588 1947
1589 2438
1589 2678
1590 1591
1590 1592
1591 1950
1592 2440
1592 2680
1593 1594
1593 1595
1594 1953
1595 2442
1595 2682
1596 1597
1596 1598
1597 1956
1598 2444
1598 2684
1599 1600
1599 1601
1600 1959
1601 2446
1601 2686
1602 1603
1602 1604
1603 1962
1604 2448
1604 2688
1605 1606
1605 1607
1606 1965
1607 2450
1607 2690
1608 1609
1608 1610
1609 1968
1610 2452
1610 2692
1611 1612
1611 1613
1612 1971
1613 2454
1613 2694
1614 1615
1614 1616
1615 1974
1616 2456
1616 2696
1617 1618
1617 1619
1618 1977
1619 2458
1619 2698
1620 1621
1620 1622
1621 1969
1621 1978
1622 1970
1622 2460
1623 1624
1623 1625
1624 1954
1624 1975
1625 1976
1625 2462
1626 1627
1626 1628
1627 1969
1627 1972
1628 1973
1628 2464
1629 1630
1629 1631
1630 1972
1630 1978
1631 1979
1631 2466
1632 1633
1632 1634
1633 1957
1633 1975
1634 1958
1634 2468
1635 1636
1635 1637
1636 1951
1636 1963
1637 1952
1637 2470
1638 1639
1638 1640
1639 1900
1639 1960
1640 1961
1640 2472
1641 1642
1641 1643
1642 1954
1642 1957
1643 1955
1643 2474
1644 1645
1644 1646
1645 1903
1645 1951
1646 1904
1646 2476
1647 1648
1647 1649
1648 1915
1648 1924
1649 1925
1649 2478
1650 1651
1650 1652
1651 1855
1651 1912
1652 1913
1652 2480
1653 1654
1653 1655
1654 1852
1654 1906
1655 1907
1655 2482
1656 1657
1656 1658
1657 1888
1657 1918
1658 1889
1658 2484
1659 1660
1659 1661
1660 1933
1660 1960
1661 1934
1661 2486
1662 1663
1662 1664
1663 1903
1663 1963
1664 1964
1664 2488
1665 1666
1665 1667
1666 1939
1666 1942
1667 1943
1667 2490
1668 1669
1668 1670
1669 1924
1669 1966
1670 1967
1670 2492
1671 1672
1671 1673
1672 1834
1672 1882
1673 1883
1673 2494
1674 1675
1674 1676
1675 1831
1675 1864
1676 1865
1676 2496
1677 1678
1677 1679
1678 1921
1678 1945
1679 1922
1679 2498
1680 1681
1680 1682
1681 1909
1681 1942
1682 1910
1682 2500
1683 1684
1683 1685
1684 1855
1684 1948
1685 1856
1685 2502
1686 1687
1686 1688
1687 1879
1687 1888
1688 1880
1688 2504
1689 1690
1689 1691
1690 1912
1690 1948
1691 1949
1691 2506
1692 1693
1692 1694
1693 1876
1693 1945
1694 1946
1694 2508
1695 1696
1695 1697
1696 1873
1696 1885
1697 1886
1697 2510
1698 1699
1698 1700
1699 1867
1699 1930
1700 1868
1700 2512
1701 1702
1701 1703
1702 1852
1702 1936
1703 1853
1703 2514
1704 1705
1704 1706
1705 1876
1705 1921
1706 1877
1706 2516
1707 1708
1707 1709
1708 1837
1708 1867
1709 1838
1709 2518
1710 1711
1710 1712
1711 1900
1711 1933
1712 1901
1712 2520
1713 1714
1713 1715
1714 1915
1714 1966
1715 1916
1715 2522
1716 1717
1716 1718
1717 1906
1717 1936
1718 1937
1718 2524
1719 1720
1719 1721
1720 1819
1720 1891
1721 1892
1721 2526
1722 1723
1722 1724
1723 1825
1723 1843
1724 1826
1724 2528
1725 1726
1725 1727
1726 1834
1726 1897
1727 1835
1727 2530
1728 1729
1728 1730
1729 1861
1729 1927
1730 1862
1730 2532
1731 1732
1731 1733
1732 1831
1732 1870
1733 1832
1733 2534
1734 1735
1734 1736
1735 1828
1735 1894
1736 1895
1736 2536
1737 1738
1737 1739
1738 1837
1738 1930
1739 1931
1739 2538
1740 1741
1740 1742
1741 1858
1741 1885
1742 1859
1742 2540
1743 1744
1743 1745
1744 1828
1744 1849
1745 1829
1745 2542
1746 1747
1746 1748
1747 1909
1747 1939
1748 1940
1748 2544
1749 1750
1749 1751
1750 1879
1750 1918
1751 1919
1751 2546
1752 1753
1752 1754
1753 1840
1753 1891
1754 1841
1754 2548
1755 1756
1755 1757
1756 1882
1756 1897
1757 1898
1757 2550
1758 1759
1758 1760
1759 1846
1759 1927
1760 1928
1760 2552
1761 1762
1761 1763
1762 1846
1762 1861
1763 1847
1763 2554
1764 1765
1764 1766
1765 1858
1765 1873
1766 1874
1766 2556
1767 1768
1767 1769
1768 1864
1768 1870
1769 1871
1769 2558
1770 1771
1770 1772
1771 1816
1771 1825
1772 1817
1772 2560
1773 1774
1773 1775
1774 1804
1774 1822
1775 1823
1775 2562
1776 1777
1776 1778
1777 1813
1777 1822
1778 1814
1778 2564
1779 1780
1779 1781
1780 1819
1780 1840
1781 1820
1781 2566
1782 1783
1782 1784
1783 1816
1783 1843
1784 1844
1784 2568
1785 1786
1785 1787
1786 1849
1786 1894
1787 1850
1787 2570
1788 1789
1788 1790
1789 1801
1789 1807
1790 1802
1790 2572
1791 1792
1791 1793
1792 1807
1792 1810
1793 1808
1793 2574
1794 1795
1794 1796
1795 1804
1795 1813
1796 1805
1796 2576
1797 1798
1797 1799
1798 1801
1798 1810
1799 1811
1799 2578
1800 1801
1800 1802
1802 2580
1803 1804
1803 1805
1805 2582
1806 1807
1806 1808
1808 2584
1809 1810
1809 1811
1811 2586
1812 1813
1812 1814
1814 2588
1815 1816
1815 1817
1817 2590
1818 1819
1818 1820
1820 2592
1821 1822
1821 1823
1823 2594
1824 1825
1824 1826
1826 2596
1827 1828
1827 1829
1829 2598
1830 1831
1830 1832
1832 2600
1833 1834
1833 1835
1835 2602
1836 1837
1836 1838
1838 2604
1839 1840
1839 1841
1841 2606
1842 1843
1842 1844
1844 2608
1845 1846
1845 1847
1847 2610
1848 1849
1848 1850
1850 2612
1851 1852
1851 1853
1853 2614
1854 1855
1854 1856
1856 2616
1857 1858
1857 1859
1859 2618
1860 1861
1860 1862
1862 2620
1863 1864
1863 1865
1865 2622
1866 1867
1866 1868
1868 2624
1869 1870
1869 1871
1871 2626
1872 1873
1872 1874
1874 2628
1875 1876
1875 1877
1877 2630
1878 1879
1878 1880
1880 2632
1881 1882
1881 1883
1883 2634
1884 1885
1884 1886
1886 2636
1887 1888
1887 1889
1889 2638
1890 1891
1890 1892
1892 2640
1893 1894
1893 1895
1895 2642
1896 1897
1896 1898
1898 2644
1899 1900
1899 1901
1901 2646
1902 1903
1902 1904
1904 2648
1905 1906
1905 1907
1907 2650
1908 1909
1908 1910
1910 2652
1911 1912
1911 1913
1913 2654
1914 1915
1914 1916
1916 2656
1917 1918
1917 1919
1919 2658
1920 1921
1920 1922
1922 2660
1923 1924
1923 1925
1925 2662
1926 1927
1926 1928
1928 2664
1929 1930
1929 1931
1931 2666
1932 1933
1932 1934
1934 2668
1935 1936
1935 1937
1937 2670
1938 1939
1938 1940
1940 2672
1941 1942
1941 1943
1943 2674
1944 1945
1944 1946
1946 2676
1947 1948
1947 1949
1949 2678
1950 1951
1950 1952
1952 2680
1953 1954
1953 1955
1955 2682
1956 1957
1956 1958
1958 2684
1959 1960
1959 1961
1961 2686
1962 1963
1962 1964
1964 2688
1965 1966
1965 1967
1967 2690
1968 1969
1968 1970
1970 2692
1971 1972
1971 1973
1973 2694
1974 1975
1974 1976
1976 2696
1977 1978
1977 1979
1979 2698
2040 2041
2041 2218
2041 2700
2042 2043
2043 2216
2043 2701
2044 2045
2045 2213
2045 2702
2046 2047
2047 2210
2047 2703
2048 2049
2049 2208
2049 2704
2050 2051
2051 2219
2051 2705
2052 2053
2053 2217
2053 2706
2054 2055
2055 2209
2055 2707
2056 2057
2057 2186
2057 2708
2058 2059
2059 2204
2059 2709
2060 2061
2061 2215
2061 2710
2062 2063
2063 2188
2063 2711
2064 2065
2065 2181
2065 2712
2066 2067
2067 2201
2067 2713
2068 2069
2069 2196
2069 2714
2070 2071
2071 2200
2071 2715
2072 2073
2073 2197
2073 2716
2074 2075
2075 2190
2075 2717
2076 2077
2077 2189
2077 2718
2078 2079
2079 2207
2079 2719
2080 2081
2081 2214
2081 2720
2082 2083
2083 2172
2083 2721
2084 2085
2085 2194
2085 2722
2086 2087
2087 2211
2087 2723
2088 2089
2089 2212
2089 2724
2090 2091
2091 2195
2091 2725
2092 2093
2093 2168
2093 2726
2094 2095
2095 2193
2095 2727
2096 2097
2097 2171
2097 2728
2098 2099
2099 2178
2099 2729
2100 2101
2101 2177
2101 2730
2102 2103
2103 2202
2103 2731
2104 2105
2105 2199
2105 2732
2106 2107
2107 2187
2107 2733
2108 2109
2109 2182
2109 2734
2110 2111
2111 2185
2111 2735
2112 2113
2113 2174
2113 2736
2114 2115
2115 2176
2115 2737
2116 2117
2117 2206
2117 2738
2118 2119
2119 2192
2119 2739
2120 2121
2121 2175
2121 2740
2122 2123
2123 2173
2123 2741
2124 2125
2125 2191
2125 2742
2126 2127
2127 2205
2127 2743
2128 2129
2129 2169
2129 2744
2130 2131
2131 2203
2131 2745
2132 2133
2133 2198
2133 2746
2134 2135
2135 2179
2135 2747
2136 2137
2137 2164
2137 2748
2138 2139
2139 2167
2139 2749
2140 2141
2141 2163
2141 2750
2142 2143
2143 2183
2143 2751
2144 2145
2145 2184
2145 2752
2146 2147
2147 2162
2147 2753
2148 2149
2149 2180
2149 2754
2150 2151
2151 2170
2151 2755
2152 2153
2153 2161
2153 2756
2154 2155
2155 2166
2155 2757
2156 2157
2157 2160
2157 2758
2158 2159
2159 2165
2159 2759
2220 2221
2221 2700
2221 2760
2222 2223
2223 2701
2223 2762
2224 2225
2225 2702
2225 2764
2226 2227
2227 2703
2227 2766
2228 2229
2229 2704
2229 2768
2230 2231
2231 2705
2231 2770
2232 2233
2233 2706
2233 2772
2234 2235
2235 2707
2235 2774
2236 2237
2237 2708
2237 2776
2238 2239
2239 2709
2239 2778
2240 2241
2241 2710
2241 2780
2242 2243
2243 2711
2243 2782
2244 2245
2245 2712
2245 2784
2246 2247
2247 2713
2247 2786
2248 2249
2249 2714
2249 2788
2250 2251
2251 2715
2251 2790
2252 2253
2253 2716
2253 2792
2254 2255
2255 2717
2255 2794
2256 2257
2257 2718
2257 2796
2258 2259
2259 2719
2259 2798
2260 2261
2261 2720
2261 2800
2262 2263
2263 2721
2263 2802
2264 2265
2265 2722
2265 2804
2266 2267
2267 2723
2267 2806
2268 2269
2269 2724
2269 2808
2270 2271
2271 2725
2271 2810
2272 2273
2273 2726
2273 2812
2274 2275
2275 2727
2275 2814
2276 2277
2277 2728
2277 2816
2278 2279
2279 2729
2279 2818
2280 2281
2281 2730
2281 2820
2282 2283
2283 2731
2283 2822
2284 2285
2285 2732
2285 2824
2286 2287
2287 2733
2287 2826
2288 2289
2289 2734
2289 2828
2290 2291
2291 2735
2291 2830
2292 2293
2293 2736
2293 2832
2294 2295
2295 2737
2295 2834
2296 2297
2297 2738
2297 2836
2298 2299
2299 2739
2299 2838
2300 2301
2301 2740
2301 2840
2302 2303
2303 2741
2303 2842
2304 2305
2305 2742
2305 2844
2306 2307
2307 2743
2307 2846
2308 2309
2309 2744
2309 2848
2310 2311
2311 2745
2311 2850
2312 2313
2313 2746
2313 2852
2314 2315
2315 2747
2315 2854
2316 2317
2317 2748
2317 2856
2318 2319
2319 2749
2319 2858
2320 2321
2321 2750
2321 2860
2322 2323
2323 2751
2323 2862
2324 2325
2325 2752
2325 2864
2326 2327
2327 2753
2327 2866
2328 2329
2329 2754
2329 2868
2330 2331
2331 2755
2331 2870
2332 2333
2333 2756
2333 2872
2334 2335
2335 2757
2335 2874
2336 2337
2337 2758
2337 2876
2338 2339
2339 2759
2339 2878
2340 2341
2341 2758
2341 2880
2342 2343
2343 2756
2343 2881
2344 2345
2345 2753
2345 2882
2346 2347
2347 2750
2347 2883
2348 2349
2349 2748
2349 2884
2350 2351
2351 2759
2351 2885
2352 2353
2353 2757
2353 2886
2354 2355
2355 2749
2355 2887
2356 2357
2357 2726
2357 2888
2358 2359
2359 2744
2359 2889
2360 2361
2361 2755
2361 2890
2362 2363
2363 2728
2363 2891
2364 2365
2365 2721
2365 2892
2366 2367
2367 2741
2367 2893
2368 2369
2369 2736
2369 2894
2370 2371
2371 2740
2371 2895
2372 2373
2373 2737
2373 2896
2374 2375
2375 2730
2375 2897
2376 2377
2377 2729
2377 2898
2378 2379
2379 2747
2379 2899
2380 2381
2381 2754
2381 2900
2382 2383
2383 2712
2383 2901
2384 2385
2385 2734
2385 2902
2386 2387
2387 2751
2387 2903
2388 2389
2389 2752
2389 2904
2390 2391
2391 2735
2391 2905
2392 2393
2393 2708
2393 2906
2394 2395
2395 2733
2395 2907
2396 2397
2397 2711
2397 2908
2398 2399
2399 2718
2399 2909
2400 2401
2401 2717
2401 2910
2402 2403
2403 2742
2403 2911
2404 2405
2405 2739
2405 2912
2406 2407
2407 2727
2407 2913
2408 2409
2409 2722
2409 2914
2410 2411
2411 2725
2411 2915
2412 2413
2413 2714
2413 2916
2414 2415
2415 2716
2415 2917
2416 2417
2417 2746
2417 2918
2418 2419
2419 2732
2419 2919
2420 2421
2421 2715
2421 2920
2422 2423
2423 2713
2423 2921
2424 2425
2425 2731
2425 2922
2426 2427
2427 2745
2427 2923
2428 2429
2429 2709
2429 2924
2430 2431
2431 2743
2431 2925
2432 2433
2433 2738
2433 2926
2434 2435
2435 2719
2435 2927
2436 2437
2437 2704
2437 2928
2438 2439
2439 2707
2439 2929
2440 2441
2441 2703
2441 2930
2442 2443
2443 2723
2443 2931
2444 2445
2445 2724
2445 2932
2446 2447
2447 2702
2447 2933
2448 2449
2449 2720
2449 2934
2450 2451
2451 2710
2451 2935
2452 2453
2453 2701
2453 2936
2454 2455
2455 2706
2455 2937
2456 2457
2457 2700
2457 2938
2458 2459
2459 2705
2459 2939
2460 2461
2461 2693
2461 2760
2462 2463
2463 2697
2463 2762
2464 2465
2465 2695
2465 2764
2466 2467
2467 2699
2467 2766
2468 2469
2469 2685
2469 2768
2470 2471
2471 2681
2471 2770
2472 2473
2473 2687
2473 2772
2474 2475
2475 2683
2475 2774
2476 2477
2477 2649
2477 2776
2478 2479
2479 2663
2479 2778
2480 2481
2481 2655
2481 2780
2482 2483
2483 2651
2483 2782
2484 2485
2485 2639
2485 2784
2486 2487
2487 2669
2487 2786
2488 2489
2489 2689
2489 2788
2490 2491
2491 2675
2491 2790
2492 2493
2493 2691
2493 2792
2494 2495
2495 2635
2495 2794
2496 2497
2497 2623
2497 2796
2498 2499
2499 2661
2499 2798
2500 2501
2501 2653
2501 2800
2502 2503
2503 2617
2503 2802
2504 2505
2505 2633
2505 2804
2506 2507
2507 2679
2507 2806
2508 2509
2509 2677
2509 2808
2510 2511
2511 2637
2511 2810
2512 2513
2513 2625
2513 2812
2514 2515
2515 2615
2515 2814
2516 2517
2517 2631
2517 2816
2518 2519
2519 2605
2519 2818
2520 2521
2521 2647
2521 2820
2522 2523
2523 2657
2523 2822
2524 2525
2525 2671
2525 2824
2526 2527
2527 2641
2527 2826
2528 2529
2529 2597
2529 2828
2530 2531
2531 2603
2531 2830
2532 2533
2533 2621
2533 2832
2534 2535
2535 2601
2535 2834
2536 2537
2537 2643
2537 2836
2538 2539
2539 2667
2539 2838
2540 2541
2541 2619
2541 2840
2542 2543
2543 2599
2543 2842
2544 2545
2545 2673
2545 2844
2546 2547
2547 2659
2547 2846
2548 2549
2549 2607
2549 2848
2550 2551
2551 2645
2551 2850
2552 2553
2553 2665
2553 2852
2554 2555
2555 2611
2555 2854
2556 2557
2557 2629
2557 2856
2558 2559
2559 2627
2559 2858
2560 2561
2561 2591
2561 2860
2562 2563
2563 2595
2563 2862
2564 2565
2565 2589
2565 2864
2566 2567
2567 2593
2567 2866
2568 2569
2569 2609
2569 2868
2570 2571
2571 2613
2571 2870
2572 2573
2573 2581
2573 2872
2574 2575
2575 2585
2575 2874
2576 2577
2577 2583
2577 2876
2578 2579
2579 2587
2579 2878
2580 2581
2581 2880
2582 2583
2583 2881
2584 2585
2585 2882
2586 2587
2587 2883
2588 2589
2589 2884
2590 2591
2591 2885
2592 2593
2593 2886
2594 2595
2595 2887
2596 2597
2597 2888
2598 2599
2599 2889
2600 2601
2601 2890
2602 2603
2603 2891
2604 2605
2605 2892
2606 2607
2607 2893
2608 2609
2609 2894
2610 2611
2611 2895
2612 2613
2613 2896
2614 2615
2615 2897
2616 2617
2617 2898
2618 2619
2619 2899
2620 2621
2621 2900
2622 2623
2623 2901
2624 2625
2625 2902
2626 2627
2627 2903
2628 2629
2629 2904
2630 2631
2631 2905
2632 2633
2633 2906
2634 2635
2635 2907
2636 2637
2637 2908
2638 2639
2639 2909
2640 2641
2641 2910
2642 2643
2643 2911
2644 2645
2645 2912
2646 2647
2647 2913
2648 2649
2649 2914
2650 2651
2651 2915
2652 2653
2653 2916
2654 2655
2655 2917
2656 2657
2657 2918
2658 2659
2659 2919
2660 2661
2661 2920
2662 2663
2663 2921
2664 2665
2665 2922
2666 2667
2667 2923
2668 2669
2669 2924
2670 2671
2671 2925
2672 2673
2673 2926
2674 2675
2675 2927
2676 2677
2677 2928
2678 2679
2679 2929
2680 2681
2681 2930
2682 2683
2683 2931
2684 2685
2685 2932
2686 2687
2687 2933
2688 2689
2689 2934
2690 2691
2691 2935
2692 2693
2693 2936
2694 2695
2695 2937
2696 2697
2697 2938
2698 2699
2699 2939
2760 2761
2761 2763
2761 2938
2762 2763
2763 2936
2764 2765
2765 2773
2765 2933
2766 2767
2767 2771
2767 2930
2768 2769
2769 2809
2769 2928
2770 2771
2771 2939
2772 2773
2773 2937
2774 2775
2775 2807
2775 2929
2776 2777
2777 2805
2777 2906
2778 2779
2779 2787
2779 2924
2780 2781
2781 2793
2781 2935
2782 2783
2783 2811
2783 2908
2784 2785
2785 2797
2785 2901
2786 2787
2787 2921
2788 2789
2789 2801
2789 2916
2790 2791
2791 2799
2791 2920
2792 2793
2793 2917
2794 2795
2795 2827
2795 2910
2796 2797
2797 2909
2798 2799
2799 2927
2800 2801
2801 2934
2802 2803
2803 2819
2803 2892
2804 2805
2805 2914
2806 2807
2807 2931
2808 2809
2809 2932
2810 2811
2811 2915
2812 2813
2813 2829
2813 2888
2814 2815
2815 2821
2815 2913
2816 2817
2817 2831
2817 2891
2818 2819
2819 2898
2820 2821
2821 2897
2822 2823
2823 2853
2823 2922
2824 2825
2825 2847
2825 2919
2826 2827
2827 2907
2828 2829
2829 2902
2830 2831
2831 2905
2832 2833
2833 2869
2833 2894
2834 2835
2835 2871
2835 2896
2836 2837
2837 2845
2837 2926
2838 2839
2839 2851
2839 2912
2840 2841
2841 2855
2841 2895
2842 2843
2843 2849
2843 2893
2844 2845
2845 2911
2846 2847
2847 2925
2848 2849
2849 2889
2850 2851
2851 2923
2852 2853
2853 2918
2854 2855
2855 2899
2856 2857
2857 2865
2857 2884
2858 2859
2859 2863
2859 2887
2860 2861
2861 2879
2861 2883
2862 2863
2863 2903
2864 2865
2865 2904
2866 2867
2867 2875
2867 2882
2868 2869
2869 2900
2870 2871
2871 2890
2872 2873
2873 2877
2873 2881
2874 2875
2875 2886
2876 2877
2877 2880
2878 2879
2879 2885
