0 1
0 2
0 3
1 17
1 21
2 23
2 240
3 18
3 536
4 5
4 6
4 7
5 9
5 93
6 95
6 243
7 10
7 532
8 9
8 10
8 11
9 53
10 246
11 54
11 526
12 13
12 14
12 15
13 25
13 33
14 27
14 249
15 34
15 520
16 17
16 18
16 19
17 77
18 252
19 78
19 516
20 21
20 22
20 23
21 81
22 83
22 255
23 538
24 25
24 26
24 27
25 109
26 111
26 258
27 534
28 29
28 30
28 31
29 85
29 97
30 99
30 261
31 86
31 518
32 33
32 34
32 35
33 173
34 264
35 174
35 472
36 37
36 38
36 39
37 121
37 185
38 187
38 267
39 122
39 508
40 41
40 42
40 43
41 117
41 125
42 119
42 270
43 126
43 530
44 45
44 46
44 47
45 121
45 161
46 123
46 273
47 162
47 476
48 49
48 50
48 51
49 129
49 197
50 131
50 276
51 198
51 462
52 53
52 54
52 55
53 65
54 279
55 66
55 502
56 57
56 58
56 59
57 89
57 169
58 91
58 282
59 170
59 492
60 61
60 62
60 63
61 113
61 153
62 155
62 285
63 114
63 500
64 65
64 66
64 67
65 93
66 288
67 94
67 494
68 69
68 70
68 71
69 113
69 177
70 115
70 291
71 178
71 480
72 73
72 74
72 75
73 89
73 221
74 223
74 294
75 90
75 478
76 77
76 78
76 79
77 81
78 297
79 82
79 514
80 81
80 82
80 83
82 300
83 528
84 85
84 86
84 87
85 157
86 303
87 158
87 444
88 89
88 90
88 91
90 306
91 488
92 93
92 94
92 95
94 309
95 522
96 97
96 98
96 99
97 141
98 143
98 312
99 524
100 101
100 102
100 103
101 129
101 209
102 211
102 315
103 130
103 490
104 105
104 106
104 107
105 181
105 201
106 183
106 318
107 202
107 436
108 109
108 110
108 111
109 173
110 175
110 321
111 486
112 113
112 114
112 115
114 324
115 442
116 117
116 118
116 119
117 137
118 139
118 327
119 456
120 121
120 122
120 123
122 330
123 454
124 125
124 126
124 127
125 145
126 333
127 146
127 504
128 129
128 130
128 131
130 336
131 498
132 133
132 134
132 135
133 181
133 229
134 231
134 339
135 182
135 474
136 137
136 138
136 139
137 145
138 147
138 342
139 464
140 141
140 142
140 143
141 157
142 159
142 345
143 470
144 145
144 146
144 147
146 348
147 448
148 149
148 150
148 151
149 165
149 205
150 207
150 351
151 166
151 452
152 153
152 154
152 155
153 177
154 179
154 354
155 512
156 157
156 158
156 159
158 357
159 484
160 161
160 162
160 163
161 185
162 360
163 186
163 450
164 165
164 166
164 167
165 213
166 363
167 214
167 446
168 169
168 170
168 171
169 221
170 366
171 222
171 482
172 173
172 174
172 175
174 369
175 510
176 177
176 178
176 179
178 372
179 438
180 181
180 182
180 183
182 375
183 506
184 185
184 186
184 187
186 378
187 496
188 189
188 190
188 191
189 193
189 217
190 219
190 381
191 194
191 458
192 193
192 194
192 195
193 233
194 384
195 234
195 428
196 197
196 198
196 199
197 209
198 387
199 210
199 434
200 201
200 202
200 203
201 229
202 390
203 230
203 426
204 205
204 206
204 207
205 225
206 227
206 393
207 466
208 209
208 210
208 211
210 396
211 468
212 213
212 214
212 215
213 225
214 399
215 226
215 424
216 217
216 218
216 219
217 237
218 239
218 402
219 460
220 221
220 222
220 223
222 405
223 440
224 225
224 226
224 227
226 408
227 422
228 229
228 230
228 231
230 411
231 432
232 233
232 234
232 235
233 237
234 414
235 238
235 420
236 237
236 238
236 239
238 417
239 430
240 241
240 242
241 539
241 540
242 536
242 900
243 244
243 245
244 523
244 543
245 532
245 901
246 247
246 248
247 533
247 546
248 526
248 902
249 250
249 251
250 535
250 549
251 520
251 903
252 253
252 254
253 537
253 552
254 516
254 904
255 256
255 257
256 529
256 555
257 538
257 905
258 259
258 260
259 487
259 558
260 534
260 906
261 262
261 263
262 525
262 561
263 518
263 907
264 265
264 266
265 521
265 564
266 472
266 908
267 268
267 269
268 497
268 567
269 508
269 909
270 271
270 272
271 457
271 570
272 530
272 910
273 274
273 275
274 455
274 573
275 476
275 911
276 277
276 278
277 499
277 576
278 462
278 912
279 280
279 281
280 527
280 579
281 502
281 913
282 283
282 284
283 489
283 582
284 492
284 914
285 286
285 287
286 513
286 585
287 500
287 915
288 289
288 290
289 503
289 588
290 494
290 916
291 292
291 293
292 443
292 591
293 480
293 917
294 295
294 296
295 441
295 594
296 478
296 918
297 298
297 299
298 517
298 597
299 514
299 919
300 301
300 302
301 515
301 600
302 528
302 920
303 304
303 305
304 519
304 603
305 444
305 921
306 307
306 308
307 479
307 606
308 488
308 922
309 310
309 311
310 495
310 609
311 522
311 923
312 313
312 314
313 471
313 612
314 524
314 924
315 316
315 317
316 469
316 615
317 490
317 925
318 319
318 320
319 507
319 618
320 436
320 926
321 322
321 323
322 511
322 621
323 486
323 927
324 325
324 326
325 501
325 624
326 442
326 928
327 328
327 329
328 465
328 627
329 456
329 929
330 331
330 332
331 509
331 630
332 454
332 930
333 334
333 335
334 531
334 633
335 504
335 931
336 337
336 338
337 491
337 636
338 498
338 932
339 340
339 341
340 433
340 639
341 474
341 933
342 343
342 344
343 449
343 642
344 464
344 934
345 346
345 347
346 485
346 645
347 470
347 935
348 349
348 350
349 505
349 648
350 448
350 936
351 352
351 353
352 467
352 651
353 452
353 937
354 355
354 356
355 439
355 654
356 512
356 938
357 358
357 359
358 445
358 657
359 484
359 939
360 361
360 362
361 477
361 660
362 450
362 940
363 364
363 365
364 453
364 663
365 446
365 941
366 367
366 368
367 493
367 666
368 482
368 942
369 370
369 371
370 473
370 669
371 510
371 943
372 373
372 374
373 481
373 672
374 438
374 944
375 376
375 377
376 475
376 675
377 506
377 945
378 379
378 380
379 451
379 678
380 496
380 946
381 382
381 383
382 461
382 681
383 458
383 947
384 385
384 386
385 459
385 684
386 428
386 948
387 388
387 389
388 463
388 687
389 434
389 949
390 391
390 392
391 437
391 690
392 426
392 950
393 394
393 395
394 423
394 693
395 466
395 951
396 397
396 398
397 435
397 696
398 468
398 952
399 400
399 401
400 447
400 699
401 424
401 953
402 403
402 404
403 431
403 702
404 460
404 954
405 406
405 407
406 483
406 705
407 440
407 955
408 409
408 410
409 425
409 708
410 422
410 956
411 412
411 413
412 427
412 711
413 432
413 957
414 415
414 416
415 429
415 714
416 420
416 958
417 418
417 419
418 421
418 717
419 430
419 959
420 421
421 720
422 423
423 723
424 425
425 726
426 427
427 729
428 429
429 732
430 431
431 735
432 433
433 738
434 435
435 741
436 437
437 744
438 439
439 747
440 441
441 750
442 443
443 753
444 445
445 756
446 447
447 759
448 449
449 762
450 451
451 765
452 453
453 768
454 455
455 771
456 457
457 774
458 459
459 777
460 461
461 780
462 463
463 783
464 465
465 786
466 467
467 789
468 469
469 792
470 471
471 795
472 473
473 798
474 475
475 801
476 477
477 804
478 479
479 807
480 481
481 810
482 483
483 813
484 485
485 816
486 487
487 819
488 489
489 822
490 491
491 825
492 493
493 828
494 495
495 831
496 497
497 834
498 499
499 837
500 501
501 840
502 503
503 843
504 505
505 846
506 507
507 849
508 509
509 852
510 511
511 855
512 513
513 858
514 515
515 861
516 517
517 864
518 519
519 867
520 521
521 870
522 523
523 873
524 525
525 876
526 527
527 879
528 529
529 882
530 531
531 885
532 533
533 888
534 535
535 891
536 537
537 894
538 539
539 897
540 541
540 542
541 889
541 898
542 890
542 900
543 544
543 545
544 874
544 895
545 896
545 901
546 547
546 548
547 889
547 892
548 893
548 902
549 550
549 551
550 892
550 898
551 899
551 903
552 553
552 554
553 877
553 895
554 878
554 904
555 556
555 557
556 871
556 883
557 872
557 905
558 559
558 560
559 820
559 880
560 881
560 906
561 562
561 563
562 874
562 877
563 875
563 907
564 565
564 566
565 823
565 871
566 824
566 908
567 568
567 569
568 835
568 844
569 845
569 909
570 571
570 572
571 775
571 832
572 833
572 910
573 574
573 575
574 772
574 826
575 827
575 911
576 577
576 578
577 808
577 838
578 809
578 912
579 580
579 581
580 853
580 880
581 854
581 913
582 583
582 584
583 823
583 883
584 884
584 914
585 586
585 587
586 859
586 862
587 863
587 915
588 589
588 590
589 844
589 886
590 887
590 916
591 592
591 593
592 754
592 802
593 803
593 917
594 595
594 596
595 751
595 784
596 785
596 918
597 598
597 599
598 841
598 865
599 842
599 919
600 601
600 602
601 829
601 862
602 830
602 920
603 604
603 605
604 775
604 868
605 776
605 921
606 607
606 608
607 799
607 808
608 800
608 922
609 610
609 611
610 832
610 868
611 869
611 923
612 613
612 614
613 796
613 865
614 866
614 924
615 616
615 617
616 793
616 805
617 806
617 925
618 619
618 620
619 787
619 850
620 788
620 926
621 622
621 623
622 772
622 856
623 773
623 927
624 625
624 626
625 796
625 841
626 797
626 928
627 628
627 629
628 757
628 787
629 758
629 929
630 631
630 632
631 820
631 853
632 821
632 930
633 634
633 635
634 835
634 886
635 836
635 931
636 637
636 638
637 826
637 856
638 857
638 932
639 640
639 641
640 739
640 811
641 812
641 933
642 643
642 644
643 745
643 763
644 746
644 934
645 646
645 647
646 754
646 817
647 755
647 935
648 649
648 650
649 781
649 847
650 782
650 936
651 652
651 653
652 751
652 790
653 752
653 937
654 655
654 656
655 748
655 814
656 815
656 938
657 658
657 659
658 757
658 850
659 851
659 939
660 661
660 662
661 778
661 805
662 779
662 940
663 664
663 665
664 748
664 769
665 749
665 941
666 667
666 668
667 829
667 859
668 860
668 942
669 670
669 671
670 799
670 838
671 839
671 943
672 673
672 674
673 760
673 811
674 761
674 944
675 676
675 677
676 802
676 817
677 818
677 945
678 679
678 680
679 766
679 847
680 848
680 946
681 682
681 683
682 766
682 781
683 767
683 947
684 685
684 686
685 778
685 793
686 794
686 948
687 688
687 689
688 784
688 790
689 791
689 949
690 691
690 692
691 736
691 745
692 737
692 950
693 694
693 695
694 724
694 742
695 743
695 951
696 697
696 698
697 733
697 742
698 734
698 952
699 700
699 701
700 739
700 760
701 740
701 953
702 703
702 704
703 736
703 763
704 764
704 954
705 706
705 707
706 769
706 814
707 770
707 955
708 709
708 710
709 721
709 727
710 722
710 956
711 712
711 713
712 727
712 730
713 728
713 957
714 715
714 716
715 724
715 733
716 725
716 958
717 718
717 719
718 721
718 730
719 731
719 959
720 721
720 722
722 958
723 724
723 725
725 956
726 727
726 728
728 953
729 730
729 731
731 950
732 733
732 734
734 948
735 736
735 737
737 959
738 739
738 740
740 957
741 742
741 743
743 949
744 745
744 746
746 926
747 748
747 749
749 944
750 751
750 752
752 955
753 754
753 755
755 928
756 757
756 758
758 921
759 760
759 761
761 941
762 763
762 764
764 936
765 766
765 767
767 940
768 769
768 770
770 937
771 772
771 773
773 930
774 775
774 776
776 929
777 778
777 779
779 947
780 781
780 782
782 954
783 784
783 785
785 912
786 787
786 788
788 934
789 790
789 791
791 951
792 793
792 794
794 952
795 796
795 797
797 935
798 799
798 800
800 908
801 802
801 803
803 933
804 805
804 806
806 911
807 808
807 809
809 918
810 811
810 812
812 917
813 814
813 815
815 942
816 817
816 818
818 939
819 820
819 821
821 927
822 823
822 824
824 922
825 826
825 827
827 925
828 829
828 830
830 914
831 832
831 833
833 916
834 835
834 836
836 946
837 838
837 839
839 932
840 841
840 842
842 915
843 844
843 845
845 913
846 847
846 848
848 931
849 850
849 851
851 945
852 853
852 854
854 909
855 856
855 857
857 943
858 859
858 860
860 938
861 862
861 863
863 919
864 865
864 866
866 904
867 868
867 869
869 907
870 871
870 872
872 903
873 874
873 875
875 923
876 877
876 878
878 924
879 880
879 881
881 902
882 883
882 884
884 920
885 886
885 887
887 910
888 889
888 890
890 901
891 892
891 893
893 906
894 895
894 896
896 900
897 898
897 899
899 905
