0 1
0 2
0 3
1 17
1 21
2 23
2 240
3 18
3 536
4 5
4 6
4 7
5 9
5 93
6 95
6 243
7 10
7 532
8 9
8 10
8 11
9 53
10 246
11 54
11 526
12 13
12 14
12 15
13 25
13 33
14 27
14 249
15 34
15 520
16 17
16 18
16 19
17 77
18 252
19 78
19 516
20 21
20 22
20 23
21 81
22 83
22 255
23 538
24 25
24 26
24 27
25 109
26 111
26 258
27 534
28 29
28 30
28 31
29 85
29 97
30 99
30 261
31 86
31 518
32 33
32 34
32 35
33 173
34 264
35 174
35 472
36 37
36 38
36 39
37 121
37 185
38 187
38 267
39 122
39 508
40 41
40 42
40 43
41 117
41 125
42 119
42 270
43 126
43 530
44 45
44 46
44 47
45 121
45 161
46 123
46 273
47 162
47 476
48 49
48 50
48 51
49 129
49 197
50 131
50 276
51 198
51 462
52 53
52 54
52 55
53 65
54 279
55 66
55 502
56 57
56 58
56 59
57 89
57 169
58 91
58 282
59 170
59 492
60 61
60 62
60 63
61 113
61 153
62 155
62 285
63 114
63 500
64 65
64 66
64 67
65 93
66 288
67 94
67 494
68 69
68 70
68 71
69 113
69 177
70 115
70 291
71 178
71 480
72 73
72 74
72 75
73 89
73 221
74 223
74 294
75 90
75 478
76 77
76 78
76 79
77 81
78 297
79 82
79 514
80 81
80 82
80 83
82 300
83 528
84 85
84 86
84 87
85 157
86 303
87 158
87 444
88 89
88 90
88 91
90 306
91 488
92 93
92 94
92 95
94 309
95 522
96 97
96 98
96 99
97 141
98 143
98 312
99 524
100 101
100 102
100 103
101 129
101 209
102 211
102 315
103 130
103 490
104 105
104 106
104 107
105 181
105 201
106 183
106 318
107 202
107 436
108 109
108 110
108 111
109 173
110 175
110 321
111 486
112 113
112 114
112 115
114 324
115 442
116 117
116 118
116 119
117 137
118 139
118 327
119 456
120 121
120 122
120 123
122 330
123 454
124 125
124 126
124 127
125 145
126 333
127 146
127 504
128 129
128 130
128 131
130 336
131 498
132 133
132 134
132 135
133 181
133 229
134 231
134 339
135 182
135 474
136 137
136 138
136 139
137 145
138 147
138 342
139 464
140 141
140 142
140 143
141 157
142 159
142 345
143 470
144 145
144 146
144 147
146 348
147 448
148 149
148 150
148 151
149 165
149 205
150 207
150 351
151 166
151 452
152 153
152 154
152 155
153 177
154 179
154 354
155 512
156 157
156 158
156 159
158 357
159 484
160 161
160 162
160 163
161 185
162 360
163 186
163 450
164 165
164 166
164 167
165 213
166 363
167 214
167 446
168 169
168 170
168 171
169 221
170 366
171 222
171 482
172 173
172 174
172 175
174 369
175 510
176 177
176 178
176 179
178 372
179 438
180 181
180 182
180 183
182 375
183 506
184 185
184 186
184 187
186 378
187 496
188 189
188 190
188 191
189 193
189 217
190 219
190 381
191 194
191 458
192 193
192 194
192 195
193 233
194 384
195 234
195 428
196 197
196 198
196 199
197 209
198 387
199 210
199 434
200 201
200 202
200 203
201 229
202 390
203 230
203 426
204 205
204 206
204 207
205 225
206 227
206 393
207 466
208 209
208 210
208 211
210 396
211 468
212 213
212 214
212 215
213 225
214 399
215 226
215 424
216 217
216 218
216 219
217 237
218 239
218 402
219 460
220 221
220 222
220 223
222 405
223 440
224 225
224 226
224 227
226 408
227 422
228 229
228 230
228 231
230 411
231 432
232 233
232 234
232 235
233 237
234 414
235 238
235 420
236 237
236 238
236 239
238 417
239 430
240 241
240 242
241 539
241 540
242 536
242 2700
243 244
243 245
244 523
244 543
245 532
245 2701
246 247
246 248
247 533
247 546
248 526
248 2702
249 250
249 251
250 535
250 549
251 520
251 2703
252 253
252 254
253 537
253 552
254 516
254 2704
255 256
255 257
256 529
256 555
257 538
257 2705
258 259
258 260
259 487
259 558
260 534
260 2706
261 262
261 263
262 525
262 561
263 518
263 2707
264 265
264 266
265 521
265 564
266 472
266 2708
267 268
267 269
268 497
268 567
269 508
269 2709
270 271
270 272
271 457
271 570
272 530
272 2710
273 274
273 275
274 455
274 573
275 476
275 2711
276 277
276 278
277 499
277 576
278 462
278 2712
279 280
279 281
280 527
280 579
281 502
281 2713
282 283
282 284
283 489
283 582
284 492
284 2714
285 286
285 287
286 513
286 585
287 500
287 2715
288 289
288 290
289 503
289 588
290 494
290 2716
291 292
291 293
292 443
292 591
293 480
293 2717
294 295
294 296
295 441
295 594
296 478
296 2718
297 298
297 299
298 517
298 597
299 514
299 2719
300 301
300 302
301 515
301 600
302 528
302 2720
303 304
303 305
304 519
304 603
305 444
305 2721
306 307
306 308
307 479
307 606
308 488
308 2722
309 310
309 311
310 495
310 609
311 522
311 2723
312 313
312 314
313 471
313 612
314 524
314 2724
315 316
315 317
316 469
316 615
317 490
317 2725
318 319
318 320
319 507
319 618
320 436
320 2726
321 322
321 323
322 511
322 621
323 486
323 2727
324 325
324 326
325 501
325 624
326 442
326 2728
327 328
327 329
328 465
328 627
329 456
329 2729
330 331
330 332
331 509
331 630
332 454
332 2730
333 334
333 335
334 531
334 633
335 504
335 2731
336 337
336 338
337 491
337 636
338 498
338 2732
339 340
339 341
340 433
340 639
341 474
341 2733
342 343
342 344
343 449
343 642
344 464
344 2734
345 346
345 347
346 485
346 645
347 470
347 2735
348 349
348 350
349 505
349 648
350 448
350 2736
351 352
351 353
352 467
352 651
353 452
353 2737
354 355
354 356
355 439
355 654
356 512
356 2738
357 358
357 359
358 445
358 657
359 484
359 2739
360 361
360 362
361 477
361 660
362 450
362 2740
363 364
363 365
364 453
364 663
365 446
365 2741
366 367
366 368
367 493
367 666
368 482
368 2742
369 370
369 371
370 473
370 669
371 510
371 2743
372 373
372 374
373 481
373 672
374 438
374 2744
375 376
375 377
376 475
376 675
377 506
377 2745
378 379
378 380
379 451
379 678
380 496
380 2746
381 382
381 383
382 461
382 681
383 458
383 2747
384 385
384 386
385 459
385 684
386 428
386 2748
387 388
387 389
388 463
388 687
389 434
389 2749
390 391
390 392
391 437
391 690
392 426
392 2750
393 394
393 395
394 423
394 693
395 466
395 2751
396 397
396 398
397 435
397 696
398 468
398 2752
399 400
399 401
400 447
400 699
401 424
401 2753
402 403
402 404
403 431
403 702
404 460
404 2754
405 406
405 407
406 483
406 705
407 440
407 2755
408 409
408 410
409 425
409 708
410 422
410 2756
411 412
411 413
412 427
412 711
413 432
413 2757
414 415
414 416
415 429
415 714
416 420
416 2758
417 418
417 419
418 421
418 717
419 430
419 2759
420 421
421 720
422 423
423 723
424 425
425 726
426 427
427 729
428 429
429 732
430 431
431 735
432 433
433 738
434 435
435 741
436 437
437 744
438 439
439 747
440 441
441 750
442 443
443 753
444 445
445 756
446 447
447 759
448 449
449 762
450 451
451 765
452 453
453 768
454 455
455 771
456 457
457 774
458 459
459 777
460 461
461 780
462 463
463 783
464 465
465 786
466 467
467 789
468 469
469 792
470 471
471 795
472 473
473 798
474 475
475 801
476 477
477 804
478 479
479 807
480 481
481 810
482 483
483 813
484 485
485 816
486 487
487 819
488 489
489 822
490 491
491 825
492 493
493 828
494 495
495 831
496 497
497 834
498 499
499 837
500 501
501 840
502 503
503 843
504 505
505 846
506 507
507 849
508 509
509 852
510 511
511 855
512 513
513 858
514 515
515 861
516 517
517 864
518 519
519 867
520 521
521 870
522 523
523 873
524 525
525 876
526 527
527 879
528 529
529 882
530 531
531 885
532 533
533 888
534 535
535 891
536 537
537 894
538 539
539 897
540 541
540 542
541 898
541 900
542 2700
542 2760
543 544
543 545
544 874
544 903
545 2701
545 2762
546 547
546 548
547 889
547 906
548 2702
548 2764
549 550
549 551
550 892
550 909
551 2703
551 2766
552 553
552 554
553 895
553 912
554 2704
554 2768
555 556
555 557
556 883
556 915
557 2705
557 2770
558 559
558 560
559 820
559 918
560 2706
560 2772
561 562
561 563
562 877
562 921
563 2707
563 2774
564 565
564 566
565 871
565 924
566 2708
566 2776
567 568
567 569
568 835
568 927
569 2709
569 2778
570 571
570 572
571 775
571 930
572 2710
572 2780
573 574
573 575
574 772
574 933
575 2711
575 2782
576 577
576 578
577 838
577 936
578 2712
578 2784
579 580
579 581
580 880
580 939
581 2713
581 2786
582 583
582 584
583 823
583 942
584 2714
584 2788
585 586
585 587
586 859
586 945
587 2715
587 2790
588 589
588 590
589 844
589 948
590 2716
590 2792
591 592
591 593
592 754
592 951
593 2717
593 2794
594 595
594 596
595 751
595 954
596 2718
596 2796
597 598
597 599
598 865
598 957
599 2719
599 2798
600 601
600 602
601 862
601 960
602 2720
602 2800
603 604
603 605
604 868
604 963
605 2721
605 2802
606 607
606 608
607 808
607 966
608 2722
608 2804
609 610
609 611
610 832
610 969
611 2723
611 2806
612 613
612 614
613 796
613 972
614 2724
614 2808
615 616
615 617
616 793
616 975
617 2725
617 2810
618 619
618 620
619 850
619 978
620 2726
620 2812
621 622
621 623
622 856
622 981
623 2727
623 2814
624 625
624 626
625 841
625 984
626 2728
626 2816
627 628
627 629
628 787
628 987
629 2729
629 2818
630 631
630 632
631 853
631 990
632 2730
632 2820
633 634
633 635
634 886
634 993
635 2731
635 2822
636 637
636 638
637 826
637 996
638 2732
638 2824
639 640
639 641
640 739
640 999
641 2733
641 2826
642 643
642 644
643 763
643 1002
644 2734
644 2828
645 646
645 647
646 817
646 1005
647 2735
647 2830
648 649
648 650
649 847
649 1008
650 2736
650 2832
651 652
651 653
652 790
652 1011
653 2737
653 2834
654 655
654 656
655 748
655 1014
656 2738
656 2836
657 658
657 659
658 757
658 1017
659 2739
659 2838
660 661
660 662
661 805
661 1020
662 2740
662 2840
663 664
663 665
664 769
664 1023
665 2741
665 2842
666 667
666 668
667 829
667 1026
668 2742
668 2844
669 670
669 671
670 799
670 1029
671 2743
671 2846
672 673
672 674
673 811
673 1032
674 2744
674 2848
675 676
675 677
676 802
676 1035
677 2745
677 2850
678 679
678 680
679 766
679 1038
680 2746
680 2852
681 682
681 683
682 781
682 1041
683 2747
683 2854
684 685
684 686
685 778
685 1044
686 2748
686 2856
687 688
687 689
688 784
688 1047
689 2749
689 2858
690 691
690 692
691 745
691 1050
692 2750
692 2860
693 694
693 695
694 724
694 1053
695 2751
695 2862
696 697
696 698
697 742
697 1056
698 2752
698 2864
699 700
699 701
700 760
700 1059
701 2753
701 2866
702 703
702 704
703 736
703 1062
704 2754
704 2868
705 706
705 707
706 814
706 1065
707 2755
707 2870
708 709
708 710
709 727
709 1068
710 2756
710 2872
711 712
711 713
712 730
712 1071
713 2757
713 2874
714 715
714 716
715 733
715 1074
716 2758
716 2876
717 718
717 719
718 721
718 1077
719 2759
719 2878
720 721
720 722
721 1080
722 2758
722 2880
723 724
723 725
724 1083
725 2756
725 2881
726 727
726 728
727 1086
728 2753
728 2882
729 730
729 731
730 1089
731 2750
731 2883
732 733
732 734
733 1092
734 2748
734 2884
735 736
735 737
736 1095
737 2759
737 2885
738 739
738 740
739 1098
740 2757
740 2886
741 742
741 743
742 1101
743 2749
743 2887
744 745
744 746
745 1104
746 2726
746 2888
747 748
747 749
748 1107
749 2744
749 2889
750 751
750 752
751 1110
752 2755
752 2890
753 754
753 755
754 1113
755 2728
755 2891
756 757
756 758
757 1116
758 2721
758 2892
759 760
759 761
760 1119
761 2741
761 2893
762 763
762 764
763 1122
764 2736
764 2894
765 766
765 767
766 1125
767 2740
767 2895
768 769
768 770
769 1128
770 2737
770 2896
771 772
771 773
772 1131
773 2730
773 2897
774 775
774 776
775 1134
776 2729
776 2898
777 778
777 779
778 1137
779 2747
779 2899
780 781
780 782
781 1140
782 2754
782 2900
783 784
783 785
784 1143
785 2712
785 2901
786 787
786 788
787 1146
788 2734
788 2902
789 790
789 791
790 1149
791 2751
791 2903
792 793
792 794
793 1152
794 2752
794 2904
795 796
795 797
796 1155
797 2735
797 2905
798 799
798 800
799 1158
800 2708
800 2906
801 802
801 803
802 1161
803 2733
803 2907
804 805
804 806
805 1164
806 2711
806 2908
807 808
807 809
808 1167
809 2718
809 2909
810 811
810 812
811 1170
812 2717
812 2910
813 814
813 815
814 1173
815 2742
815 2911
816 817
816 818
817 1176
818 2739
818 2912
819 820
819 821
820 1179
821 2727
821 2913
822 823
822 824
823 1182
824 2722
824 2914
825 826
825 827
826 1185
827 2725
827 2915
828 829
828 830
829 1188
830 2714
830 2916
831 832
831 833
832 1191
833 2716
833 2917
834 835
834 836
835 1194
836 2746
836 2918
837 838
837 839
838 1197
839 2732
839 2919
840 841
840 842
841 1200
842 2715
842 2920
843 844
843 845
844 1203
845 2713
845 2921
846 847
846 848
847 1206
848 2731
848 2922
849 850
849 851
850 1209
851 2745
851 2923
852 853
852 854
853 1212
854 2709
854 2924
855 856
855 857
856 1215
857 2743
857 2925
858 859
858 860
859 1218
860 2738
860 2926
861 862
861 863
862 1221
863 2719
863 2927
864 865
864 866
865 1224
866 2704
866 2928
867 868
867 869
868 1227
869 2707
869 2929
870 871
870 872
871 1230
872 2703
872 2930
873 874
873 875
874 1233
875 2723
875 2931
876 877
876 878
877 1236
878 2724
878 2932
879 880
879 881
880 1239
881 2702
881 2933
882 883
882 884
883 1242
884 2720
884 2934
885 886
885 887
886 1245
887 2710
887 2935
888 889
888 890
889 1248
890 2701
890 2936
891 892
891 893
892 1251
893 2706
893 2937
894 895
894 896
895 1254
896 2700
896 2938
897 898
897 899
898 1257
899 2705
899 2939
900 901
900 902
901 1258
901 1260
902 2760
902 2940
903 904
903 905
904 1234
904 1263
905 2762
905 2942
906 907
906 908
907 1249
907 1266
908 2764
908 2944
909 910
909 911
910 1252
910 1269
911 2766
911 2946
912 913
912 914
913 1255
913 1272
914 2768
914 2948
915 916
915 917
916 1243
916 1275
917 2770
917 2950
918 919
918 920
919 1180
919 1278
920 2772
920 2952
921 922
921 923
922 1237
922 1281
923 2774
923 2954
924 925
924 926
925 1231
925 1284
926 2776
926 2956
927 928
927 929
928 1195
928 1287
929 2778
929 2958
930 931
930 932
931 1135
931 1290
932 2780
932 2960
933 934
933 935
934 1132
934 1293
935 2782
935 2962
936 937
936 938
937 1198
937 1296
938 2784
938 2964
939 940
939 941
940 1240
940 1299
941 2786
941 2966
942 943
942 944
943 1183
943 1302
944 2788
944 2968
945 946
945 947
946 1219
946 1305
947 2790
947 2970
948 949
948 950
949 1204
949 1308
950 2792
950 2972
951 952
951 953
952 1114
952 1311
953 2794
953 2974
954 955
954 956
955 1111
955 1314
956 2796
956 2976
957 958
957 959
958 1225
958 1317
959 2798
959 2978
960 961
960 962
961 1222
961 1320
962 2800
962 2980
963 964
963 965
964 1228
964 1323
965 2802
965 2982
966 967
966 968
967 1168
967 1326
968 2804
968 2984
969 970
969 971
970 1192
970 1329
971 2806
971 2986
972 973
972 974
973 1156
973 1332
974 2808
974 2988
975 976
975 977
976 1153
976 1335
977 2810
977 2990
978 979
978 980
979 1210
979 1338
980 2812
980 2992
981 982
981 983
982 1216
982 1341
983 2814
983 2994
984 985
984 986
985 1201
985 1344
986 2816
986 2996
987 988
987 989
988 1147
988 1347
989 2818
989 2998
990 991
990 992
991 1213
991 1350
992 2820
992 3000
993 994
993 995
994 1246
994 1353
995 2822
995 3002
996 997
996 998
997 1186
997 1356
998 2824
998 3004
999 1000
999 1001
1000 1099
1000 1359
1001 2826
1001 3006
1002 1003
1002 1004
1003 1123
1003 1362
1004 2828
1004 3008
1005 1006
1005 1007
1006 1177
1006 1365
1007 2830
1007 3010
1008 1009
1008 1010
1009 1207
1009 1368
1010 2832
1010 3012
1011 1012
1011 1013
1012 1150
1012 1371
1013 2834
1013 3014
1014 1015
1014 1016
1015 1108
1015 1374
1016 2836
1016 3016
1017 1018
1017 1019
1018 1117
1018 1377
1019 2838
1019 3018
1020 1021
1020 1022
1021 1165
1021 1380
1022 2840
1022 3020
1023 1024
1023 1025
1024 1129
1024 1383
1025 2842
1025 3022
1026 1027
1026 1028
1027 1189
1027 1386
1028 2844
1028 3024
1029 1030
1029 1031
1030 1159
1030 1389
1031 2846
1031 3026
1032 1033
1032 1034
1033 1171
1033 1392
1034 2848
1034 3028
1035 1036
1035 1037
1036 1162
1036 1395
1037 2850
1037 3030
1038 1039
1038 1040
1039 1126
1039 1398
1040 2852
1040 3032
1041 1042
1041 1043
1042 1141
1042 1401
1043 2854
1043 3034
1044 1045
1044 1046
1045 1138
1045 1404
1046 2856
1046 3036
1047 1048
1047 1049
1048 1144
1048 1407
1049 2858
1049 3038
1050 1051
1050 1052
1051 1105
1051 1410
1052 2860
1052 3040
1053 1054
1053 1055
1054 1084
1054 1413
1055 2862
1055 3042
1056 1057
1056 1058
1057 1102
1057 1416
1058 2864
1058 3044
1059 1060
1059 1061
1060 1120
1060 1419
1061 2866
1061 3046
1062 1063
1062 1064
1063 1096
1063 1422
1064 2868
1064 3048
1065 1066
1065 1067
1066 1174
1066 1425
1067 2870
1067 3050
1068 1069
1068 1070
1069 1087
1069 1428
1070 2872
1070 3052
1071 1072
1071 1073
1072 1090
1072 1431
1073 2874
1073 3054
1074 1075
1074 1076
1075 1093
1075 1434
1076 2876
1076 3056
1077 1078
1077 1079
1078 1081
1078 1437
1079 2878
1079 3058
1080 1081
1080 1082
1081 1440
1082 2880
1082 3060
1083 1084
1083 1085
1084 1443
1085 2881
1085 3062
1086 1087
1086 1088
1087 1446
1088 2882
1088 3064
1089 1090
1089 1091
1090 1449
1091 2883
1091 3066
1092 1093
1092 1094
1093 1452
1094 2884
1094 3068
1095 1096
1095 1097
1096 1455
1097 2885
1097 3070
1098 1099
1098 1100
1099 1458
1100 2886
1100 3072
1101 1102
1101 1103
1102 1461
1103 2887
1103 3074
1104 1105
1104 1106
1105 1464
1106 2888
1106 3076
1107 1108
1107 1109
1108 1467
1109 2889
1109 3078
1110 1111
1110 1112
1111 1470
1112 2890
1112 3080
1113 1114
1113 1115
1114 1473
1115 2891
1115 3082
1116 1117
1116 1118
1117 1476
1118 2892
1118 3084
1119 1120
1119 1121
1120 1479
1121 2893
1121 3086
1122 1123
1122 1124
1123 1482
1124 2894
1124 3088
1125 1126
1125 1127
1126 1485
1127 2895
1127 3090
1128 1129
1128 1130
1129 1488
1130 2896
1130 3092
1131 1132
1131 1133
1132 1491
1133 2897
1133 3094
1134 1135
1134 1136
1135 1494
1136 2898
1136 3096
1137 1138
1137 1139
1138 1497
1139 2899
1139 3098
1140 1141
1140 1142
1141 1500
1142 2900
1142 3100
1143 1144
1143 1145
1144 1503
1145 2901
1145 3102
1146 1147
1146 1148
1147 1506
1148 2902
1148 3104
1149 1150
1149 1151
1150 1509
1151 2903
1151 3106
1152 1153
1152 1154
1153 1512
1154 2904
1154 3108
1155 1156
1155 1157
1156 1515
1157 2905
1157 3110
1158 1159
1158 1160
1159 1518
1160 2906
1160 3112
1161 1162
1161 1163
1162 1521
1163 2907
1163 3114
1164 1165
1164 1166
1165 1524
1166 2908
1166 3116
1167 1168
1167 1169
1168 1527
1169 2909
1169 3118
1170 1171
1170 1172
1171 1530
1172 2910
1172 3120
1173 1174
1173 1175
1174 1533
1175 2911
1175 3122
1176 1177
1176 1178
1177 1536
1178 2912
1178 3124
1179 1180
1179 1181
1180 1539
1181 2913
1181 3126
1182 1183
1182 1184
1183 1542
1184 2914
1184 3128
1185 1186
1185 1187
1186 1545
1187 2915
1187 3130
1188 1189
1188 1190
1189 1548
1190 2916
1190 3132
1191 1192
1191 1193
1192 1551
1193 2917
1193 3134
1194 1195
1194 1196
1195 1554
1196 2918
1196 3136
1197 1198
1197 1199
1198 1557
1199 2919
1199 3138
1200 1201
1200 1202
1201 1560
1202 2920
1202 3140
1203 1204
1203 1205
1204 1563
1205 2921
1205 3142
1206 1207
1206 1208
1207 1566
1208 2922
1208 3144
1209 1210
1209 1211
1210 1569
1211 2923
1211 3146
1212 1213
1212 1214
1213 1572
1214 2924
1214 3148
1215 1216
1215 1217
1216 1575
1217 2925
1217 3150
1218 1219
1218 1220
1219 1578
1220 2926
1220 3152
1221 1222
1221 1223
1222 1581
1223 2927
1223 3154
1224 1225
1224 1226
1225 1584
1226 2928
1226 3156
1227 1228
1227 1229
1228 1587
1229 2929
1229 3158
1230 1231
1230 1232
1231 1590
1232 2930
1232 3160
1233 1234
1233 1235
1234 1593
1235 2931
1235 3162
1236 1237
1236 1238
1237 1596
1238 2932
1238 3164
1239 1240
1239 1241
1240 1599
1241 2933
1241 3166
1242 1243
1242 1244
1243 1602
1244 2934
1244 3168
1245 1246
1245 1247
1246 1605
1247 2935
1247 3170
1248 1249
1248 1250
1249 1608
1250 2936
1250 3172
1251 1252
1251 1253
1252 1611
1253 2937
1253 3174
1254 1255
1254 1256
1255 1614
1256 2938
1256 3176
1257 1258
1257 1259
1258 1617
1259 2939
1259 3178
1260 1261
1260 1262
1261 1618
1261 1620
1262 2940
1262 3180
1263 1264
1263 1265
1264 1594
1264 1623
1265 2942
1265 3182
1266 1267
1266 1268
1267 1609
1267 1626
1268 2944
1268 3184
1269 1270
1269 1271
1270 1612
1270 1629
1271 2946
1271 3186
1272 1273
1272 1274
1273 1615
1273 1632
1274 2948
1274 3188
1275 1276
1275 1277
1276 1603
1276 1635
1277 2950
1277 3190
1278 1279
1278 1280
1279 1540
1279 1638
1280 2952
1280 3192
1281 1282
1281 1283
1282 1597
1282 1641
1283 2954
1283 3194
1284 1285
1284 1286
1285 1591
1285 1644
1286 2956
1286 3196
1287 1288
1287 1289
1288 1555
1288 1647
1289 2958
1289 3198
1290 1291
1290 1292
1291 1495
1291 1650
1292 2960
1292 3200
1293 1294
1293 1295
1294 1492
1294 1653
1295 2962
1295 3202
1296 1297
1296 1298
1297 1558
1297 1656
1298 2964
1298 3204
1299 1300
1299 1301
1300 1600
1300 1659
1301 2966
1301 3206
1302 1303
1302 1304
1303 1543
1303 1662
1304 2968
1304 3208
1305 1306
1305 1307
1306 1579
1306 1665
1307 2970
1307 3210
1308 1309
1308 1310
1309 1564
1309 1668
1310 2972
1310 3212
1311 1312
1311 1313
1312 1474
1312 1671
1313 2974
1313 3214
1314 1315
1314 1316
1315 1471
1315 1674
1316 2976
1316 3216
1317 1318
1317 1319
1318 1585
1318 1677
1319 2978
1319 3218
1320 1321
1320 1322
1321 1582
1321 1680
1322 2980
1322 3220
1323 1324
1323 1325
1324 1588
1324 1683
1325 2982
1325 3222
1326 1327
1326 1328
1327 1528
1327 1686
1328 2984
1328 3224
1329 1330
1329 1331
1330 1552
1330 1689
1331 2986
1331 3226
1332 1333
1332 1334
1333 1516
1333 1692
1334 2988
1334 3228
1335 1336
1335 1337
1336 1513
1336 1695
1337 2990
1337 3230
1338 1339
1338 1340
1339 1570
1339 1698
1340 2992
1340 3232
1341 1342
1341 1343
1342 1576
1342 1701
1343 2994
1343 3234
1344 1345
1344 1346
1345 1561
1345 1704
1346 2996
1346 3236
1347 1348
1347 1349
1348 1507
1348 1707
1349 2998
1349 3238
1350 1351
1350 1352
1351 1573
1351 1710
1352 3000
1352 3240
1353 1354
1353 1355
1354 1606
1354 1713
1355 3002
1355 3242
1356 1357
1356 1358
1357 1546
1357 1716
1358 3004
1358 3244
1359 1360
1359 1361
1360 1459
1360 1719
1361 3006
1361 3246
1362 1363
1362 1364
1363 1483
1363 1722
1364 3008
1364 3248
1365 1366
1365 1367
1366 1537
1366 1725
1367 3010
1367 3250
1368 1369
1368 1370
1369 1567
1369 1728
1370 3012
1370 3252
1371 1372
1371 1373
1372 1510
1372 1731
1373 3014
1373 3254
1374 1375
1374 1376
1375 1468
1375 1734
1376 3016
1376 3256
1377 1378
1377 1379
1378 1477
1378 1737
1379 3018
1379 3258
1380 1381
1380 1382
1381 1525
1381 1740
1382 3020
1382 3260
1383 1384
1383 1385
1384 1489
1384 1743
1385 3022
1385 3262
1386 1387
1386 1388
1387 1549
1387 1746
1388 3024
1388 3264
1389 1390
1389 1391
1390 1519
1390 1749
1391 3026
1391 3266
1392 1393
1392 1394
1393 1531
1393 1752
1394 3028
1394 3268
1395 1396
1395 1397
1396 1522
1396 1755
1397 3030
1397 3270
1398 1399
1398 1400
1399 1486
1399 1758
1400 3032
1400 3272
1401 1402
1401 1403
1402 1501
1402 1761
1403 3034
1403 3274
1404 1405
1404 1406
1405 1498
1405 1764
1406 3036
1406 3276
1407 1408
1407 1409
1408 1504
1408 1767
1409 3038
1409 3278
1410 1411
1410 1412
1411 1465
1411 1770
1412 3040
1412 3280
1413 1414
1413 1415
1414 1444
1414 1773
1415 3042
1415 3282
1416 1417
1416 1418
1417 1462
1417 1776
1418 3044
1418 3284
1419 1420
1419 1421
1420 1480
1420 1779
1421 3046
1421 3286
1422 1423
1422 1424
1423 1456
1423 1782
1424 3048
1424 3288
1425 1426
1425 1427
1426 1534
1426 1785
1427 3050
1427 3290
1428 1429
1428 1430
1429 1447
1429 1788
1430 3052
1430 3292
1431 1432
1431 1433
1432 1450
1432 1791
1433 3054
1433 3294
1434 1435
1434 1436
1435 1453
1435 1794
1436 3056
1436 3296
1437 1438
1437 1439
1438 1441
1438 1797
1439 3058
1439 3298
1440 1441
1440 1442
1441 1800
1442 3060
1442 3300
1443 1444
1443 1445
1444 1803
1445 3062
1445 3302
1446 1447
1446 1448
1447 1806
1448 3064
1448 3304
1449 1450
1449 1451
1450 1809
1451 3066
1451 3306
1452 1453
1452 1454
1453 1812
1454 3068
1454 3308
1455 1456
1455 1457
1456 1815
1457 3070
1457 3310
1458 1459
1458 1460
1459 1818
1460 3072
1460 3312
1461 1462
1461 1463
1462 1821
1463 3074
1463 3314
1464 1465
1464 1466
1465 1824
1466 3076
1466 3316
1467 1468
1467 1469
1468 1827
1469 3078
1469 3318
1470 1471
1470 1472
1471 1830
1472 3080
1472 3320
1473 1474
1473 1475
1474 1833
1475 3082
1475 3322
1476 1477
1476 1478
1477 1836
1478 3084
1478 3324
1479 1480
1479 1481
1480 1839
1481 3086
1481 3326
1482 1483
1482 1484
1483 1842
1484 3088
1484 3328
1485 1486
1485 1487
1486 1845
1487 3090
1487 3330
1488 1489
1488 1490
1489 1848
1490 3092
1490 3332
1491 1492
1491 1493
1492 1851
1493 3094
1493 3334
1494 1495
1494 1496
1495 1854
1496 3096
1496 3336
1497 1498
1497 1499
1498 1857
1499 3098
1499 3338
1500 1501
1500 1502
1501 1860
1502 3100
1502 3340
1503 1504
1503 1505
1504 1863
1505 3102
1505 3342
1506 1507
1506 1508
1507 1866
1508 3104
1508 3344
1509 1510
1509 1511
1510 1869
1511 3106
1511 3346
1512 1513
1512 1514
1513 1872
1514 3108
1514 3348
1515 1516
1515 1517
1516 1875
1517 3110
1517 3350
1518 1519
1518 1520
1519 1878
1520 3112
1520 3352
1521 1522
1521 1523
1522 1881
1523 3114
1523 3354
1524 1525
1524 1526
1525 1884
1526 3116
1526 3356
1527 1528
1527 1529
1528 1887
1529 3118
1529 3358
1530 1531
1530 1532
1531 1890
1532 3120
1532 3360
1533 1534
1533 1535
1534 1893
1535 3122
1535 3362
1536 1537
1536 1538
1537 1896
1538 3124
1538 3364
1539 1540
1539 1541
1540 1899
1541 3126
1541 3366
1542 1543
1542 1544
1543 1902
1544 3128
1544 3368
1545 1546
1545 1547
1546 1905
1547 3130
1547 3370
1548 1549
1548 1550
1549 1908
1550 3132
1550 3372
1551 1552
1551 1553
1552 1911
1553 3134
1553 3374
1554 1555
1554 1556
1555 1914
1556 3136
1556 3376
1557 1558
1557 1559
1558 1917
1559 3138
1559 3378
1560 1561
1560 1562
1561 1920
1562 3140
1562 3380
1563 1564
1563 1565
1564 1923
1565 3142
1565 3382
1566 1567
1566 1568
1567 1926
1568 3144
1568 3384
1569 1570
1569 1571
1570 1929
1571 3146
1571 3386
1572 1573
1572 1574
1573 1932
1574 3148
1574 3388
1575 1576
1575 1577
1576 1935
1577 3150
1577 3390
1578 1579
1578 1580
1579 1938
1580 3152
1580 3392
1581 1582
1581 1583
1582 1941
1583 3154
1583 3394
1584 1585
1584 1586
1585 1944
1586 3156
1586 3396
1587 1588
1587 1589
1588 1947
1589 3158
1589 3398
1590 1591
1590 1592
1591 1950
1592 3160
1592 3400
1593 1594
1593 1595
1594 1953
1595 3162
1595 3402
1596 1597
1596 1598
1597 1956
1598 3164
1598 3404
1599 1600
1599 1601
1600 1959
1601 3166
1601 3406
1602 1603
1602 1604
1603 1962
1604 3168
1604 3408
1605 1606
1605 1607
1606 1965
1607 3170
1607 3410
1608 1609
1608 1610
1609 1968
1610 3172
1610 3412
1611 1612
1611 1613
1612 1971
1613 3174
1613 3414
1614 1615
1614 1616
1615 1974
1616 3176
1616 3416
1617 1618
1617 1619
1618 1977
1619 3178
1619 3418
1620 1621
1620 1622
1621 1978
1621 1980
1622 3180
1622 3420
1623 1624
1623 1625
1624 1954
1624 1983
1625 3182
1625 3422
1626 1627
1626 1628
1627 1969
1627 1986
1628 3184
1628 3424
1629 1630
1629 1631
1630 1972
1630 1989
1631 3186
1631 3426
1632 1633
1632 1634
1633 1975
1633 1992
1634 3188
1634 3428
1635 1636
1635 1637
1636 1963
1636 1995
1637 3190
1637 3430
1638 1639
1638 1640
1639 1900
1639 1998
1640 3192
1640 3432
1641 1642
1641 1643
1642 1957
1642 2001
1643 3194
1643 3434
1644 1645
1644 1646
1645 1951
1645 2004
1646 3196
1646 3436
1647 1648
1647 1649
1648 1915
1648 2007
1649 3198
1649 3438
1650 1651
1650 1652
1651 1855
1651 2010
1652 3200
1652 3440
1653 1654
1653 1655
1654 1852
1654 2013
1655 3202
1655 3442
1656 1657
1656 1658
1657 1918
1657 2016
1658 3204
1658 3444
1659 1660
1659 1661
1660 1960
1660 2019
1661 3206
1661 3446
1662 1663
1662 1664
1663 1903
1663 2022
1664 3208
1664 3448
1665 1666
1665 1667
1666 1939
1666 2025
1667 3210
1667 3450
1668 1669
1668 1670
1669 1924
1669 2028
1670 3212
1670 3452
1671 1672
1671 1673
1672 1834
1672 2031
1673 3214
1673 3454
1674 1675
1674 1676
1675 1831
1675 2034
1676 3216
1676 3456
1677 1678
1677 1679
1678 1945
1678 2037
1679 3218
1679 3458
1680 1681
1680 1682
1681 1942
1681 2040
1682 3220
1682 3460
1683 1684
1683 1685
1684 1948
1684 2043
1685 3222
1685 3462
1686 1687
1686 1688
1687 1888
1687 2046
1688 3224
1688 3464
1689 1690
1689 1691
1690 1912
1690 2049
1691 3226
1691 3466
1692 1693
1692 1694
1693 1876
1693 2052
1694 3228
1694 3468
1695 1696
1695 1697
1696 1873
1696 2055
1697 3230
1697 3470
1698 1699
1698 1700
1699 1930
1699 2058
1700 3232
1700 3472
1701 1702
1701 1703
1702 1936
1702 2061
1703 3234
1703 3474
1704 1705
1704 1706
1705 1921
1705 2064
1706 3236
1706 3476
1707 1708
1707 1709
1708 1867
1708 2067
1709 3238
1709 3478
1710 1711
1710 1712
1711 1933
1711 2070
1712 3240
1712 3480
1713 1714
1713 1715
1714 1966
1714 2073
1715 3242
1715 3482
1716 1717
1716 1718
1717 1906
1717 2076
1718 3244
1718 3484
1719 1720
1719 1721
1720 1819
1720 2079
1721 3246
1721 3486
1722 1723
1722 1724
1723 1843
1723 2082
1724 3248
1724 3488
1725 1726
1725 1727
1726 1897
1726 2085
1727 3250
1727 3490
1728 1729
1728 1730
1729 1927
1729 2088
1730 3252
1730 3492
1731 1732
1731 1733
1732 1870
1732 2091
1733 3254
1733 3494
1734 1735
1734 1736
1735 1828
1735 2094
1736 3256
1736 3496
1737 1738
1737 1739
1738 1837
1738 2097
1739 3258
1739 3498
1740 1741
1740 1742
1741 1885
1741 2100
1742 3260
1742 3500
1743 1744
1743 1745
1744 1849
1744 2103
1745 3262
1745 3502
1746 1747
1746 1748
1747 1909
1747 2106
1748 3264
1748 3504
1749 1750
1749 1751
1750 1879
1750 2109
1751 3266
1751 3506
1752 1753
1752 1754
1753 1891
1753 2112
1754 3268
1754 3508
1755 1756
1755 1757
1756 1882
1756 2115
1757 3270
1757 3510
1758 1759
1758 1760
1759 1846
1759 2118
1760 3272
1760 3512
1761 1762
1761 1763
1762 1861
1762 2121
1763 3274
1763 3514
1764 1765
1764 1766
1765 1858
1765 2124
1766 3276
1766 3516
1767 1768
1767 1769
1768 1864
1768 2127
1769 3278
1769 3518
1770 1771
1770 1772
1771 1825
1771 2130
1772 3280
1772 3520
1773 1774
1773 1775
1774 1804
1774 2133
1775 3282
1775 3522
1776 1777
1776 1778
1777 1822
1777 2136
1778 3284
1778 3524
1779 1780
1779 1781
1780 1840
1780 2139
1781 3286
1781 3526
1782 1783
1782 1784
1783 1816
1783 2142
1784 3288
1784 3528
1785 1786
1785 1787
1786 1894
1786 2145
1787 3290
1787 3530
1788 1789
1788 1790
1789 1807
1789 2148
1790 3292
1790 3532
1791 1792
1791 1793
1792 1810
1792 2151
1793 3294
1793 3534
1794 1795
1794 1796
1795 1813
1795 2154
1796 3296
1796 3536
1797 1798
1797 1799
1798 1801
1798 2157
1799 3298
1799 3538
1800 1801
1800 1802
1801 2160
1802 3300
1802 3540
1803 1804
1803 1805
1804 2163
1805 3302
1805 3542
1806 1807
1806 1808
1807 2166
1808 3304
1808 3544
1809 1810
1809 1811
1810 2169
1811 3306
1811 3546
1812 1813
1812 1814
1813 2172
1814 3308
1814 3548
1815 1816
1815 1817
1816 2175
1817 3310
1817 3550
1818 1819
1818 1820
1819 2178
1820 3312
1820 3552
1821 1822
1821 1823
1822 2181
1823 3314
1823 3554
1824 1825
1824 1826
1825 2184
1826 3316
1826 3556
1827 1828
1827 1829
1828 2187
1829 3318
1829 3558
1830 1831
1830 1832
1831 2190
1832 3320
1832 3560
1833 1834
1833 1835
1834 2193
1835 3322
1835 3562
1836 1837
1836 1838
1837 2196
1838 3324
1838 3564
1839 1840
1839 1841
1840 2199
1841 3326
1841 3566
1842 1843
1842 1844
1843 2202
1844 3328
1844 3568
1845 1846
1845 1847
1846 2205
1847 3330
1847 3570
1848 1849
1848 1850
1849 2208
1850 3332
1850 3572
1851 1852
1851 1853
1852 2211
1853 3334
1853 3574
1854 1855
1854 1856
1855 2214
1856 3336
1856 3576
1857 1858
1857 1859
1858 2217
1859 3338
1859 3578
1860 1861
1860 1862
1861 2220
1862 3340
1862 3580
1863 1864
1863 1865
1864 2223
1865 3342
1865 3582
1866 1867
1866 1868
1867 2226
1868 3344
1868 3584
1869 1870
1869 1871
1870 2229
1871 3346
1871 3586
1872 1873
1872 1874
1873 2232
1874 3348
1874 3588
1875 1876
1875 1877
1876 2235
1877 3350
1877 3590
1878 1879
1878 1880
1879 2238
1880 3352
1880 3592
1881 1882
1881 1883
1882 2241
1883 3354
1883 3594
1884 1885
1884 1886
1885 2244
1886 3356
1886 3596
1887 1888
1887 1889
1888 2247
1889 3358
1889 3598
1890 1891
1890 1892
1891 2250
1892 3360
1892 3600
1893 1894
1893 1895
1894 2253
1895 3362
1895 3602
1896 1897
1896 1898
1897 2256
1898 3364
1898 3604
1899 1900
1899 1901
1900 2259
1901 3366
1901 3606
1902 1903
1902 1904
1903 2262
1904 3368
1904 3608
1905 1906
1905 1907
1906 2265
1907 3370
1907 3610
1908 1909
1908 1910
1909 2268
1910 3372
1910 3612
1911 1912
1911 1913
1912 2271
1913 3374
1913 3614
1914 1915
1914 1916
1915 2274
1916 3376
1916 3616
1917 1918
1917 1919
1918 2277
1919 3378
1919 3618
1920 1921
1920 1922
1921 2280
1922 3380
1922 3620
1923 1924
1923 1925
1924 2283
1925 3382
1925 3622
1926 1927
1926 1928
1927 2286
1928 3384
1928 3624
1929 1930
1929 1931
1930 2289
1931 3386
1931 3626
1932 1933
1932 1934
1933 2292
1934 3388
1934 3628
1935 1936
1935 1937
1936 2295
1937 3390
1937 3630
1938 1939
1938 1940
1939 2298
1940 3392
1940 3632
1941 1942
1941 1943
1942 2301
1943 3394
1943 3634
1944 1945
1944 1946
1945 2304
1946 3396
1946 3636
1947 1948
1947 1949
1948 2307
1949 3398
1949 3638
1950 1951
1950 1952
1951 2310
1952 3400
1952 3640
1953 1954
1953 1955
1954 2313
1955 3402
1955 3642
1956 1957
1956 1958
1957 2316
1958 3404
1958 3644
1959 1960
1959 1961
1960 2319
1961 3406
1961 3646
1962 1963
1962 1964
1963 2322
1964 3408
1964 3648
1965 1966
1965 1967
1966 2325
1967 3410
1967 3650
1968 1969
1968 1970
1969 2328
1970 3412
1970 3652
1971 1972
1971 1973
1972 2331
1973 3414
1973 3654
1974 1975
1974 1976
1975 2334
1976 3416
1976 3656
1977 1978
1977 1979
1978 2337
1979 3418
1979 3658
1980 1981
1980 1982
1981 2338
1981 2340
1982 3420
1982 3660
1983 1984
1983 1985
1984 2314
1984 2343
1985 3422
1985 3662
1986 1987
1986 1988
1987 2329
1987 2346
1988 3424
1988 3664
1989 1990
1989 1991
1990 2332
1990 2349
1991 3426
1991 3666
1992 1993
1992 1994
1993 2335
1993 2352
1994 3428
1994 3668
1995 1996
1995 1997
1996 2323
1996 2355
1997 3430
1997 3670
1998 1999
1998 2000
1999 2260
1999 2358
2000 3432
2000 3672
2001 2002
2001 2003
2002 2317
2002 2361
2003 3434
2003 3674
2004 2005
2004 2006
2005 2311
2005 2364
2006 3436
2006 3676
2007 2008
2007 2009
2008 2275
2008 2367
2009 3438
2009 3678
2010 2011
2010 2012
2011 2215
2011 2370
2012 3440
2012 3680
2013 2014
2013 2015
2014 2212
2014 2373
2015 3442
2015 3682
2016 2017
2016 2018
2017 2278
2017 2376
2018 3444
2018 3684
2019 2020
2019 2021
2020 2320
2020 2379
2021 3446
2021 3686
2022 2023
2022 2024
2023 2263
2023 2382
2024 3448
2024 3688
2025 2026
2025 2027
2026 2299
2026 2385
2027 3450
2027 3690
2028 2029
2028 2030
2029 2284
2029 2388
2030 3452
2030 3692
2031 2032
2031 2033
2032 2194
2032 2391
2033 3454
2033 3694
2034 2035
2034 2036
2035 2191
2035 2394
2036 3456
2036 3696
2037 2038
2037 2039
2038 2305
2038 2397
2039 3458
2039 3698
2040 2041
2040 2042
2041 2302
2041 2400
2042 3460
2042 3700
2043 2044
2043 2045
2044 2308
2044 2403
2045 3462
2045 3702
2046 2047
2046 2048
2047 2248
2047 2406
2048 3464
2048 3704
2049 2050
2049 2051
2050 2272
2050 2409
2051 3466
2051 3706
2052 2053
2052 2054
2053 2236
2053 2412
2054 3468
2054 3708
2055 2056
2055 2057
2056 2233
2056 2415
2057 3470
2057 3710
2058 2059
2058 2060
2059 2290
2059 2418
2060 3472
2060 3712
2061 2062
2061 2063
2062 2296
2062 2421
2063 3474
2063 3714
2064 2065
2064 2066
2065 2281
2065 2424
2066 3476
2066 3716
2067 2068
2067 2069
2068 2227
2068 2427
2069 3478
2069 3718
2070 2071
2070 2072
2071 2293
2071 2430
2072 3480
2072 3720
2073 2074
2073 2075
2074 2326
2074 2433
2075 3482
2075 3722
2076 2077
2076 2078
2077 2266
2077 2436
2078 3484
2078 3724
2079 2080
2079 2081
2080 2179
2080 2439
2081 3486
2081 3726
2082 2083
2082 2084
2083 2203
2083 2442
2084 3488
2084 3728
2085 2086
2085 2087
2086 2257
2086 2445
2087 3490
2087 3730
2088 2089
2088 2090
2089 2287
2089 2448
2090 3492
2090 3732
2091 2092
2091 2093
2092 2230
2092 2451
2093 3494
2093 3734
2094 2095
2094 2096
2095 2188
2095 2454
2096 3496
2096 3736
2097 2098
2097 2099
2098 2197
2098 2457
2099 3498
2099 3738
2100 2101
2100 2102
2101 2245
2101 2460
2102 3500
2102 3740
2103 2104
2103 2105
2104 2209
2104 2463
2105 3502
2105 3742
2106 2107
2106 2108
2107 2269
2107 2466
2108 3504
2108 3744
2109 2110
2109 2111
2110 2239
2110 2469
2111 3506
2111 3746
2112 2113
2112 2114
2113 2251
2113 2472
2114 3508
2114 3748
2115 2116
2115 2117
2116 2242
2116 2475
2117 3510
2117 3750
2118 2119
2118 2120
2119 2206
2119 2478
2120 3512
2120 3752
2121 2122
2121 2123
2122 2221
2122 2481
2123 3514
2123 3754
2124 2125
2124 2126
2125 2218
2125 2484
2126 3516
2126 3756
2127 2128
2127 2129
2128 2224
2128 2487
2129 3518
2129 3758
2130 2131
2130 2132
2131 2185
2131 2490
2132 3520
2132 3760
2133 2134
2133 2135
2134 2164
2134 2493
2135 3522
2135 3762
2136 2137
2136 2138
2137 2182
2137 2496
2138 3524
2138 3764
2139 2140
2139 2141
2140 2200
2140 2499
2141 3526
2141 3766
2142 2143
2142 2144
2143 2176
2143 2502
2144 3528
2144 3768
2145 2146
2145 2147
2146 2254
2146 2505
2147 3530
2147 3770
2148 2149
2148 2150
2149 2167
2149 2508
2150 3532
2150 3772
2151 2152
2151 2153
2152 2170
2152 2511
2153 3534
2153 3774
2154 2155
2154 2156
2155 2173
2155 2514
2156 3536
2156 3776
2157 2158
2157 2159
2158 2161
2158 2517
2159 3538
2159 3778
2160 2161
2160 2162
2161 2520
2162 3540
2162 3780
2163 2164
2163 2165
2164 2523
2165 3542
2165 3782
2166 2167
2166 2168
2167 2526
2168 3544
2168 3784
2169 2170
2169 2171
2170 2529
2171 3546
2171 3786
2172 2173
2172 2174
2173 2532
2174 3548
2174 3788
2175 2176
2175 2177
2176 2535
2177 3550
2177 3790
2178 2179
2178 2180
2179 2538
2180 3552
2180 3792
2181 2182
2181 2183
2182 2541
2183 3554
2183 3794
2184 2185
2184 2186
2185 2544
2186 3556
2186 3796
2187 2188
2187 2189
2188 2547
2189 3558
2189 3798
2190 2191
2190 2192
2191 2550
2192 3560
2192 3800
2193 2194
2193 2195
2194 2553
2195 3562
2195 3802
2196 2197
2196 2198
2197 2556
2198 3564
2198 3804
2199 2200
2199 2201
2200 2559
2201 3566
2201 3806
2202 2203
2202 2204
2203 2562
2204 3568
2204 3808
2205 2206
2205 2207
2206 2565
2207 3570
2207 3810
2208 2209
2208 2210
2209 2568
2210 3572
2210 3812
2211 2212
2211 2213
2212 2571
2213 3574
2213 3814
2214 2215
2214 2216
2215 2574
2216 3576
2216 3816
2217 2218
2217 2219
2218 2577
2219 3578
2219 3818
2220 2221
2220 2222
2221 2580
2222 3580
2222 3820
2223 2224
2223 2225
2224 2583
2225 3582
2225 3822
2226 2227
2226 2228
2227 2586
2228 3584
2228 3824
2229 2230
2229 2231
2230 2589
2231 3586
2231 3826
2232 2233
2232 2234
2233 2592
2234 3588
2234 3828
2235 2236
2235 2237
2236 2595
2237 3590
2237 3830
2238 2239
2238 2240
2239 2598
2240 3592
2240 3832
2241 2242
2241 2243
2242 2601
2243 3594
2243 3834
2244 2245
2244 2246
2245 2604
2246 3596
2246 3836
2247 2248
2247 2249
2248 2607
2249 3598
2249 3838
2250 2251
2250 2252
2251 2610
2252 3600
2252 3840
2253 2254
2253 2255
2254 2613
2255 3602
2255 3842
2256 2257
2256 2258
2257 2616
2258 3604
2258 3844
2259 2260
2259 2261
2260 2619
2261 3606
2261 3846
2262 2263
2262 2264
2263 2622
2264 3608
2264 3848
2265 2266
2265 2267
2266 2625
2267 3610
2267 3850
2268 2269
2268 2270
2269 2628
2270 3612
2270 3852
2271 2272
2271 2273
2272 2631
2273 3614
2273 3854
2274 2275
2274 2276
2275 2634
2276 3616
2276 3856
2277 2278
2277 2279
2278 2637
2279 3618
2279 3858
2280 2281
2280 2282
2281 2640
2282 3620
2282 3860
2283 2284
2283 2285
2284 2643
2285 3622
2285 3862
2286 2287
2286 2288
2287 2646
2288 3624
2288 3864
2289 2290
2289 2291
2290 2649
2291 3626
2291 3866
2292 2293
2292 2294
2293 2652
2294 3628
2294 3868
2295 2296
2295 2297
2296 2655
2297 3630
2297 3870
2298 2299
2298 2300
2299 2658
2300 3632
2300 3872
2301 2302
2301 2303
2302 2661
2303 3634
2303 3874
2304 2305
2304 2306
2305 2664
2306 3636
2306 3876
2307 2308
2307 2309
2308 2667
2309 3638
2309 3878
2310 2311
2310 2312
2311 2670
2312 3640
2312 3880
2313 2314
2313 2315
2314 2673
2315 3642
2315 3882
2316 2317
2316 2318
2317 2676
2318 3644
2318 3884
2319 2320
2319 2321
2320 2679
2321 3646
2321 3886
2322 2323
2322 2324
2323 2682
2324 3648
2324 3888
2325 2326
2325 2327
2326 2685
2327 3650
2327 3890
2328 2329
2328 2330
2329 2688
2330 3652
2330 3892
2331 2332
2331 2333
2332 2691
2333 3654
2333 3894
2334 2335
2334 2336
2335 2694
2336 3656
2336 3896
2337 2338
2337 2339
2338 2697
2339 3658
2339 3898
2340 2341
2340 2342
2341 2689
2341 2698
2342 2690
2342 3660
2343 2344
2343 2345
2344 2674
2344 2695
2345 2696
2345 3662
2346 2347
2346 2348
2347 2689
2347 2692
2348 2693
2348 3664
2349 2350
2349 2351
2350 2692
2350 2698
2351 2699
2351 3666
2352 2353
2352 2354
2353 2677
2353 2695
2354 2678
2354 3668
2355 2356
2355 2357
2356 2671
2356 2683
2357 2672
2357 3670
2358 2359
2358 2360
2359 2620
2359 2680
2360 2681
2360 3672
2361 2362
2361 2363
2362 2674
2362 2677
2363 2675
2363 3674
2364 2365
2364 2366
2365 2623
2365 2671
2366 2624
2366 3676
2367 2368
2367 2369
2368 2635
2368 2644
2369 2645
2369 3678
2370 2371
2370 2372
2371 2575
2371 2632
2372 2633
2372 3680
2373 2374
2373 2375
2374 2572
2374 2626
2375 2627
2375 3682
2376 2377
2376 2378
2377 2608
2377 2638
2378 2609
2378 3684
2379 2380
2379 2381
2380 2653
2380 2680
2381 2654
2381 3686
2382 2383
2382 2384
2383 2623
2383 2683
2384 2684
2384 3688
2385 2386
2385 2387
2386 2659
2386 2662
2387 2663
2387 3690
2388 2389
2388 2390
2389 2644
2389 2686
2390 2687
2390 3692
2391 2392
2391 2393
2392 2554
2392 2602
2393 2603
2393 3694
2394 2395
2394 2396
2395 2551
2395 2584
2396 2585
2396 3696
2397 2398
2397 2399
2398 2641
2398 2665
2399 2642
2399 3698
2400 2401
2400 2402
2401 2629
2401 2662
2402 2630
2402 3700
2403 2404
2403 2405
2404 2575
2404 2668
2405 2576
2405 3702
2406 2407
2406 2408
2407 2599
2407 2608
2408 2600
2408 3704
2409 2410
2409 2411
2410 2632
2410 2668
2411 2669
2411 3706
2412 2413
2412 2414
2413 2596
2413 2665
2414 2666
2414 3708
2415 2416
2415 2417
2416 2593
2416 2605
2417 2606
2417 3710
2418 2419
2418 2420
2419 2587
2419 2650
2420 2588
2420 3712
2421 2422
2421 2423
2422 2572
2422 2656
2423 2573
2423 3714
2424 2425
2424 2426
2425 2596
2425 2641
2426 2597
2426 3716
2427 2428
2427 2429
2428 2557
2428 2587
2429 2558
2429 3718
2430 2431
2430 2432
2431 2620
2431 2653
2432 2621
2432 3720
2433 2434
2433 2435
2434 2635
2434 2686
2435 2636
2435 3722
2436 2437
2436 2438
2437 2626
2437 2656
2438 2657
2438 3724
2439 2440
2439 2441
2440 2539
2440 2611
2441 2612
2441 3726
2442 2443
2442 2444
2443 2545
2443 2563
2444 2546
2444 3728
2445 2446
2445 2447
2446 2554
2446 2617
2447 2555
2447 3730
2448 2449
2448 2450
2449 2581
2449 2647
2450 2582
2450 3732
2451 2452
2451 2453
2452 2551
2452 2590
2453 2552
2453 3734
2454 2455
2454 2456
2455 2548
2455 2614
2456 2615
2456 3736
2457 2458
2457 2459
2458 2557
2458 2650
2459 2651
2459 3738
2460 2461
2460 2462
2461 2578
2461 2605
2462 2579
2462 3740
2463 2464
2463 2465
2464 2548
2464 2569
2465 2549
2465 3742
2466 2467
2466 2468
2467 2629
2467 2659
2468 2660
2468 3744
2469 2470
2469 2471
2470 2599
2470 2638
2471 2639
2471 3746
2472 2473
2472 2474
2473 2560
2473 2611
2474 2561
2474 3748
2475 2476
2475 2477
2476 2602
2476 2617
2477 2618
2477 3750
2478 2479
2478 2480
2479 2566
2479 2647
2480 2648
2480 3752
2481 2482
2481 2483
2482 2566
2482 2581
2483 2567
2483 3754
2484 2485
2484 2486
2485 2578
2485 2593
2486 2594
2486 3756
2487 2488
2487 2489
2488 2584
2488 2590
2489 2591
2489 3758
2490 2491
2490 2492
2491 2536
2491 2545
2492 2537
2492 3760
2493 2494
2493 2495
2494 2524
2494 2542
2495 2543
2495 3762
2496 2497
2496 2498
2497 2533
2497 2542
2498 2534
2498 3764
2499 2500
2499 2501
2500 2539
2500 2560
2501 2540
2501 3766
2502 2503
2502 2504
2503 2536
2503 2563
2504 2564
2504 3768
2505 2506
2505 2507
2506 2569
2506 2614
2507 2570
2507 3770
2508 2509
2508 2510
2509 2521
2509 2527
2510 2522
2510 3772
2511 2512
2511 2513
2512 2527
2512 2530
2513 2528
2513 3774
2514 2515
2514 2516
2515 2524
2515 2533
2516 2525
2516 3776
2517 2518
2517 2519
2518 2521
2518 2530
2519 2531
2519 3778
2520 2521
2520 2522
2522 3780
2523 2524
2523 2525
2525 3782
2526 2527
2526 2528
2528 3784
2529 2530
2529 2531
2531 3786
2532 2533
2532 2534
2534 3788
2535 2536
2535 2537
2537 3790
2538 2539
2538 2540
2540 3792
2541 2542
2541 2543
2543 3794
2544 2545
2544 2546
2546 3796
2547 2548
2547 2549
2549 3798
2550 2551
2550 2552
2552 3800
2553 2554
2553 2555
2555 3802
2556 2557
2556 2558
2558 3804
2559 2560
2559 2561
2561 3806
2562 2563
2562 2564
2564 3808
2565 2566
2565 2567
2567 3810
2568 2569
2568 2570
2570 3812
2571 2572
2571 2573
2573 3814
2574 2575
2574 2576
2576 3816
2577 2578
2577 2579
2579 3818
2580 2581
2580 2582
2582 3820
2583 2584
2583 2585
2585 3822
2586 2587
2586 2588
2588 3824
2589 2590
2589 2591
2591 3826
2592 2593
2592 2594
2594 3828
2595 2596
2595 2597
2597 3830
2598 2599
2598 2600
2600 3832
2601 2602
2601 2603
2603 3834
2604 2605
2604 2606
2606 3836
2607 2608
2607 2609
2609 3838
2610 2611
2610 2612
2612 3840
2613 2614
2613 2615
2615 3842
2616 2617
2616 2618
2618 3844
2619 2620
2619 2621
2621 3846
2622 2623
2622 2624
2624 3848
2625 2626
2625 2627
2627 3850
2628 2629
2628 2630
2630 3852
2631 2632
2631 2633
2633 3854
2634 2635
2634 2636
2636 3856
2637 2638
2637 2639
2639 3858
2640 2641
2640 2642
2642 3860
2643 2644
2643 2645
2645 3862
2646 2647
2646 2648
2648 3864
2649 2650
2649 2651
2651 3866
2652 2653
2652 2654
2654 3868
2655 2656
2655 2657
2657 3870
2658 2659
2658 2660
2660 3872
2661 2662
2661 2663
2663 3874
2664 2665
2664 2666
2666 3876
2667 2668
2667 2669
2669 3878
2670 2671
2670 2672
2672 3880
2673 2674
2673 2675
2675 3882
2676 2677
2676 2678
2678 3884
2679 2680
2679 2681
2681 3886
2682 2683
2682 2684
2684 3888
2685 2686
2685 2687
2687 3890
2688 2689
2688 2690
2690 3892
2691 2692
2691 2693
2693 3894
2694 2695
2694 2696
2696 3896
2697 2698
2697 2699
2699 3898
2760 2761
2761 2938
2761 3900
2762 2763
2763 2936
2763 3901
2764 2765
2765 2933
2765 3902
2766 2767
2767 2930
2767 3903
2768 2769
2769 2928
2769 3904
2770 2771
2771 2939
2771 3905
2772 2773
2773 2937
2773 3906
2774 2775
2775 2929
2775 3907
2776 2777
2777 2906
2777 3908
2778 2779
2779 2924
2779 3909
2780 2781
2781 2935
2781 3910
2782 2783
2783 2908
2783 3911
2784 2785
2785 2901
2785 3912
2786 2787
2787 2921
2787 3913
2788 2789
2789 2916
2789 3914
2790 2791
2791 2920
2791 3915
2792 2793
2793 2917
2793 3916
2794 2795
2795 2910
2795 3917
2796 2797
2797 2909
2797 3918
2798 2799
2799 2927
2799 3919
2800 2801
2801 2934
2801 3920
2802 2803
2803 2892
2803 3921
2804 2805
2805 2914
2805 3922
2806 2807
2807 2931
2807 3923
2808 2809
2809 2932
2809 3924
2810 2811
2811 2915
2811 3925
2812 2813
2813 2888
2813 3926
2814 2815
2815 2913
2815 3927
2816 2817
2817 2891
2817 3928
2818 2819
2819 2898
2819 3929
2820 2821
2821 2897
2821 3930
2822 2823
2823 2922
2823 3931
2824 2825
2825 2919
2825 3932
2826 2827
2827 2907
2827 3933
2828 2829
2829 2902
2829 3934
2830 2831
2831 2905
2831 3935
2832 2833
2833 2894
2833 3936
2834 2835
2835 2896
2835 3937
2836 2837
2837 2926
2837 3938
2838 2839
2839 2912
2839 3939
2840 2841
2841 2895
2841 3940
2842 2843
2843 2893
2843 3941
2844 2845
2845 2911
2845 3942
2846 2847
2847 2925
2847 3943
2848 2849
2849 2889
2849 3944
2850 2851
2851 2923
2851 3945
2852 2853
2853 2918
2853 3946
2854 2855
2855 2899
2855 3947
2856 2857
2857 2884
2857 3948
2858 2859
2859 2887
2859 3949
2860 2861
2861 2883
2861 3950
2862 2863
2863 2903
2863 3951
2864 2865
2865 2904
2865 3952
2866 2867
2867 2882
2867 3953
2868 2869
2869 2900
2869 3954
2870 2871
2871 2890
2871 3955
2872 2873
2873 2881
2873 3956
2874 2875
2875 2886
2875 3957
2876 2877
2877 2880
2877 3958
2878 2879
2879 2885
2879 3959
2940 2941
2941 3900
2941 3960
2942 2943
2943 3901
2943 3962
2944 2945
2945 3902
2945 3964
2946 2947
2947 3903
2947 3966
2948 2949
2949 3904
2949 3968
2950 2951
2951 3905
2951 3970
2952 2953
2953 3906
2953 3972
2954 2955
2955 3907
2955 3974
2956 2957
2957 3908
2957 3976
2958 2959
2959 3909
2959 3978
2960 2961
2961 3910
2961 3980
2962 2963
2963 3911
2963 3982
2964 2965
2965 3912
2965 3984
2966 2967
2967 3913
2967 3986
2968 2969
2969 3914
2969 3988
2970 2971
2971 3915
2971 3990
2972 2973
2973 3916
2973 3992
2974 2975
2975 3917
2975 3994
2976 2977
2977 3918
2977 3996
2978 2979
2979 3919
2979 3998
2980 2981
2981 3920
2981 4000
2982 2983
2983 3921
2983 4002
2984 2985
2985 3922
2985 4004
2986 2987
2987 3923
2987 4006
2988 2989
2989 3924
2989 4008
2990 2991
2991 3925
2991 4010
2992 2993
2993 3926
2993 4012
2994 2995
2995 3927
2995 4014
2996 2997
2997 3928
2997 4016
2998 2999
2999 3929
2999 4018
3000 3001
3001 3930
3001 4020
3002 3003
3003 3931
3003 4022
3004 3005
3005 3932
3005 4024
3006 3007
3007 3933
3007 4026
3008 3009
3009 3934
3009 4028
3010 3011
3011 3935
3011 4030
3012 3013
3013 3936
3013 4032
3014 3015
3015 3937
3015 4034
3016 3017
3017 3938
3017 4036
3018 3019
3019 3939
3019 4038
3020 3021
3021 3940
3021 4040
3022 3023
3023 3941
3023 4042
3024 3025
3025 3942
3025 4044
3026 3027
3027 3943
3027 4046
3028 3029
3029 3944
3029 4048
3030 3031
3031 3945
3031 4050
3032 3033
3033 3946
3033 4052
3034 3035
3035 3947
3035 4054
3036 3037
3037 3948
3037 4056
3038 3039
3039 3949
3039 4058
3040 3041
3041 3950
3041 4060
3042 3043
3043 3951
3043 4062
3044 3045
3045 3952
3045 4064
3046 3047
3047 3953
3047 4066
3048 3049
3049 3954
3049 4068
3050 3051
3051 3955
3051 4070
3052 3053
3053 3956
3053 4072
3054 3055
3055 3957
3055 4074
3056 3057
3057 3958
3057 4076
3058 3059
3059 3959
3059 4078
3060 3061
3061 3958
3061 4080
3062 3063
3063 3956
3063 4081
3064 3065
3065 3953
3065 4082
3066 3067
3067 3950
3067 4083
3068 3069
3069 3948
3069 4084
3070 3071
3071 3959
3071 4085
3072 3073
3073 3957
3073 4086
3074 3075
3075 3949
3075 4087
3076 3077
3077 3926
3077 4088
3078 3079
3079 3944
3079 4089
3080 3081
3081 3955
3081 4090
3082 3083
3083 3928
3083 4091
3084 3085
3085 3921
3085 4092
3086 3087
3087 3941
3087 4093
3088 3089
3089 3936
3089 4094
3090 3091
3091 3940
3091 4095
3092 3093
3093 3937
3093 4096
3094 3095
3095 3930
3095 4097
3096 3097
3097 3929
3097 4098
3098 3099
3099 3947
3099 4099
3100 3101
3101 3954
3101 4100
3102 3103
3103 3912
3103 4101
3104 3105
3105 3934
3105 4102
3106 3107
3107 3951
3107 4103
3108 3109
3109 3952
3109 4104
3110 3111
3111 3935
3111 4105
3112 3113
3113 3908
3113 4106
3114 3115
3115 3933
3115 4107
3116 3117
3117 3911
3117 4108
3118 3119
3119 3918
3119 4109
3120 3121
3121 3917
3121 4110
3122 3123
3123 3942
3123 4111
3124 3125
3125 3939
3125 4112
3126 3127
3127 3927
3127 4113
3128 3129
3129 3922
3129 4114
3130 3131
3131 3925
3131 4115
3132 3133
3133 3914
3133 4116
3134 3135
3135 3916
3135 4117
3136 3137
3137 3946
3137 4118
3138 3139
3139 3932
3139 4119
3140 3141
3141 3915
3141 4120
3142 3143
3143 3913
3143 4121
3144 3145
3145 3931
3145 4122
3146 3147
3147 3945
3147 4123
3148 3149
3149 3909
3149 4124
3150 3151
3151 3943
3151 4125
3152 3153
3153 3938
3153 4126
3154 3155
3155 3919
3155 4127
3156 3157
3157 3904
3157 4128
3158 3159
3159 3907
3159 4129
3160 3161
3161 3903
3161 4130
3162 3163
3163 3923
3163 4131
3164 3165
3165 3924
3165 4132
3166 3167
3167 3902
3167 4133
3168 3169
3169 3920
3169 4134
3170 3171
3171 3910
3171 4135
3172 3173
3173 3901
3173 4136
3174 3175
3175 3906
3175 4137
3176 3177
3177 3900
3177 4138
3178 3179
3179 3905
3179 4139
3180 3181
3181 3960
3181 4140
3182 3183
3183 3962
3183 4142
3184 3185
3185 3964
3185 4144
3186 3187
3187 3966
3187 4146
3188 3189
3189 3968
3189 4148
3190 3191
3191 3970
3191 4150
3192 3193
3193 3972
3193 4152
3194 3195
3195 3974
3195 4154
3196 3197
3197 3976
3197 4156
3198 3199
3199 3978
3199 4158
3200 3201
3201 3980
3201 4160
3202 3203
3203 3982
3203 4162
3204 3205
3205 3984
3205 4164
3206 3207
3207 3986
3207 4166
3208 3209
3209 3988
3209 4168
3210 3211
3211 3990
3211 4170
3212 3213
3213 3992
3213 4172
3214 3215
3215 3994
3215 4174
3216 3217
3217 3996
3217 4176
3218 3219
3219 3998
3219 4178
3220 3221
3221 4000
3221 4180
3222 3223
3223 4002
3223 4182
3224 3225
3225 4004
3225 4184
3226 3227
3227 4006
3227 4186
3228 3229
3229 4008
3229 4188
3230 3231
3231 4010
3231 4190
3232 3233
3233 4012
3233 4192
3234 3235
3235 4014
3235 4194
3236 3237
3237 4016
3237 4196
3238 3239
3239 4018
3239 4198
3240 3241
3241 4020
3241 4200
3242 3243
3243 4022
3243 4202
3244 3245
3245 4024
3245 4204
3246 3247
3247 4026
3247 4206
3248 3249
3249 4028
3249 4208
3250 3251
3251 4030
3251 4210
3252 3253
3253 4032
3253 4212
3254 3255
3255 4034
3255 4214
3256 3257
3257 4036
3257 4216
3258 3259
3259 4038
3259 4218
3260 3261
3261 4040
3261 4220
3262 3263
3263 4042
3263 4222
3264 3265
3265 4044
3265 4224
3266 3267
3267 4046
3267 4226
3268 3269
3269 4048
3269 4228
3270 3271
3271 4050
3271 4230
3272 3273
3273 4052
3273 4232
3274 3275
3275 4054
3275 4234
3276 3277
3277 4056
3277 4236
3278 3279
3279 4058
3279 4238
3280 3281
3281 4060
3281 4240
3282 3283
3283 4062
3283 4242
3284 3285
3285 4064
3285 4244
3286 3287
3287 4066
3287 4246
3288 3289
3289 4068
3289 4248
3290 3291
3291 4070
3291 4250
3292 3293
3293 4072
3293 4252
3294 3295
3295 4074
3295 4254
3296 3297
3297 4076
3297 4256
3298 3299
3299 4078
3299 4258
3300 3301
3301 4080
3301 4260
3302 3303
3303 4081
3303 4262
3304 3305
3305 4082
3305 4264
3306 3307
3307 4083
3307 4266
3308 3309
3309 4084
3309 4268
3310 3311
3311 4085
3311 4270
3312 3313
3313 4086
3313 4272
3314 3315
3315 4087
3315 4274
3316 3317
3317 4088
3317 4276
3318 3319
3319 4089
3319 4278
3320 3321
3321 4090
3321 4280
3322 3323
3323 4091
3323 4282
3324 3325
3325 4092
3325 4284
3326 3327
3327 4093
3327 4286
3328 3329
3329 4094
3329 4288
3330 3331
3331 4095
3331 4290
3332 3333
3333 4096
3333 4292
3334 3335
3335 4097
3335 4294
3336 3337
3337 4098
3337 4296
3338 3339
3339 4099
3339 4298
3340 3341
3341 4100
3341 4300
3342 3343
3343 4101
3343 4302
3344 3345
3345 4102
3345 4304
3346 3347
3347 4103
3347 4306
3348 3349
3349 4104
3349 4308
3350 3351
3351 4105
3351 4310
3352 3353
3353 4106
3353 4312
3354 3355
3355 4107
3355 4314
3356 3357
3357 4108
3357 4316
3358 3359
3359 4109
3359 4318
3360 3361
3361 4110
3361 4320
3362 3363
3363 4111
3363 4322
3364 3365
3365 4112
3365 4324
3366 3367
3367 4113
3367 4326
3368 3369
3369 4114
3369 4328
3370 3371
3371 4115
3371 4330
3372 3373
3373 4116
3373 4332
3374 3375
3375 4117
3375 4334
3376 3377
3377 4118
3377 4336
3378 3379
3379 4119
3379 4338
3380 3381
3381 4120
3381 4340
3382 3383
3383 4121
3383 4342
3384 3385
3385 4122
3385 4344
3386 3387
3387 4123
3387 4346
3388 3389
3389 4124
3389 4348
3390 3391
3391 4125
3391 4350
3392 3393
3393 4126
3393 4352
3394 3395
3395 4127
3395 4354
3396 3397
3397 4128
3397 4356
3398 3399
3399 4129
3399 4358
3400 3401
3401 4130
3401 4360
3402 3403
3403 4131
3403 4362
3404 3405
3405 4132
3405 4364
3406 3407
3407 4133
3407 4366
3408 3409
3409 4134
3409 4368
3410 3411
3411 4135
3411 4370
3412 3413
3413 4136
3413 4372
3414 3415
3415 4137
3415 4374
3416 3417
3417 4138
3417 4376
3418 3419
3419 4139
3419 4378
3420 3421
3421 4140
3421 4380
3422 3423
3423 4142
3423 4382
3424 3425
3425 4144
3425 4384
3426 3427
3427 4146
3427 4386
3428 3429
3429 4148
3429 4388
3430 3431
3431 4150
3431 4390
3432 3433
3433 4152
3433 4392
3434 3435
3435 4154
3435 4394
3436 3437
3437 4156
3437 4396
3438 3439
3439 4158
3439 4398
3440 3441
3441 4160
3441 4400
3442 3443
3443 4162
3443 4402
3444 3445
3445 4164
3445 4404
3446 3447
3447 4166
3447 4406
3448 3449
3449 4168
3449 4408
3450 3451
3451 4170
3451 4410
3452 3453
3453 4172
3453 4412
3454 3455
3455 4174
3455 4414
3456 3457
3457 4176
3457 4416
3458 3459
3459 4178
3459 4418
3460 3461
3461 4180
3461 4420
3462 3463
3463 4182
3463 4422
3464 3465
3465 4184
3465 4424
3466 3467
3467 4186
3467 4426
3468 3469
3469 4188
3469 4428
3470 3471
3471 4190
3471 4430
3472 3473
3473 4192
3473 4432
3474 3475
3475 4194
3475 4434
3476 3477
3477 4196
3477 4436
3478 3479
3479 4198
3479 4438
3480 3481
3481 4200
3481 4440
3482 3483
3483 4202
3483 4442
3484 3485
3485 4204
3485 4444
3486 3487
3487 4206
3487 4446
3488 3489
3489 4208
3489 4448
3490 3491
3491 4210
3491 4450
3492 3493
3493 4212
3493 4452
3494 3495
3495 4214
3495 4454
3496 3497
3497 4216
3497 4456
3498 3499
3499 4218
3499 4458
3500 3501
3501 4220
3501 4460
3502 3503
3503 4222
3503 4462
3504 3505
3505 4224
3505 4464
3506 3507
3507 4226
3507 4466
3508 3509
3509 4228
3509 4468
3510 3511
3511 4230
3511 4470
3512 3513
3513 4232
3513 4472
3514 3515
3515 4234
3515 4474
3516 3517
3517 4236
3517 4476
3518 3519
3519 4238
3519 4478
3520 3521
3521 4240
3521 4480
3522 3523
3523 4242
3523 4482
3524 3525
3525 4244
3525 4484
3526 3527
3527 4246
3527 4486
3528 3529
3529 4248
3529 4488
3530 3531
3531 4250
3531 4490
3532 3533
3533 4252
3533 4492
3534 3535
3535 4254
3535 4494
3536 3537
3537 4256
3537 4496
3538 3539
3539 4258
3539 4498
3540 3541
3541 4260
3541 4500
3542 3543
3543 4262
3543 4502
3544 3545
3545 4264
3545 4504
3546 3547
3547 4266
3547 4506
3548 3549
3549 4268
3549 4508
3550 3551
3551 4270
3551 4510
3552 3553
3553 4272
3553 4512
3554 3555
3555 4274
3555 4514
3556 3557
3557 4276
3557 4516
3558 3559
3559 4278
3559 4518
3560 3561
3561 4280
3561 4520
3562 3563
3563 4282
3563 4522
3564 3565
3565 4284
3565 4524
3566 3567
3567 4286
3567 4526
3568 3569
3569 4288
3569 4528
3570 3571
3571 4290
3571 4530
3572 3573
3573 4292
3573 4532
3574 3575
3575 4294
3575 4534
3576 3577
3577 4296
3577 4536
3578 3579
3579 4298
3579 4538
3580 3581
3581 4300
3581 4540
3582 3583
3583 4302
3583 4542
3584 3585
3585 4304
3585 4544
3586 3587
3587 4306
3587 4546
3588 3589
3589 4308
3589 4548
3590 3591
3591 4310
3591 4550
3592 3593
3593 4312
3593 4552
3594 3595
3595 4314
3595 4554
3596 3597
3597 4316
3597 4556
3598 3599
3599 4318
3599 4558
3600 3601
3601 4320
3601 4560
3602 3603
3603 4322
3603 4562
3604 3605
3605 4324
3605 4564
3606 3607
3607 4326
3607 4566
3608 3609
3609 4328
3609 4568
3610 3611
3611 4330
3611 4570
3612 3613
3613 4332
3613 4572
3614 3615
3615 4334
3615 4574
3616 3617
3617 4336
3617 4576
3618 3619
3619 4338
3619 4578
3620 3621
3621 4340
3621 4580
3622 3623
3623 4342
3623 4582
3624 3625
3625 4344
3625 4584
3626 3627
3627 4346
3627 4586
3628 3629
3629 4348
3629 4588
3630 3631
3631 4350
3631 4590
3632 3633
3633 4352
3633 4592
3634 3635
3635 4354
3635 4594
3636 3637
3637 4356
3637 4596
3638 3639
3639 4358
3639 4598
3640 3641
3641 4360
3641 4600
3642 3643
3643 4362
3643 4602
3644 3645
3645 4364
3645 4604
3646 3647
3647 4366
3647 4606
3648 3649
3649 4368
3649 4608
3650 3651
3651 4370
3651 4610
3652 3653
3653 4372
3653 4612
3654 3655
3655 4374
3655 4614
3656 3657
3657 4376
3657 4616
3658 3659
3659 4378
3659 4618
3660 3661
3661 3893
3661 4380
3662 3663
3663 3897
3663 4382
3664 3665
3665 3895
3665 4384
3666 3667
3667 3899
3667 4386
3668 3669
3669 3885
3669 4388
3670 3671
3671 3881
3671 4390
3672 3673
3673 3887
3673 4392
3674 3675
3675 3883
3675 4394
3676 3677
3677 3849
3677 4396
3678 3679
3679 3863
3679 4398
3680 3681
3681 3855
3681 4400
3682 3683
3683 3851
3683 4402
3684 3685
3685 3839
3685 4404
3686 3687
3687 3869
3687 4406
3688 3689
3689 3889
3689 4408
3690 3691
3691 3875
3691 4410
3692 3693
3693 3891
3693 4412
3694 3695
3695 3835
3695 4414
3696 3697
3697 3823
3697 4416
3698 3699
3699 3861
3699 4418
3700 3701
3701 3853
3701 4420
3702 3703
3703 3817
3703 4422
3704 3705
3705 3833
3705 4424
3706 3707
3707 3879
3707 4426
3708 3709
3709 3877
3709 4428
3710 3711
3711 3837
3711 4430
3712 3713
3713 3825
3713 4432
3714 3715
3715 3815
3715 4434
3716 3717
3717 3831
3717 4436
3718 3719
3719 3805
3719 4438
3720 3721
3721 3847
3721 4440
3722 3723
3723 3857
3723 4442
3724 3725
3725 3871
3725 4444
3726 3727
3727 3841
3727 4446
3728 3729
3729 3797
3729 4448
3730 3731
3731 3803
3731 4450
3732 3733
3733 3821
3733 4452
3734 3735
3735 3801
3735 4454
3736 3737
3737 3843
3737 4456
3738 3739
3739 3867
3739 4458
3740 3741
3741 3819
3741 4460
3742 3743
3743 3799
3743 4462
3744 3745
3745 3873
3745 4464
3746 3747
3747 3859
3747 4466
3748 3749
3749 3807
3749 4468
3750 3751
3751 3845
3751 4470
3752 3753
3753 3865
3753 4472
3754 3755
3755 3811
3755 4474
3756 3757
3757 3829
3757 4476
3758 3759
3759 3827
3759 4478
3760 3761
3761 3791
3761 4480
3762 3763
3763 3795
3763 4482
3764 3765
3765 3789
3765 4484
3766 3767
3767 3793
3767 4486
3768 3769
3769 3809
3769 4488
3770 3771
3771 3813
3771 4490
3772 3773
3773 3781
3773 4492
3774 3775
3775 3785
3775 4494
3776 3777
3777 3783
3777 4496
3778 3779
3779 3787
3779 4498
3780 3781
3781 4500
3782 3783
3783 4502
3784 3785
3785 4504
3786 3787
3787 4506
3788 3789
3789 4508
3790 3791
3791 4510
3792 3793
3793 4512
3794 3795
3795 4514
3796 3797
3797 4516
3798 3799
3799 4518
3800 3801
3801 4520
3802 3803
3803 4522
3804 3805
3805 4524
3806 3807
3807 4526
3808 3809
3809 4528
3810 3811
3811 4530
3812 3813
3813 4532
3814 3815
3815 4534
3816 3817
3817 4536
3818 3819
3819 4538
3820 3821
3821 4540
3822 3823
3823 4542
3824 3825
3825 4544
3826 3827
3827 4546
3828 3829
3829 4548
3830 3831
3831 4550
3832 3833
3833 4552
3834 3835
3835 4554
3836 3837
3837 4556
3838 3839
3839 4558
3840 3841
3841 4560
3842 3843
3843 4562
3844 3845
3845 4564
3846 3847
3847 4566
3848 3849
3849 4568
3850 3851
3851 4570
3852 3853
3853 4572
3854 3855
3855 4574
3856 3857
3857 4576
3858 3859
3859 4578
3860 3861
3861 4580
3862 3863
3863 4582
3864 3865
3865 4584
3866 3867
3867 4586
3868 3869
3869 4588
3870 3871
3871 4590
3872 3873
3873 4592
3874 3875
3875 4594
3876 3877
3877 4596
3878 3879
3879 4598
3880 3881
3881 4600
3882 3883
3883 4602
3884 3885
3885 4604
3886 3887
3887 4606
3888 3889
3889 4608
3890 3891
3891 4610
3892 3893
3893 4612
3894 3895
3895 4614
3896 3897
3897 4616
3898 3899
3899 4618
3960 3961
3961 4138
3961 4620
3962 3963
3963 4136
3963 4621
3964 3965
3965 4133
3965 4622
3966 3967
3967 4130
3967 4623
3968 3969
3969 4128
3969 4624
3970 3971
3971 4139
3971 4625
3972 3973
3973 4137
3973 4626
3974 3975
3975 4129
3975 4627
3976 3977
3977 4106
3977 4628
3978 3979
3979 4124
3979 4629
3980 3981
3981 4135
3981 4630
3982 3983
3983 4108
3983 4631
3984 3985
3985 4101
3985 4632
3986 3987
3987 4121
3987 4633
3988 3989
3989 4116
3989 4634
3990 3991
3991 4120
3991 4635
3992 3993
3993 4117
3993 4636
3994 3995
3995 4110
3995 4637
3996 3997
3997 4109
3997 4638
3998 3999
3999 4127
3999 4639
4000 4001
4001 4134
4001 4640
4002 4003
4003 4092
4003 4641
4004 4005
4005 4114
4005 4642
4006 4007
4007 4131
4007 4643
4008 4009
4009 4132
4009 4644
4010 4011
4011 4115
4011 4645
4012 4013
4013 4088
4013 4646
4014 4015
4015 4113
4015 4647
4016 4017
4017 4091
4017 4648
4018 4019
4019 4098
4019 4649
4020 4021
4021 4097
4021 4650
4022 4023
4023 4122
4023 4651
4024 4025
4025 4119
4025 4652
4026 4027
4027 4107
4027 4653
4028 4029
4029 4102
4029 4654
4030 4031
4031 4105
4031 4655
4032 4033
4033 4094
4033 4656
4034 4035
4035 4096
4035 4657
4036 4037
4037 4126
4037 4658
4038 4039
4039 4112
4039 4659
4040 4041
4041 4095
4041 4660
4042 4043
4043 4093
4043 4661
4044 4045
4045 4111
4045 4662
4046 4047
4047 4125
4047 4663
4048 4049
4049 4089
4049 4664
4050 4051
4051 4123
4051 4665
4052 4053
4053 4118
4053 4666
4054 4055
4055 4099
4055 4667
4056 4057
4057 4084
4057 4668
4058 4059
4059 4087
4059 4669
4060 4061
4061 4083
4061 4670
4062 4063
4063 4103
4063 4671
4064 4065
4065 4104
4065 4672
4066 4067
4067 4082
4067 4673
4068 4069
4069 4100
4069 4674
4070 4071
4071 4090
4071 4675
4072 4073
4073 4081
4073 4676
4074 4075
4075 4086
4075 4677
4076 4077
4077 4080
4077 4678
4078 4079
4079 4085
4079 4679
4140 4141
4141 4620
4141 4680
4142 4143
4143 4621
4143 4682
4144 4145
4145 4622
4145 4684
4146 4147
4147 4623
4147 4686
4148 4149
4149 4624
4149 4688
4150 4151
4151 4625
4151 4690
4152 4153
4153 4626
4153 4692
4154 4155
4155 4627
4155 4694
4156 4157
4157 4628
4157 4696
4158 4159
4159 4629
4159 4698
4160 4161
4161 4630
4161 4700
4162 4163
4163 4631
4163 4702
4164 4165
4165 4632
4165 4704
4166 4167
4167 4633
4167 4706
4168 4169
4169 4634
4169 4708
4170 4171
4171 4635
4171 4710
4172 4173
4173 4636
4173 4712
4174 4175
4175 4637
4175 4714
4176 4177
4177 4638
4177 4716
4178 4179
4179 4639
4179 4718
4180 4181
4181 4640
4181 4720
4182 4183
4183 4641
4183 4722
4184 4185
4185 4642
4185 4724
4186 4187
4187 4643
4187 4726
4188 4189
4189 4644
4189 4728
4190 4191
4191 4645
4191 4730
4192 4193
4193 4646
4193 4732
4194 4195
4195 4647
4195 4734
4196 4197
4197 4648
4197 4736
4198 4199
4199 4649
4199 4738
4200 4201
4201 4650
4201 4740
4202 4203
4203 4651
4203 4742
4204 4205
4205 4652
4205 4744
4206 4207
4207 4653
4207 4746
4208 4209
4209 4654
4209 4748
4210 4211
4211 4655
4211 4750
4212 4213
4213 4656
4213 4752
4214 4215
4215 4657
4215 4754
4216 4217
4217 4658
4217 4756
4218 4219
4219 4659
4219 4758
4220 4221
4221 4660
4221 4760
4222 4223
4223 4661
4223 4762
4224 4225
4225 4662
4225 4764
4226 4227
4227 4663
4227 4766
4228 4229
4229 4664
4229 4768
4230 4231
4231 4665
4231 4770
4232 4233
4233 4666
4233 4772
4234 4235
4235 4667
4235 4774
4236 4237
4237 4668
4237 4776
4238 4239
4239 4669
4239 4778
4240 4241
4241 4670
4241 4780
4242 4243
4243 4671
4243 4782
4244 4245
4245 4672
4245 4784
4246 4247
4247 4673
4247 4786
4248 4249
4249 4674
4249 4788
4250 4251
4251 4675
4251 4790
4252 4253
4253 4676
4253 4792
4254 4255
4255 4677
4255 4794
4256 4257
4257 4678
4257 4796
4258 4259
4259 4679
4259 4798
4260 4261
4261 4678
4261 4800
4262 4263
4263 4676
4263 4801
4264 4265
4265 4673
4265 4802
4266 4267
4267 4670
4267 4803
4268 4269
4269 4668
4269 4804
4270 4271
4271 4679
4271 4805
4272 4273
4273 4677
4273 4806
4274 4275
4275 4669
4275 4807
4276 4277
4277 4646
4277 4808
4278 4279
4279 4664
4279 4809
4280 4281
4281 4675
4281 4810
4282 4283
4283 4648
4283 4811
4284 4285
4285 4641
4285 4812
4286 4287
4287 4661
4287 4813
4288 4289
4289 4656
4289 4814
4290 4291
4291 4660
4291 4815
4292 4293
4293 4657
4293 4816
4294 4295
4295 4650
4295 4817
4296 4297
4297 4649
4297 4818
4298 4299
4299 4667
4299 4819
4300 4301
4301 4674
4301 4820
4302 4303
4303 4632
4303 4821
4304 4305
4305 4654
4305 4822
4306 4307
4307 4671
4307 4823
4308 4309
4309 4672
4309 4824
4310 4311
4311 4655
4311 4825
4312 4313
4313 4628
4313 4826
4314 4315
4315 4653
4315 4827
4316 4317
4317 4631
4317 4828
4318 4319
4319 4638
4319 4829
4320 4321
4321 4637
4321 4830
4322 4323
4323 4662
4323 4831
4324 4325
4325 4659
4325 4832
4326 4327
4327 4647
4327 4833
4328 4329
4329 4642
4329 4834
4330 4331
4331 4645
4331 4835
4332 4333
4333 4634
4333 4836
4334 4335
4335 4636
4335 4837
4336 4337
4337 4666
4337 4838
4338 4339
4339 4652
4339 4839
4340 4341
4341 4635
4341 4840
4342 4343
4343 4633
4343 4841
4344 4345
4345 4651
4345 4842
4346 4347
4347 4665
4347 4843
4348 4349
4349 4629
4349 4844
4350 4351
4351 4663
4351 4845
4352 4353
4353 4658
4353 4846
4354 4355
4355 4639
4355 4847
4356 4357
4357 4624
4357 4848
4358 4359
4359 4627
4359 4849
4360 4361
4361 4623
4361 4850
4362 4363
4363 4643
4363 4851
4364 4365
4365 4644
4365 4852
4366 4367
4367 4622
4367 4853
4368 4369
4369 4640
4369 4854
4370 4371
4371 4630
4371 4855
4372 4373
4373 4621
4373 4856
4374 4375
4375 4626
4375 4857
4376 4377
4377 4620
4377 4858
4378 4379
4379 4625
4379 4859
4380 4381
4381 4613
4381 4680
4382 4383
4383 4617
4383 4682
4384 4385
4385 4615
4385 4684
4386 4387
4387 4619
4387 4686
4388 4389
4389 4605
4389 4688
4390 4391
4391 4601
4391 4690
4392 4393
4393 4607
4393 4692
4394 4395
4395 4603
4395 4694
4396 4397
4397 4569
4397 4696
4398 4399
4399 4583
4399 4698
4400 4401
4401 4575
4401 4700
4402 4403
4403 4571
4403 4702
4404 4405
4405 4559
4405 4704
4406 4407
4407 4589
4407 4706
4408 4409
4409 4609
4409 4708
4410 4411
4411 4595
4411 4710
4412 4413
4413 4611
4413 4712
4414 4415
4415 4555
4415 4714
4416 4417
4417 4543
4417 4716
4418 4419
4419 4581
4419 4718
4420 4421
4421 4573
4421 4720
4422 4423
4423 4537
4423 4722
4424 4425
4425 4553
4425 4724
4426 4427
4427 4599
4427 4726
4428 4429
4429 4597
4429 4728
4430 4431
4431 4557
4431 4730
4432 4433
4433 4545
4433 4732
4434 4435
4435 4535
4435 4734
4436 4437
4437 4551
4437 4736
4438 4439
4439 4525
4439 4738
4440 4441
4441 4567
4441 4740
4442 4443
4443 4577
4443 4742
4444 4445
4445 4591
4445 4744
4446 4447
4447 4561
4447 4746
4448 4449
4449 4517
4449 4748
4450 4451
4451 4523
4451 4750
4452 4453
4453 4541
4453 4752
4454 4455
4455 4521
4455 4754
4456 4457
4457 4563
4457 4756
4458 4459
4459 4587
4459 4758
4460 4461
4461 4539
4461 4760
4462 4463
4463 4519
4463 4762
4464 4465
4465 4593
4465 4764
4466 4467
4467 4579
4467 4766
4468 4469
4469 4527
4469 4768
4470 4471
4471 4565
4471 4770
4472 4473
4473 4585
4473 4772
4474 4475
4475 4531
4475 4774
4476 4477
4477 4549
4477 4776
4478 4479
4479 4547
4479 4778
4480 4481
4481 4511
4481 4780
4482 4483
4483 4515
4483 4782
4484 4485
4485 4509
4485 4784
4486 4487
4487 4513
4487 4786
4488 4489
4489 4529
4489 4788
4490 4491
4491 4533
4491 4790
4492 4493
4493 4501
4493 4792
4494 4495
4495 4505
4495 4794
4496 4497
4497 4503
4497 4796
4498 4499
4499 4507
4499 4798
4500 4501
4501 4800
4502 4503
4503 4801
4504 4505
4505 4802
4506 4507
4507 4803
4508 4509
4509 4804
4510 4511
4511 4805
4512 4513
4513 4806
4514 4515
4515 4807
4516 4517
4517 4808
4518 4519
4519 4809
4520 4521
4521 4810
4522 4523
4523 4811
4524 4525
4525 4812
4526 4527
4527 4813
4528 4529
4529 4814
4530 4531
4531 4815
4532 4533
4533 4816
4534 4535
4535 4817
4536 4537
4537 4818
4538 4539
4539 4819
4540 4541
4541 4820
4542 4543
4543 4821
4544 4545
4545 4822
4546 4547
4547 4823
4548 4549
4549 4824
4550 4551
4551 4825
4552 4553
4553 4826
4554 4555
4555 4827
4556 4557
4557 4828
4558 4559
4559 4829
4560 4561
4561 4830
4562 4563
4563 4831
4564 4565
4565 4832
4566 4567
4567 4833
4568 4569
4569 4834
4570 4571
4571 4835
4572 4573
4573 4836
4574 4575
4575 4837
4576 4577
4577 4838
4578 4579
4579 4839
4580 4581
4581 4840
4582 4583
4583 4841
4584 4585
4585 4842
4586 4587
4587 4843
4588 4589
4589 4844
4590 4591
4591 4845
4592 4593
4593 4846
4594 4595
4595 4847
4596 4597
4597 4848
4598 4599
4599 4849
4600 4601
4601 4850
4602 4603
4603 4851
4604 4605
4605 4852
4606 4607
4607 4853
4608 4609
4609 4854
4610 4611
4611 4855
4612 4613
4613 4856
4614 4615
4615 4857
4616 4617
4617 4858
4618 4619
4619 4859
4680 4681
4681 4683
4681 4858
4682 4683
4683 4856
4684 4685
4685 4693
4685 4853
4686 4687
4687 4691
4687 4850
4688 4689
4689 4729
4689 4848
4690 4691
4691 4859
4692 4693
4693 4857
4694 4695
4695 4727
4695 4849
4696 4697
4697 4725
4697 4826
4698 4699
4699 4707
4699 4844
4700 4701
4701 4713
4701 4855
4702 4703
4703 4731
4703 4828
4704 4705
4705 4717
4705 4821
4706 4707
4707 4841
4708 4709
4709 4721
4709 4836
4710 4711
4711 4719
4711 4840
4712 4713
4713 4837
4714 4715
4715 4747
4715 4830
4716 4717
4717 4829
4718 4719
4719 4847
4720 4721
4721 4854
4722 4723
4723 4739
4723 4812
4724 4725
4725 4834
4726 4727
4727 4851
4728 4729
4729 4852
4730 4731
4731 4835
4732 4733
4733 4749
4733 4808
4734 4735
4735 4741
4735 4833
4736 4737
4737 4751
4737 4811
4738 4739
4739 4818
4740 4741
4741 4817
4742 4743
4743 4773
4743 4842
4744 4745
4745 4767
4745 4839
4746 4747
4747 4827
4748 4749
4749 4822
4750 4751
4751 4825
4752 4753
4753 4789
4753 4814
4754 4755
4755 4791
4755 4816
4756 4757
4757 4765
4757 4846
4758 4759
4759 4771
4759 4832
4760 4761
4761 4775
4761 4815
4762 4763
4763 4769
4763 4813
4764 4765
4765 4831
4766 4767
4767 4845
4768 4769
4769 4809
4770 4771
4771 4843
4772 4773
4773 4838
4774 4775
4775 4819
4776 4777
4777 4785
4777 4804
4778 4779
4779 4783
4779 4807
4780 4781
4781 4799
4781 4803
4782 4783
4783 4823
4784 4785
4785 4824
4786 4787
4787 4795
4787 4802
4788 4789
4789 4820
4790 4791
4791 4810
4792 4793
4793 4797
4793 4801
4794 4795
4795 4806
4796 4797
4797 4800
4798 4799
4799 4805
