0 1
0 2
0 3
1 17
1 21
2 23
2 240
3 18
3 536
4 5
4 6
4 7
5 9
5 93
6 95
6 243
7 10
7 532
8 9
8 10
8 11
9 53
10 246
11 54
11 526
12 13
12 14
12 15
13 25
13 33
14 27
14 249
15 34
15 520
16 17
16 18
16 19
17 77
18 252
19 78
19 516
20 21
20 22
20 23
21 81
22 83
22 255
23 538
24 25
24 26
24 27
25 109
26 111
26 258
27 534
28 29
28 30
28 31
29 85
29 97
30 99
30 261
31 86
31 518
32 33
32 34
32 35
33 173
34 264
35 174
35 472
36 37
36 38
36 39
37 121
37 185
38 187
38 267
39 122
39 508
40 41
40 42
40 43
41 117
41 125
42 119
42 270
43 126
43 530
44 45
44 46
44 47
45 121
45 161
46 123
46 273
47 162
47 476
48 49
48 50
48 51
49 129
49 197
50 131
50 276
51 198
51 462
52 53
52 54
52 55
53 65
54 279
55 66
55 502
56 57
56 58
56 59
57 89
57 169
58 91
58 282
59 170
59 492
60 61
60 62
60 63
61 113
61 153
62 155
62 285
63 114
63 500
64 65
64 66
64 67
65 93
66 288
67 94
67 494
68 69
68 70
68 71
69 113
69 177
70 115
70 291
71 178
71 480
72 73
72 74
72 75
73 89
73 221
74 223
74 294
75 90
75 478
76 77
76 78
76 79
77 81
78 297
79 82
79 514
80 81
80 82
80 83
82 300
83 528
84 85
84 86
84 87
85 157
86 303
87 158
87 444
88 89
88 90
88 91
90 306
91 488
92 93
92 94
92 95
94 309
95 522
96 97
96 98
96 99
97 141
98 143
98 312
99 524
100 101
100 102
100 103
101 129
101 209
102 211
102 315
103 130
103 490
104 105
104 106
104 107
105 181
105 201
106 183
106 318
107 202
107 436
108 109
108 110
108 111
109 173
110 175
110 321
111 486
112 113
112 114
112 115
114 324
115 442
116 117
116 118
116 119
117 137
118 139
118 327
119 456
120 121
120 122
120 123
122 330
123 454
124 125
124 126
124 127
125 145
126 333
127 146
127 504
128 129
128 130
128 131
130 336
131 498
132 133
132 134
132 135
133 181
133 229
134 231
134 339
135 182
135 474
136 137
136 138
136 139
137 145
138 147
138 342
139 464
140 141
140 142
140 143
141 157
142 159
142 345
143 470
144 145
144 146
144 147
146 348
147 448
148 149
148 150
148 151
149 165
149 205
150 207
150 351
151 166
151 452
152 153
152 154
152 155
153 177
154 179
154 354
155 512
156 157
156 158
156 159
158 357
159 484
160 161
160 162
160 163
161 185
162 360
163 186
163 450
164 165
164 166
164 167
165 213
166 363
167 214
167 446
168 169
168 170
168 171
169 221
170 366
171 222
171 482
172 173
172 174
172 175
174 369
175 510
176 177
176 178
176 179
178 372
179 438
180 181
180 182
180 183
182 375
183 506
184 185
184 186
184 187
186 378
187 496
188 189
188 190
188 191
189 193
189 217
190 219
190 381
191 194
191 458
192 193
192 194
192 195
193 233
194 384
195 234
195 428
196 197
196 198
196 199
197 209
198 387
199 210
199 434
200 201
200 202
200 203
201 229
202 390
203 230
203 426
204 205
204 206
204 207
205 225
206 227
206 393
207 466
208 209
208 210
208 211
210 396
211 468
212 213
212 214
212 215
213 225
214 399
215 226
215 424
216 217
216 218
216 219
217 237
218 239
218 402
219 460
220 221
220 222
220 223
222 405
223 440
224 225
224 226
224 227
226 408
227 422
228 229
228 230
228 231
230 411
231 432
232 233
232 234
232 235
233 237
234 414
235 238
235 420
236 237
236 238
236 239
238 417
239 430
240 241
240 242
241 533
241 539
242 245
242 536
243 244
243 245
244 523
244 537
245 532
246 247
246 248
247 533
247 535
248 260
248 526
249 250
249 251
250 535
250 539
251 257
251 520
252 253
252 254
253 525
253 537
254 314
254 516
255 256
255 257
256 521
256 529
257 538
258 259
258 260
259 487
259 527
260 534
261 262
261 263
262 523
262 525
263 311
263 518
264 265
264 266
265 489
265 521
266 308
266 472
267 268
267 269
268 497
268 503
269 281
269 508
270 271
270 272
271 457
271 495
272 290
272 530
273 274
273 275
274 455
274 491
275 317
275 476
276 277
276 278
277 479
277 499
278 296
278 462
279 280
279 281
280 509
280 527
281 502
282 283
282 284
283 489
283 529
284 302
284 492
285 286
285 287
286 513
286 515
287 299
287 500
288 289
288 290
289 503
289 531
290 494
291 292
291 293
292 443
292 475
293 341
293 480
294 295
294 296
295 441
295 463
296 478
297 298
297 299
298 501
298 517
299 514
300 301
300 302
301 493
301 515
302 528
303 304
303 305
304 457
304 519
305 329
305 444
306 307
306 308
307 473
307 479
308 488
309 310
309 311
310 495
310 519
311 522
312 313
312 314
313 471
313 517
314 524
315 316
315 317
316 469
316 477
317 490
318 319
318 320
319 465
319 507
320 344
320 436
321 322
321 323
322 455
322 511
323 332
323 486
324 325
324 326
325 471
325 501
326 347
326 442
327 328
327 329
328 445
328 465
329 456
330 331
330 332
331 487
331 509
332 454
333 334
333 335
334 497
334 531
335 380
335 504
336 337
336 338
337 491
337 511
338 371
338 498
339 340
339 341
340 433
340 481
341 474
342 343
342 344
343 437
343 449
344 464
345 346
345 347
346 443
346 485
347 470
348 349
348 350
349 461
349 505
350 404
350 448
351 352
351 353
352 441
352 467
353 407
353 452
354 355
354 356
355 439
355 483
356 368
356 512
357 358
357 359
358 445
358 507
359 377
359 484
360 361
360 362
361 459
361 477
362 383
362 450
363 364
363 365
364 439
364 453
365 374
365 446
366 367
366 368
367 493
367 513
368 482
369 370
369 371
370 473
370 499
371 510
372 373
372 374
373 447
373 481
374 438
375 376
375 377
376 475
376 485
377 506
378 379
378 380
379 451
379 505
380 496
381 382
381 383
382 451
382 461
383 458
384 385
384 386
385 459
385 469
386 398
386 428
387 388
387 389
388 463
388 467
389 395
389 434
390 391
390 392
391 431
391 437
392 419
392 426
393 394
393 395
394 423
394 435
395 466
396 397
396 398
397 429
397 435
398 468
399 400
399 401
400 433
400 447
401 413
401 424
402 403
402 404
403 431
403 449
404 460
405 406
405 407
406 453
406 483
407 440
408 409
408 410
409 421
409 425
410 416
410 422
411 412
411 413
412 425
412 427
413 432
414 415
414 416
415 423
415 429
416 420
417 418
417 419
418 421
418 427
419 430
420 421
422 423
424 425
426 427
428 429
430 431
432 433
434 435
436 437
438 439
440 441
442 443
444 445
446 447
448 449
450 451
452 453
454 455
456 457
458 459
460 461
462 463
464 465
466 467
468 469
470 471
472 473
474 475
476 477
478 479
480 481
482 483
484 485
486 487
488 489
490 491
492 493
494 495
496 497
498 499
500 501
502 503
504 505
506 507
508 509
510 511
512 513
514 515
516 517
518 519
520 521
522 523
524 525
526 527
528 529
530 531
532 533
534 535
536 537
538 539
