0 1
0 2
0 3
1 17
1 21
2 23
2 240
3 18
3 536
4 5
4 6
4 7
5 9
5 93
6 95
6 243
7 10
7 532
8 9
8 10
8 11
9 53
10 246
11 54
11 526
12 13
12 14
12 15
13 25
13 33
14 27
14 249
15 34
15 520
16 17
16 18
16 19
17 77
18 252
19 78
19 516
20 21
20 22
20 23
21 81
22 83
22 255
23 538
24 25
24 26
24 27
25 109
26 111
26 258
27 534
28 29
28 30
28 31
29 85
29 97
30 99
30 261
31 86
31 518
32 33
32 34
32 35
33 173
34 264
35 174
35 472
36 37
36 38
36 39
37 121
37 185
38 187
38 267
39 122
39 508
40 41
40 42
40 43
41 117
41 125
42 119
42 270
43 126
43 530
44 45
44 46
44 47
45 121
45 161
46 123
46 273
47 162
47 476
48 49
48 50
48 51
49 129
49 197
50 131
50 276
51 198
51 462
52 53
52 54
52 55
53 65
54 279
55 66
55 502
56 57
56 58
56 59
57 89
57 169
58 91
58 282
59 170
59 492
60 61
60 62
60 63
61 113
61 153
62 155
62 285
63 114
63 500
64 65
64 66
64 67
65 93
66 288
67 94
67 494
68 69
68 70
68 71
69 113
69 177
70 115
70 291
71 178
71 480
72 73
72 74
72 75
73 89
73 221
74 223
74 294
75 90
75 478
76 77
76 78
76 79
77 81
78 297
79 82
79 514
80 81
80 82
80 83
82 300
83 528
84 85
84 86
84 87
85 157
86 303
87 158
87 444
88 89
88 90
88 91
90 306
91 488
92 93
92 94
92 95
94 309
95 522
96 97
96 98
96 99
97 141
98 143
98 312
99 524
100 101
100 102
100 103
101 129
101 209
102 211
102 315
103 130
103 490
104 105
104 106
104 107
105 181
105 201
106 183
106 318
107 202
107 436
108 109
108 110
108 111
109 173
110 175
110 321
111 486
112 113
112 114
112 115
114 324
115 442
116 117
116 118
116 119
117 137
118 139
118 327
119 456
120 121
120 122
120 123
122 330
123 454
124 125
124 126
124 127
125 145
126 333
127 146
127 504
128 129
128 130
128 131
130 336
131 498
132 133
132 134
132 135
133 181
133 229
134 231
134 339
135 182
135 474
136 137
136 138
136 139
137 145
138 147
138 342
139 464
140 141
140 142
140 143
141 157
142 159
142 345
143 470
144 145
144 146
144 147
146 348
147 448
148 149
148 150
148 151
149 165
149 205
150 207
150 351
151 166
151 452
152 153
152 154
152 155
153 177
154 179
154 354
155 512
156 157
156 158
156 159
158 357
159 484
160 161
160 162
160 163
161 185
162 360
163 186
163 450
164 165
164 166
164 167
165 213
166 363
167 214
167 446
168 169
168 170
168 171
169 221
170 366
171 222
171 482
172 173
172 174
172 175
174 369
175 510
176 177
176 178
176 179
178 372
179 438
180 181
180 182
180 183
182 375
183 506
184 185
184 186
184 187
186 378
187 496
188 189
188 190
188 191
189 193
189 217
190 219
190 381
191 194
191 458
192 193
192 194
192 195
193 233
194 384
195 234
195 428
196 197
196 198
196 199
197 209
198 387
199 210
199 434
200 201
200 202
200 203
201 229
202 390
203 230
203 426
204 205
204 206
204 207
205 225
206 227
206 393
207 466
208 209
208 210
208 211
210 396
211 468
212 213
212 214
212 215
213 225
214 399
215 226
215 424
216 217
216 218
216 219
217 237
218 239
218 402
219 460
220 221
220 222
220 223
222 405
223 440
224 225
224 226
224 227
226 408
227 422
228 229
228 230
228 231
230 411
231 432
232 233
232 234
232 235
233 237
234 414
235 238
235 420
236 237
236 238
236 239
238 417
239 430
240 241
240 242
241 539
241 540
242 536
242 1260
243 244
243 245
244 523
244 543
245 532
245 1261
246 247
246 248
247 533
247 546
248 526
248 1262
249 250
249 251
250 535
250 549
251 520
251 1263
252 253
252 254
253 537
253 552
254 516
254 1264
255 256
255 257
256 529
256 555
257 538
257 1265
258 259
258 260
259 487
259 558
260 534
260 1266
261 262
261 263
262 525
262 561
263 518
263 1267
264 265
264 266
265 521
265 564
266 472
266 1268
267 268
267 269
268 497
268 567
269 508
269 1269
270 271
270 272
271 457
271 570
272 530
272 1270
273 274
273 275
274 455
274 573
275 476
275 1271
276 277
276 278
277 499
277 576
278 462
278 1272
279 280
279 281
280 527
280 579
281 502
281 1273
282 283
282 284
283 489
283 582
284 492
284 1274
285 286
285 287
286 513
286 585
287 500
287 1275
288 289
288 290
289 503
289 588
290 494
290 1276
291 292
291 293
292 443
292 591
293 480
293 1277
294 295
294 296
295 441
295 594
296 478
296 1278
297 298
297 299
298 517
298 597
299 514
299 1279
300 301
300 302
301 515
301 600
302 528
302 1280
303 304
303 305
304 519
304 603
305 444
305 1281
306 307
306 308
307 479
307 606
308 488
308 1282
309 310
309 311
310 495
310 609
311 522
311 1283
312 313
312 314
313 471
313 612
314 524
314 1284
315 316
315 317
316 469
316 615
317 490
317 1285
318 319
318 320
319 507
319 618
320 436
320 1286
321 322
321 323
322 511
322 621
323 486
323 1287
324 325
324 326
325 501
325 624
326 442
326 1288
327 328
327 329
328 465
328 627
329 456
329 1289
330 331
330 332
331 509
331 630
332 454
332 1290
333 334
333 335
334 531
334 633
335 504
335 1291
336 337
336 338
337 491
337 636
338 498
338 1292
339 340
339 341
340 433
340 639
341 474
341 1293
342 343
342 344
343 449
343 642
344 464
344 1294
345 346
345 347
346 485
346 645
347 470
347 1295
348 349
348 350
349 505
349 648
350 448
350 1296
351 352
351 353
352 467
352 651
353 452
353 1297
354 355
354 356
355 439
355 654
356 512
356 1298
357 358
357 359
358 445
358 657
359 484
359 1299
360 361
360 362
361 477
361 660
362 450
362 1300
363 364
363 365
364 453
364 663
365 446
365 1301
366 367
366 368
367 493
367 666
368 482
368 1302
369 370
369 371
370 473
370 669
371 510
371 1303
372 373
372 374
373 481
373 672
374 438
374 1304
375 376
375 377
376 475
376 675
377 506
377 1305
378 379
378 380
379 451
379 678
380 496
380 1306
381 382
381 383
382 461
382 681
383 458
383 1307
384 385
384 386
385 459
385 684
386 428
386 1308
387 388
387 389
388 463
388 687
389 434
389 1309
390 391
390 392
391 437
391 690
392 426
392 1310
393 394
393 395
394 423
394 693
395 466
395 1311
396 397
396 398
397 435
397 696
398 468
398 1312
399 400
399 401
400 447
400 699
401 424
401 1313
402 403
402 404
403 431
403 702
404 460
404 1314
405 406
405 407
406 483
406 705
407 440
407 1315
408 409
408 410
409 425
409 708
410 422
410 1316
411 412
411 413
412 427
412 711
413 432
413 1317
414 415
414 416
415 429
415 714
416 420
416 1318
417 418
417 419
418 421
418 717
419 430
419 1319
420 421
421 720
422 423
423 723
424 425
425 726
426 427
427 729
428 429
429 732
430 431
431 735
432 433
433 738
434 435
435 741
436 437
437 744
438 439
439 747
440 441
441 750
442 443
443 753
444 445
445 756
446 447
447 759
448 449
449 762
450 451
451 765
452 453
453 768
454 455
455 771
456 457
457 774
458 459
459 777
460 461
461 780
462 463
463 783
464 465
465 786
466 467
467 789
468 469
469 792
470 471
471 795
472 473
473 798
474 475
475 801
476 477
477 804
478 479
479 807
480 481
481 810
482 483
483 813
484 485
485 816
486 487
487 819
488 489
489 822
490 491
491 825
492 493
493 828
494 495
495 831
496 497
497 834
498 499
499 837
500 501
501 840
502 503
503 843
504 505
505 846
506 507
507 849
508 509
509 852
510 511
511 855
512 513
513 858
514 515
515 861
516 517
517 864
518 519
519 867
520 521
521 870
522 523
523 873
524 525
525 876
526 527
527 879
528 529
529 882
530 531
531 885
532 533
533 888
534 535
535 891
536 537
537 894
538 539
539 897
540 541
540 542
541 898
541 900
542 1260
542 1320
543 544
543 545
544 874
544 903
545 1261
545 1322
546 547
546 548
547 889
547 906
548 1262
548 1324
549 550
549 551
550 892
550 909
551 1263
551 1326
552 553
552 554
553 895
553 912
554 1264
554 1328
555 556
555 557
556 883
556 915
557 1265
557 1330
558 559
558 560
559 820
559 918
560 1266
560 1332
561 562
561 563
562 877
562 921
563 1267
563 1334
564 565
564 566
565 871
565 924
566 1268
566 1336
567 568
567 569
568 835
568 927
569 1269
569 1338
570 571
570 572
571 775
571 930
572 1270
572 1340
573 574
573 575
574 772
574 933
575 1271
575 1342
576 577
576 578
577 838
577 936
578 1272
578 1344
579 580
579 581
580 880
580 939
581 1273
581 1346
582 583
582 584
583 823
583 942
584 1274
584 1348
585 586
585 587
586 859
586 945
587 1275
587 1350
588 589
588 590
589 844
589 948
590 1276
590 1352
591 592
591 593
592 754
592 951
593 1277
593 1354
594 595
594 596
595 751
595 954
596 1278
596 1356
597 598
597 599
598 865
598 957
599 1279
599 1358
600 601
600 602
601 862
601 960
602 1280
602 1360
603 604
603 605
604 868
604 963
605 1281
605 1362
606 607
606 608
607 808
607 966
608 1282
608 1364
609 610
609 611
610 832
610 969
611 1283
611 1366
612 613
612 614
613 796
613 972
614 1284
614 1368
615 616
615 617
616 793
616 975
617 1285
617 1370
618 619
618 620
619 850
619 978
620 1286
620 1372
621 622
621 623
622 856
622 981
623 1287
623 1374
624 625
624 626
625 841
625 984
626 1288
626 1376
627 628
627 629
628 787
628 987
629 1289
629 1378
630 631
630 632
631 853
631 990
632 1290
632 1380
633 634
633 635
634 886
634 993
635 1291
635 1382
636 637
636 638
637 826
637 996
638 1292
638 1384
639 640
639 641
640 739
640 999
641 1293
641 1386
642 643
642 644
643 763
643 1002
644 1294
644 1388
645 646
645 647
646 817
646 1005
647 1295
647 1390
648 649
648 650
649 847
649 1008
650 1296
650 1392
651 652
651 653
652 790
652 1011
653 1297
653 1394
654 655
654 656
655 748
655 1014
656 1298
656 1396
657 658
657 659
658 757
658 1017
659 1299
659 1398
660 661
660 662
661 805
661 1020
662 1300
662 1400
663 664
663 665
664 769
664 1023
665 1301
665 1402
666 667
666 668
667 829
667 1026
668 1302
668 1404
669 670
669 671
670 799
670 1029
671 1303
671 1406
672 673
672 674
673 811
673 1032
674 1304
674 1408
675 676
675 677
676 802
676 1035
677 1305
677 1410
678 679
678 680
679 766
679 1038
680 1306
680 1412
681 682
681 683
682 781
682 1041
683 1307
683 1414
684 685
684 686
685 778
685 1044
686 1308
686 1416
687 688
687 689
688 784
688 1047
689 1309
689 1418
690 691
690 692
691 745
691 1050
692 1310
692 1420
693 694
693 695
694 724
694 1053
695 1311
695 1422
696 697
696 698
697 742
697 1056
698 1312
698 1424
699 700
699 701
700 760
700 1059
701 1313
701 1426
702 703
702 704
703 736
703 1062
704 1314
704 1428
705 706
705 707
706 814
706 1065
707 1315
707 1430
708 709
708 710
709 727
709 1068
710 1316
710 1432
711 712
711 713
712 730
712 1071
713 1317
713 1434
714 715
714 716
715 733
715 1074
716 1318
716 1436
717 718
717 719
718 721
718 1077
719 1319
719 1438
720 721
720 722
721 1080
722 1318
722 1440
723 724
723 725
724 1083
725 1316
725 1441
726 727
726 728
727 1086
728 1313
728 1442
729 730
729 731
730 1089
731 1310
731 1443
732 733
732 734
733 1092
734 1308
734 1444
735 736
735 737
736 1095
737 1319
737 1445
738 739
738 740
739 1098
740 1317
740 1446
741 742
741 743
742 1101
743 1309
743 1447
744 745
744 746
745 1104
746 1286
746 1448
747 748
747 749
748 1107
749 1304
749 1449
750 751
750 752
751 1110
752 1315
752 1450
753 754
753 755
754 1113
755 1288
755 1451
756 757
756 758
757 1116
758 1281
758 1452
759 760
759 761
760 1119
761 1301
761 1453
762 763
762 764
763 1122
764 1296
764 1454
765 766
765 767
766 1125
767 1300
767 1455
768 769
768 770
769 1128
770 1297
770 1456
771 772
771 773
772 1131
773 1290
773 1457
774 775
774 776
775 1134
776 1289
776 1458
777 778
777 779
778 1137
779 1307
779 1459
780 781
780 782
781 1140
782 1314
782 1460
783 784
783 785
784 1143
785 1272
785 1461
786 787
786 788
787 1146
788 1294
788 1462
789 790
789 791
790 1149
791 1311
791 1463
792 793
792 794
793 1152
794 1312
794 1464
795 796
795 797
796 1155
797 1295
797 1465
798 799
798 800
799 1158
800 1268
800 1466
801 802
801 803
802 1161
803 1293
803 1467
804 805
804 806
805 1164
806 1271
806 1468
807 808
807 809
808 1167
809 1278
809 1469
810 811
810 812
811 1170
812 1277
812 1470
813 814
813 815
814 1173
815 1302
815 1471
816 817
816 818
817 1176
818 1299
818 1472
819 820
819 821
820 1179
821 1287
821 1473
822 823
822 824
823 1182
824 1282
824 1474
825 826
825 827
826 1185
827 1285
827 1475
828 829
828 830
829 1188
830 1274
830 1476
831 832
831 833
832 1191
833 1276
833 1477
834 835
834 836
835 1194
836 1306
836 1478
837 838
837 839
838 1197
839 1292
839 1479
840 841
840 842
841 1200
842 1275
842 1480
843 844
843 845
844 1203
845 1273
845 1481
846 847
846 848
847 1206
848 1291
848 1482
849 850
849 851
850 1209
851 1305
851 1483
852 853
852 854
853 1212
854 1269
854 1484
855 856
855 857
856 1215
857 1303
857 1485
858 859
858 860
859 1218
860 1298
860 1486
861 862
861 863
862 1221
863 1279
863 1487
864 865
864 866
865 1224
866 1264
866 1488
867 868
867 869
868 1227
869 1267
869 1489
870 871
870 872
871 1230
872 1263
872 1490
873 874
873 875
874 1233
875 1283
875 1491
876 877
876 878
877 1236
878 1284
878 1492
879 880
879 881
880 1239
881 1262
881 1493
882 883
882 884
883 1242
884 1280
884 1494
885 886
885 887
886 1245
887 1270
887 1495
888 889
888 890
889 1248
890 1261
890 1496
891 892
891 893
892 1251
893 1266
893 1497
894 895
894 896
895 1254
896 1260
896 1498
897 898
897 899
898 1257
899 1265
899 1499
900 901
900 902
901 1249
901 1258
902 1250
902 1320
903 904
903 905
904 1234
904 1255
905 1256
905 1322
906 907
906 908
907 1249
907 1252
908 1253
908 1324
909 910
909 911
910 1252
910 1258
911 1259
911 1326
912 913
912 914
913 1237
913 1255
914 1238
914 1328
915 916
915 917
916 1231
916 1243
917 1232
917 1330
918 919
918 920
919 1180
919 1240
920 1241
920 1332
921 922
921 923
922 1234
922 1237
923 1235
923 1334
924 925
924 926
925 1183
925 1231
926 1184
926 1336
927 928
927 929
928 1195
928 1204
929 1205
929 1338
930 931
930 932
931 1135
931 1192
932 1193
932 1340
933 934
933 935
934 1132
934 1186
935 1187
935 1342
936 937
936 938
937 1168
937 1198
938 1169
938 1344
939 940
939 941
940 1213
940 1240
941 1214
941 1346
942 943
942 944
943 1183
943 1243
944 1244
944 1348
945 946
945 947
946 1219
946 1222
947 1223
947 1350
948 949
948 950
949 1204
949 1246
950 1247
950 1352
951 952
951 953
952 1114
952 1162
953 1163
953 1354
954 955
954 956
955 1111
955 1144
956 1145
956 1356
957 958
957 959
958 1201
958 1225
959 1202
959 1358
960 961
960 962
961 1189
961 1222
962 1190
962 1360
963 964
963 965
964 1135
964 1228
965 1136
965 1362
966 967
966 968
967 1159
967 1168
968 1160
968 1364
969 970
969 971
970 1192
970 1228
971 1229
971 1366
972 973
972 974
973 1156
973 1225
974 1226
974 1368
975 976
975 977
976 1153
976 1165
977 1166
977 1370
978 979
978 980
979 1147
979 1210
980 1148
980 1372
981 982
981 983
982 1132
982 1216
983 1133
983 1374
984 985
984 986
985 1156
985 1201
986 1157
986 1376
987 988
987 989
988 1117
988 1147
989 1118
989 1378
990 991
990 992
991 1180
991 1213
992 1181
992 1380
993 994
993 995
994 1195
994 1246
995 1196
995 1382
996 997
996 998
997 1186
997 1216
998 1217
998 1384
999 1000
999 1001
1000 1099
1000 1171
1001 1172
1001 1386
1002 1003
1002 1004
1003 1105
1003 1123
1004 1106
1004 1388
1005 1006
1005 1007
1006 1114
1006 1177
1007 1115
1007 1390
1008 1009
1008 1010
1009 1141
1009 1207
1010 1142
1010 1392
1011 1012
1011 1013
1012 1111
1012 1150
1013 1112
1013 1394
1014 1015
1014 1016
1015 1108
1015 1174
1016 1175
1016 1396
1017 1018
1017 1019
1018 1117
1018 1210
1019 1211
1019 1398
1020 1021
1020 1022
1021 1138
1021 1165
1022 1139
1022 1400
1023 1024
1023 1025
1024 1108
1024 1129
1025 1109
1025 1402
1026 1027
1026 1028
1027 1189
1027 1219
1028 1220
1028 1404
1029 1030
1029 1031
1030 1159
1030 1198
1031 1199
1031 1406
1032 1033
1032 1034
1033 1120
1033 1171
1034 1121
1034 1408
1035 1036
1035 1037
1036 1162
1036 1177
1037 1178
1037 1410
1038 1039
1038 1040
1039 1126
1039 1207
1040 1208
1040 1412
1041 1042
1041 1043
1042 1126
1042 1141
1043 1127
1043 1414
1044 1045
1044 1046
1045 1138
1045 1153
1046 1154
1046 1416
1047 1048
1047 1049
1048 1144
1048 1150
1049 1151
1049 1418
1050 1051
1050 1052
1051 1096
1051 1105
1052 1097
1052 1420
1053 1054
1053 1055
1054 1084
1054 1102
1055 1103
1055 1422
1056 1057
1056 1058
1057 1093
1057 1102
1058 1094
1058 1424
1059 1060
1059 1061
1060 1099
1060 1120
1061 1100
1061 1426
1062 1063
1062 1064
1063 1096
1063 1123
1064 1124
1064 1428
1065 1066
1065 1067
1066 1129
1066 1174
1067 1130
1067 1430
1068 1069
1068 1070
1069 1081
1069 1087
1070 1082
1070 1432
1071 1072
1071 1073
1072 1087
1072 1090
1073 1088
1073 1434
1074 1075
1074 1076
1075 1084
1075 1093
1076 1085
1076 1436
1077 1078
1077 1079
1078 1081
1078 1090
1079 1091
1079 1438
1080 1081
1080 1082
1082 1440
1083 1084
1083 1085
1085 1441
1086 1087
1086 1088
1088 1442
1089 1090
1089 1091
1091 1443
1092 1093
1092 1094
1094 1444
1095 1096
1095 1097
1097 1445
1098 1099
1098 1100
1100 1446
1101 1102
1101 1103
1103 1447
1104 1105
1104 1106
1106 1448
1107 1108
1107 1109
1109 1449
1110 1111
1110 1112
1112 1450
1113 1114
1113 1115
1115 1451
1116 1117
1116 1118
1118 1452
1119 1120
1119 1121
1121 1453
1122 1123
1122 1124
1124 1454
1125 1126
1125 1127
1127 1455
1128 1129
1128 1130
1130 1456
1131 1132
1131 1133
1133 1457
1134 1135
1134 1136
1136 1458
1137 1138
1137 1139
1139 1459
1140 1141
1140 1142
1142 1460
1143 1144
1143 1145
1145 1461
1146 1147
1146 1148
1148 1462
1149 1150
1149 1151
1151 1463
1152 1153
1152 1154
1154 1464
1155 1156
1155 1157
1157 1465
1158 1159
1158 1160
1160 1466
1161 1162
1161 1163
1163 1467
1164 1165
1164 1166
1166 1468
1167 1168
1167 1169
1169 1469
1170 1171
1170 1172
1172 1470
1173 1174
1173 1175
1175 1471
1176 1177
1176 1178
1178 1472
1179 1180
1179 1181
1181 1473
1182 1183
1182 1184
1184 1474
1185 1186
1185 1187
1187 1475
1188 1189
1188 1190
1190 1476
1191 1192
1191 1193
1193 1477
1194 1195
1194 1196
1196 1478
1197 1198
1197 1199
1199 1479
1200 1201
1200 1202
1202 1480
1203 1204
1203 1205
1205 1481
1206 1207
1206 1208
1208 1482
1209 1210
1209 1211
1211 1483
1212 1213
1212 1214
1214 1484
1215 1216
1215 1217
1217 1485
1218 1219
1218 1220
1220 1486
1221 1222
1221 1223
1223 1487
1224 1225
1224 1226
1226 1488
1227 1228
1227 1229
1229 1489
1230 1231
1230 1232
1232 1490
1233 1234
1233 1235
1235 1491
1236 1237
1236 1238
1238 1492
1239 1240
1239 1241
1241 1493
1242 1243
1242 1244
1244 1494
1245 1246
1245 1247
1247 1495
1248 1249
1248 1250
1250 1496
1251 1252
1251 1253
1253 1497
1254 1255
1254 1256
1256 1498
1257 1258
1257 1259
1259 1499
1320 1321
1321 1323
1321 1498
1322 1323
1323 1496
1324 1325
1325 1333
1325 1493
1326 1327
1327 1331
1327 1490
1328 1329
1329 1369
1329 1488
1330 1331
1331 1499
1332 1333
1333 1497
1334 1335
1335 1367
1335 1489
1336 1337
1337 1365
1337 1466
1338 1339
1339 1347
1339 1484
1340 1341
1341 1353
1341 1495
1342 1343
1343 1371
1343 1468
1344 1345
1345 1357
1345 1461
1346 1347
1347 1481
1348 1349
1349 1361
1349 1476
1350 1351
1351 1359
1351 1480
1352 1353
1353 1477
1354 1355
1355 1387
1355 1470
1356 1357
1357 1469
1358 1359
1359 1487
1360 1361
1361 1494
1362 1363
1363 1379
1363 1452
1364 1365
1365 1474
1366 1367
1367 1491
1368 1369
1369 1492
1370 1371
1371 1475
1372 1373
1373 1389
1373 1448
1374 1375
1375 1381
1375 1473
1376 1377
1377 1391
1377 1451
1378 1379
1379 1458
1380 1381
1381 1457
1382 1383
1383 1413
1383 1482
1384 1385
1385 1407
1385 1479
1386 1387
1387 1467
1388 1389
1389 1462
1390 1391
1391 1465
1392 1393
1393 1429
1393 1454
1394 1395
1395 1431
1395 1456
1396 1397
1397 1405
1397 1486
1398 1399
1399 1411
1399 1472
1400 1401
1401 1415
1401 1455
1402 1403
1403 1409
1403 1453
1404 1405
1405 1471
1406 1407
1407 1485
1408 1409
1409 1449
1410 1411
1411 1483
1412 1413
1413 1478
1414 1415
1415 1459
1416 1417
1417 1425
1417 1444
1418 1419
1419 1423
1419 1447
1420 1421
1421 1439
1421 1443
1422 1423
1423 1463
1424 1425
1425 1464
1426 1427
1427 1435
1427 1442
1428 1429
1429 1460
1430 1431
1431 1450
1432 1433
1433 1437
1433 1441
1434 1435
1435 1446
1436 1437
1437 1440
1438 1439
1439 1445
