0 1
0 2
0 3
1 120
1 151
2 6
2 9
3 4
3 5
4 122
4 185
5 6
5 7
6 8
7 186
7 219
8 220
8 253
9 152
9 254
10 11
10 12
10 13
11 14
11 15
12 17
12 19
13 132
13 313
14 16
14 17
15 131
15 142
16 143
16 276
17 18
18 277
18 324
19 314
19 325
20 21
20 22
20 23
21 24
21 25
22 27
22 29
23 175
23 407
24 26
24 27
25 130
25 174
26 129
26 140
27 28
28 141
28 302
29 303
29 408
30 31
30 32
30 33
31 34
31 35
32 37
32 39
33 209
33 467
34 178
34 208
35 36
35 37
36 165
36 176
37 38
38 167
38 396
39 397
39 468
40 41
40 42
40 43
41 44
41 45
42 243
42 527
43 47
43 49
44 212
44 242
45 46
45 47
46 199
46 210
47 48
48 201
48 456
49 457
49 528
50 51
50 52
50 53
51 269
51 335
52 54
52 55
53 57
53 59
54 245
54 267
55 56
55 57
56 233
56 244
57 58
58 235
58 516
59 337
59 517
60 61
60 62
60 63
61 66
61 69
62 64
62 65
63 590
63 613
64 66
64 67
65 591
65 639
66 68
67 640
67 665
68 666
68 691
69 614
69 692
70 71
70 72
70 73
71 447
71 458
72 77
72 79
73 74
73 75
74 460
74 490
75 76
75 77
76 491
76 600
77 78
78 551
78 599
79 449
79 550
80 81
80 82
80 83
81 387
81 398
82 84
82 85
83 87
83 89
84 400
84 430
85 86
85 87
86 431
86 631
87 88
88 482
88 630
89 389
89 481
90 91
90 92
90 93
91 293
91 304
92 94
92 95
93 96
93 99
94 306
94 370
95 96
95 97
96 98
97 371
97 657
98 423
98 656
99 295
99 421
100 101
100 102
100 103
101 333
101 344
102 106
102 109
103 104
103 105
104 345
104 576
105 106
105 107
106 108
107 577
107 683
108 363
108 682
109 334
109 361
110 111
110 112
110 113
111 507
111 518
112 116
112 119
113 114
113 115
114 116
114 117
115 520
115 541
116 118
117 542
117 604
118 569
118 605
119 509
119 567
120 121
120 122
121 123
121 153
122 162
123 124
123 125
124 126
124 158
125 162
125 163
126 127
126 128
127 129
127 161
128 163
128 164
129 130
130 164
131 132
131 133
132 290
133 134
133 157
134 135
134 136
135 290
135 291
136 137
136 160
137 138
137 139
138 291
138 292
139 140
139 161
140 141
141 292
142 143
142 144
143 266
144 145
144 157
145 146
145 147
146 265
146 266
147 148
147 155
148 149
148 150
149 264
149 265
150 151
150 153
151 152
152 264
153 154
154 155
154 158
155 156
156 157
156 160
158 159
159 160
159 161
162 187
163 192
164 195
165 166
165 167
166 168
166 191
167 386
168 169
168 170
169 171
169 194
170 385
170 386
171 172
171 173
172 174
172 195
173 384
173 385
174 175
175 384
176 177
176 178
177 179
177 191
178 198
179 180
179 181
180 182
180 189
181 197
181 198
182 183
182 184
183 185
183 187
184 196
184 197
185 186
186 196
187 188
188 189
188 192
189 190
190 191
190 194
192 193
193 194
193 195
196 221
197 226
198 229
199 200
199 201
200 202
200 225
201 446
202 203
202 204
203 205
203 228
204 445
204 446
205 206
205 207
206 208
206 229
207 444
207 445
208 209
209 444
210 211
210 212
211 213
211 225
212 232
213 214
213 215
214 216
214 223
215 231
215 232
216 217
216 218
217 230
217 231
218 219
218 221
219 220
220 230
221 222
222 223
222 226
223 224
224 225
224 228
226 227
227 228
227 229
230 255
231 260
232 263
233 234
233 235
234 236
234 259
235 506
236 237
236 238
237 239
237 262
238 505
238 506
239 240
239 241
240 242
240 263
241 504
241 505
242 243
243 504
244 245
244 246
245 278
246 247
246 259
247 248
247 249
248 278
248 279
249 250
249 257
250 251
250 252
251 279
251 280
252 253
252 255
253 254
254 280
255 256
256 257
256 260
257 258
258 259
258 262
260 261
261 262
261 263
264 281
265 286
266 289
267 268
267 269
268 270
268 285
269 346
270 271
270 272
271 273
271 288
272 346
272 347
273 274
273 275
274 276
274 289
275 347
275 348
276 277
277 348
278 285
279 283
280 281
281 282
282 283
282 286
283 284
284 285
284 288
286 287
287 288
287 289
290 315
291 320
292 323
293 294
293 295
294 296
294 319
295 432
296 297
296 298
297 299
297 322
298 432
298 433
299 300
299 301
300 302
300 323
301 433
301 434
302 303
303 434
304 305
304 306
305 307
305 319
306 360
307 308
307 309
308 310
308 317
309 359
309 360
310 311
310 312
311 313
311 315
312 358
312 359
313 314
314 358
315 316
316 317
316 320
317 318
318 319
318 322
320 321
321 322
321 323
324 325
324 326
325 374
326 327
326 349
327 328
327 329
328 373
328 374
329 330
329 354
330 331
330 332
331 372
331 373
332 333
332 357
333 334
334 372
335 336
335 337
336 338
336 353
337 564
338 339
338 340
339 341
339 356
340 564
340 565
341 342
341 343
342 344
342 357
343 565
343 566
344 345
345 566
346 353
347 351
348 349
349 350
350 351
350 354
351 352
352 353
352 356
354 355
355 356
355 357
358 375
359 380
360 383
361 362
361 363
362 364
362 379
363 679
364 365
364 366
365 367
365 382
366 679
366 680
367 368
367 369
368 370
368 383
369 680
369 681
370 371
371 681
372 379
373 377
374 375
375 376
376 377
376 380
377 378
378 379
378 382
380 381
381 382
381 383
384 409
385 414
386 417
387 388
387 389
388 390
388 413
389 492
390 391
390 392
391 393
391 416
392 492
392 493
393 394
393 395
394 396
394 417
395 493
395 494
396 397
397 494
398 399
398 400
399 401
399 413
400 420
401 402
401 403
402 404
402 411
403 419
403 420
404 405
404 406
405 407
405 409
406 418
406 419
407 408
408 418
409 410
410 411
410 414
411 412
412 413
412 416
414 415
415 416
415 417
418 435
419 440
420 443
421 422
421 423
422 424
422 439
423 653
424 425
424 426
425 427
425 442
426 653
426 654
427 428
427 429
428 430
428 443
429 654
429 655
430 431
431 655
432 439
433 437
434 435
435 436
436 437
436 440
437 438
438 439
438 442
440 441
441 442
441 443
444 469
445 474
446 477
447 448
447 449
448 450
448 473
449 540
450 451
450 452
451 453
451 476
452 539
452 540
453 454
453 455
454 456
454 477
455 538
455 539
456 457
457 538
458 459
458 460
459 461
459 473
460 480
461 462
461 463
462 464
462 471
463 479
463 480
464 465
464 466
465 467
465 469
466 478
466 479
467 468
468 478
469 470
470 471
470 474
471 472
472 473
472 476
474 475
475 476
475 477
478 495
479 500
480 503
481 482
481 483
482 627
483 484
483 499
484 485
484 486
485 627
485 628
486 487
486 502
487 488
487 489
488 490
488 503
489 628
489 629
490 491
491 629
492 499
493 497
494 495
495 496
496 497
496 500
497 498
498 499
498 502
500 501
501 502
501 503
504 529
505 534
506 537
507 508
507 509
508 510
508 533
509 578
510 511
510 512
511 513
511 536
512 578
512 579
513 514
513 515
514 516
514 537
515 579
515 580
516 517
517 580
518 519
518 520
519 521
519 533
520 552
521 522
521 523
522 524
522 531
523 552
523 553
524 525
524 526
525 527
525 529
526 553
526 554
527 528
528 554
529 530
530 531
530 534
531 532
532 533
532 536
534 535
535 536
535 537
538 555
539 560
540 563
541 542
541 543
542 601
543 544
543 559
544 545
544 546
545 601
545 602
546 547
546 562
547 548
547 549
548 550
548 563
549 602
549 603
550 551
551 603
552 559
553 557
554 555
555 556
556 557
556 560
557 558
558 559
558 562
560 561
561 562
561 563
564 581
565 586
566 589
567 568
567 569
568 570
568 585
569 705
570 571
570 572
571 573
571 588
572 705
572 706
573 574
573 575
574 576
574 589
575 706
575 707
576 577
577 707
578 585
579 583
580 581
581 582
582 583
582 586
583 584
584 585
584 588
586 587
587 588
587 589
590 591
590 592
591 624
592 593
592 615
593 594
593 595
594 624
594 625
595 596
595 620
596 597
596 598
597 625
597 626
598 599
598 623
599 600
600 626
601 619
602 622
603 623
604 605
604 606
605 708
606 607
606 619
607 608
607 609
608 708
608 709
609 610
609 617
610 611
610 612
611 709
611 710
612 613
612 615
613 614
614 710
615 616
616 617
616 620
617 618
618 619
618 622
620 621
621 622
621 623
624 641
625 646
626 649
627 645
628 648
629 649
630 631
630 632
631 652
632 633
632 645
633 634
633 635
634 651
634 652
635 636
635 643
636 637
636 638
637 650
637 651
638 639
638 641
639 640
640 650
641 642
642 643
642 646
643 644
644 645
644 648
646 647
647 648
647 649
650 667
651 672
652 675
653 671
654 674
655 675
656 657
656 658
657 678
658 659
658 671
659 660
659 661
660 677
660 678
661 662
661 669
662 663
662 664
663 676
663 677
664 665
664 667
665 666
666 676
667 668
668 669
668 672
669 670
670 671
670 674
672 673
673 674
673 675
676 693
677 698
678 701
679 697
680 700
681 701
682 683
682 684
683 704
684 685
684 697
685 686
685 687
686 703
686 704
687 688
687 695
688 689
688 690
689 691
689 693
690 702
690 703
691 692
692 702
693 694
694 695
694 698
695 696
696 697
696 700
698 699
699 700
699 701
702 711
703 716
704 719
705 715
706 718
707 719
708 715
709 713
710 711
711 712
712 713
712 716
713 714
714 715
714 718
716 717
717 718
717 719
