0 1
0 2
0 3
1 17
1 21
2 23
2 240
3 18
3 536
4 5
4 6
4 7
5 9
5 93
6 95
6 243
7 10
7 532
8 9
8 10
8 11
9 53
10 246
11 54
11 526
12 13
12 14
12 15
13 25
13 33
14 27
14 249
15 34
15 520
16 17
16 18
16 19
17 77
18 252
19 78
19 516
20 21
20 22
20 23
21 81
22 83
22 255
23 538
24 25
24 26
24 27
25 109
26 111
26 258
27 534
28 29
28 30
28 31
29 85
29 97
30 99
30 261
31 86
31 518
32 33
32 34
32 35
33 173
34 264
35 174
35 472
36 37
36 38
36 39
37 121
37 185
38 187
38 267
39 122
39 508
40 41
40 42
40 43
41 117
41 125
42 119
42 270
43 126
43 530
44 45
44 46
44 47
45 121
45 161
46 123
46 273
47 162
47 476
48 49
48 50
48 51
49 129
49 197
50 131
50 276
51 198
51 462
52 53
52 54
52 55
53 65
54 279
55 66
55 502
56 57
56 58
56 59
57 89
57 169
58 91
58 282
59 170
59 492
60 61
60 62
60 63
61 113
61 153
62 155
62 285
63 114
63 500
64 65
64 66
64 67
65 93
66 288
67 94
67 494
68 69
68 70
68 71
69 113
69 177
70 115
70 291
71 178
71 480
72 73
72 74
72 75
73 89
73 221
74 223
74 294
75 90
75 478
76 77
76 78
76 79
77 81
78 297
79 82
79 514
80 81
80 82
80 83
82 300
83 528
84 85
84 86
84 87
85 157
86 303
87 158
87 444
88 89
88 90
88 91
90 306
91 488
92 93
92 94
92 95
94 309
95 522
96 97
96 98
96 99
97 141
98 143
98 312
99 524
100 101
100 102
100 103
101 129
101 209
102 211
102 315
103 130
103 490
104 105
104 106
104 107
105 181
105 201
106 183
106 318
107 202
107 436
108 109
108 110
108 111
109 173
110 175
110 321
111 486
112 113
112 114
112 115
114 324
115 442
116 117
116 118
116 119
117 137
118 139
118 327
119 456
120 121
120 122
120 123
122 330
123 454
124 125
124 126
124 127
125 145
126 333
127 146
127 504
128 129
128 130
128 131
130 336
131 498
132 133
132 134
132 135
133 181
133 229
134 231
134 339
135 182
135 474
136 137
136 138
136 139
137 145
138 147
138 342
139 464
140 141
140 142
140 143
141 157
142 159
142 345
143 470
144 145
144 146
144 147
146 348
147 448
148 149
148 150
148 151
149 165
149 205
150 207
150 351
151 166
151 452
152 153
152 154
152 155
153 177
154 179
154 354
155 512
156 157
156 158
156 159
158 357
159 484
160 161
160 162
160 163
161 185
162 360
163 186
163 450
164 165
164 166
164 167
165 213
166 363
167 214
167 446
168 169
168 170
168 171
169 221
170 366
171 222
171 482
172 173
172 174
172 175
174 369
175 510
176 177
176 178
176 179
178 372
179 438
180 181
180 182
180 183
182 375
183 506
184 185
184 186
184 187
186 378
187 496
188 189
188 190
188 191
189 193
189 217
190 219
190 381
191 194
191 458
192 193
192 194
192 195
193 233
194 384
195 234
195 428
196 197
196 198
196 199
197 209
198 387
199 210
199 434
200 201
200 202
200 203
201 229
202 390
203 230
203 426
204 205
204 206
204 207
205 225
206 227
206 393
207 466
208 209
208 210
208 211
210 396
211 468
212 213
212 214
212 215
213 225
214 399
215 226
215 424
216 217
216 218
216 219
217 237
218 239
218 402
219 460
220 221
220 222
220 223
222 405
223 440
224 225
224 226
224 227
226 408
227 422
228 229
228 230
228 231
230 411
231 432
232 233
232 234
232 235
233 237
234 414
235 238
235 420
236 237
236 238
236 239
238 417
239 430
240 241
240 242
241 539
241 540
242 536
242 1620
243 244
243 245
244 523
244 543
245 532
245 1621
246 247
246 248
247 533
247 546
248 526
248 1622
249 250
249 251
250 535
250 549
251 520
251 1623
252 253
252 254
253 537
253 552
254 516
254 1624
255 256
255 257
256 529
256 555
257 538
257 1625
258 259
258 260
259 487
259 558
260 534
260 1626
261 262
261 263
262 525
262 561
263 518
263 1627
264 265
264 266
265 521
265 564
266 472
266 1628
267 268
267 269
268 497
268 567
269 508
269 1629
270 271
270 272
271 457
271 570
272 530
272 1630
273 274
273 275
274 455
274 573
275 476
275 1631
276 277
276 278
277 499
277 576
278 462
278 1632
279 280
279 281
280 527
280 579
281 502
281 1633
282 283
282 284
283 489
283 582
284 492
284 1634
285 286
285 287
286 513
286 585
287 500
287 1635
288 289
288 290
289 503
289 588
290 494
290 1636
291 292
291 293
292 443
292 591
293 480
293 1637
294 295
294 296
295 441
295 594
296 478
296 1638
297 298
297 299
298 517
298 597
299 514
299 1639
300 301
300 302
301 515
301 600
302 528
302 1640
303 304
303 305
304 519
304 603
305 444
305 1641
306 307
306 308
307 479
307 606
308 488
308 1642
309 310
309 311
310 495
310 609
311 522
311 1643
312 313
312 314
313 471
313 612
314 524
314 1644
315 316
315 317
316 469
316 615
317 490
317 1645
318 319
318 320
319 507
319 618
320 436
320 1646
321 322
321 323
322 511
322 621
323 486
323 1647
324 325
324 326
325 501
325 624
326 442
326 1648
327 328
327 329
328 465
328 627
329 456
329 1649
330 331
330 332
331 509
331 630
332 454
332 1650
333 334
333 335
334 531
334 633
335 504
335 1651
336 337
336 338
337 491
337 636
338 498
338 1652
339 340
339 341
340 433
340 639
341 474
341 1653
342 343
342 344
343 449
343 642
344 464
344 1654
345 346
345 347
346 485
346 645
347 470
347 1655
348 349
348 350
349 505
349 648
350 448
350 1656
351 352
351 353
352 467
352 651
353 452
353 1657
354 355
354 356
355 439
355 654
356 512
356 1658
357 358
357 359
358 445
358 657
359 484
359 1659
360 361
360 362
361 477
361 660
362 450
362 1660
363 364
363 365
364 453
364 663
365 446
365 1661
366 367
366 368
367 493
367 666
368 482
368 1662
369 370
369 371
370 473
370 669
371 510
371 1663
372 373
372 374
373 481
373 672
374 438
374 1664
375 376
375 377
376 475
376 675
377 506
377 1665
378 379
378 380
379 451
379 678
380 496
380 1666
381 382
381 383
382 461
382 681
383 458
383 1667
384 385
384 386
385 459
385 684
386 428
386 1668
387 388
387 389
388 463
388 687
389 434
389 1669
390 391
390 392
391 437
391 690
392 426
392 1670
393 394
393 395
394 423
394 693
395 466
395 1671
396 397
396 398
397 435
397 696
398 468
398 1672
399 400
399 401
400 447
400 699
401 424
401 1673
402 403
402 404
403 431
403 702
404 460
404 1674
405 406
405 407
406 483
406 705
407 440
407 1675
408 409
408 410
409 425
409 708
410 422
410 1676
411 412
411 413
412 427
412 711
413 432
413 1677
414 415
414 416
415 429
415 714
416 420
416 1678
417 418
417 419
418 421
418 717
419 430
419 1679
420 421
421 720
422 423
423 723
424 425
425 726
426 427
427 729
428 429
429 732
430 431
431 735
432 433
433 738
434 435
435 741
436 437
437 744
438 439
439 747
440 441
441 750
442 443
443 753
444 445
445 756
446 447
447 759
448 449
449 762
450 451
451 765
452 453
453 768
454 455
455 771
456 457
457 774
458 459
459 777
460 461
461 780
462 463
463 783
464 465
465 786
466 467
467 789
468 469
469 792
470 471
471 795
472 473
473 798
474 475
475 801
476 477
477 804
478 479
479 807
480 481
481 810
482 483
483 813
484 485
485 816
486 487
487 819
488 489
489 822
490 491
491 825
492 493
493 828
494 495
495 831
496 497
497 834
498 499
499 837
500 501
501 840
502 503
503 843
504 505
505 846
506 507
507 849
508 509
509 852
510 511
511 855
512 513
513 858
514 515
515 861
516 517
517 864
518 519
519 867
520 521
521 870
522 523
523 873
524 525
525 876
526 527
527 879
528 529
529 882
530 531
531 885
532 533
533 888
534 535
535 891
536 537
537 894
538 539
539 897
540 541
540 542
541 898
541 900
542 1620
542 1680
543 544
543 545
544 874
544 903
545 1621
545 1682
546 547
546 548
547 889
547 906
548 1622
548 1684
549 550
549 551
550 892
550 909
551 1623
551 1686
552 553
552 554
553 895
553 912
554 1624
554 1688
555 556
555 557
556 883
556 915
557 1625
557 1690
558 559
558 560
559 820
559 918
560 1626
560 1692
561 562
561 563
562 877
562 921
563 1627
563 1694
564 565
564 566
565 871
565 924
566 1628
566 1696
567 568
567 569
568 835
568 927
569 1629
569 1698
570 571
570 572
571 775
571 930
572 1630
572 1700
573 574
573 575
574 772
574 933
575 1631
575 1702
576 577
576 578
577 838
577 936
578 1632
578 1704
579 580
579 581
580 880
580 939
581 1633
581 1706
582 583
582 584
583 823
583 942
584 1634
584 1708
585 586
585 587
586 859
586 945
587 1635
587 1710
588 589
588 590
589 844
589 948
590 1636
590 1712
591 592
591 593
592 754
592 951
593 1637
593 1714
594 595
594 596
595 751
595 954
596 1638
596 1716
597 598
597 599
598 865
598 957
599 1639
599 1718
600 601
600 602
601 862
601 960
602 1640
602 1720
603 604
603 605
604 868
604 963
605 1641
605 1722
606 607
606 608
607 808
607 966
608 1642
608 1724
609 610
609 611
610 832
610 969
611 1643
611 1726
612 613
612 614
613 796
613 972
614 1644
614 1728
615 616
615 617
616 793
616 975
617 1645
617 1730
618 619
618 620
619 850
619 978
620 1646
620 1732
621 622
621 623
622 856
622 981
623 1647
623 1734
624 625
624 626
625 841
625 984
626 1648
626 1736
627 628
627 629
628 787
628 987
629 1649
629 1738
630 631
630 632
631 853
631 990
632 1650
632 1740
633 634
633 635
634 886
634 993
635 1651
635 1742
636 637
636 638
637 826
637 996
638 1652
638 1744
639 640
639 641
640 739
640 999
641 1653
641 1746
642 643
642 644
643 763
643 1002
644 1654
644 1748
645 646
645 647
646 817
646 1005
647 1655
647 1750
648 649
648 650
649 847
649 1008
650 1656
650 1752
651 652
651 653
652 790
652 1011
653 1657
653 1754
654 655
654 656
655 748
655 1014
656 1658
656 1756
657 658
657 659
658 757
658 1017
659 1659
659 1758
660 661
660 662
661 805
661 1020
662 1660
662 1760
663 664
663 665
664 769
664 1023
665 1661
665 1762
666 667
666 668
667 829
667 1026
668 1662
668 1764
669 670
669 671
670 799
670 1029
671 1663
671 1766
672 673
672 674
673 811
673 1032
674 1664
674 1768
675 676
675 677
676 802
676 1035
677 1665
677 1770
678 679
678 680
679 766
679 1038
680 1666
680 1772
681 682
681 683
682 781
682 1041
683 1667
683 1774
684 685
684 686
685 778
685 1044
686 1668
686 1776
687 688
687 689
688 784
688 1047
689 1669
689 1778
690 691
690 692
691 745
691 1050
692 1670
692 1780
693 694
693 695
694 724
694 1053
695 1671
695 1782
696 697
696 698
697 742
697 1056
698 1672
698 1784
699 700
699 701
700 760
700 1059
701 1673
701 1786
702 703
702 704
703 736
703 1062
704 1674
704 1788
705 706
705 707
706 814
706 1065
707 1675
707 1790
708 709
708 710
709 727
709 1068
710 1676
710 1792
711 712
711 713
712 730
712 1071
713 1677
713 1794
714 715
714 716
715 733
715 1074
716 1678
716 1796
717 718
717 719
718 721
718 1077
719 1679
719 1798
720 721
720 722
721 1080
722 1678
722 1800
723 724
723 725
724 1083
725 1676
725 1801
726 727
726 728
727 1086
728 1673
728 1802
729 730
729 731
730 1089
731 1670
731 1803
732 733
732 734
733 1092
734 1668
734 1804
735 736
735 737
736 1095
737 1679
737 1805
738 739
738 740
739 1098
740 1677
740 1806
741 742
741 743
742 1101
743 1669
743 1807
744 745
744 746
745 1104
746 1646
746 1808
747 748
747 749
748 1107
749 1664
749 1809
750 751
750 752
751 1110
752 1675
752 1810
753 754
753 755
754 1113
755 1648
755 1811
756 757
756 758
757 1116
758 1641
758 1812
759 760
759 761
760 1119
761 1661
761 1813
762 763
762 764
763 1122
764 1656
764 1814
765 766
765 767
766 1125
767 1660
767 1815
768 769
768 770
769 1128
770 1657
770 1816
771 772
771 773
772 1131
773 1650
773 1817
774 775
774 776
775 1134
776 1649
776 1818
777 778
777 779
778 1137
779 1667
779 1819
780 781
780 782
781 1140
782 1674
782 1820
783 784
783 785
784 1143
785 1632
785 1821
786 787
786 788
787 1146
788 1654
788 1822
789 790
789 791
790 1149
791 1671
791 1823
792 793
792 794
793 1152
794 1672
794 1824
795 796
795 797
796 1155
797 1655
797 1825
798 799
798 800
799 1158
800 1628
800 1826
801 802
801 803
802 1161
803 1653
803 1827
804 805
804 806
805 1164
806 1631
806 1828
807 808
807 809
808 1167
809 1638
809 1829
810 811
810 812
811 1170
812 1637
812 1830
813 814
813 815
814 1173
815 1662
815 1831
816 817
816 818
817 1176
818 1659
818 1832
819 820
819 821
820 1179
821 1647
821 1833
822 823
822 824
823 1182
824 1642
824 1834
825 826
825 827
826 1185
827 1645
827 1835
828 829
828 830
829 1188
830 1634
830 1836
831 832
831 833
832 1191
833 1636
833 1837
834 835
834 836
835 1194
836 1666
836 1838
837 838
837 839
838 1197
839 1652
839 1839
840 841
840 842
841 1200
842 1635
842 1840
843 844
843 845
844 1203
845 1633
845 1841
846 847
846 848
847 1206
848 1651
848 1842
849 850
849 851
850 1209
851 1665
851 1843
852 853
852 854
853 1212
854 1629
854 1844
855 856
855 857
856 1215
857 1663
857 1845
858 859
858 860
859 1218
860 1658
860 1846
861 862
861 863
862 1221
863 1639
863 1847
864 865
864 866
865 1224
866 1624
866 1848
867 868
867 869
868 1227
869 1627
869 1849
870 871
870 872
871 1230
872 1623
872 1850
873 874
873 875
874 1233
875 1643
875 1851
876 877
876 878
877 1236
878 1644
878 1852
879 880
879 881
880 1239
881 1622
881 1853
882 883
882 884
883 1242
884 1640
884 1854
885 886
885 887
886 1245
887 1630
887 1855
888 889
888 890
889 1248
890 1621
890 1856
891 892
891 893
892 1251
893 1626
893 1857
894 895
894 896
895 1254
896 1620
896 1858
897 898
897 899
898 1257
899 1625
899 1859
900 901
900 902
901 1258
901 1260
902 1680
902 1860
903 904
903 905
904 1234
904 1263
905 1682
905 1862
906 907
906 908
907 1249
907 1266
908 1684
908 1864
909 910
909 911
910 1252
910 1269
911 1686
911 1866
912 913
912 914
913 1255
913 1272
914 1688
914 1868
915 916
915 917
916 1243
916 1275
917 1690
917 1870
918 919
918 920
919 1180
919 1278
920 1692
920 1872
921 922
921 923
922 1237
922 1281
923 1694
923 1874
924 925
924 926
925 1231
925 1284
926 1696
926 1876
927 928
927 929
928 1195
928 1287
929 1698
929 1878
930 931
930 932
931 1135
931 1290
932 1700
932 1880
933 934
933 935
934 1132
934 1293
935 1702
935 1882
936 937
936 938
937 1198
937 1296
938 1704
938 1884
939 940
939 941
940 1240
940 1299
941 1706
941 1886
942 943
942 944
943 1183
943 1302
944 1708
944 1888
945 946
945 947
946 1219
946 1305
947 1710
947 1890
948 949
948 950
949 1204
949 1308
950 1712
950 1892
951 952
951 953
952 1114
952 1311
953 1714
953 1894
954 955
954 956
955 1111
955 1314
956 1716
956 1896
957 958
957 959
958 1225
958 1317
959 1718
959 1898
960 961
960 962
961 1222
961 1320
962 1720
962 1900
963 964
963 965
964 1228
964 1323
965 1722
965 1902
966 967
966 968
967 1168
967 1326
968 1724
968 1904
969 970
969 971
970 1192
970 1329
971 1726
971 1906
972 973
972 974
973 1156
973 1332
974 1728
974 1908
975 976
975 977
976 1153
976 1335
977 1730
977 1910
978 979
978 980
979 1210
979 1338
980 1732
980 1912
981 982
981 983
982 1216
982 1341
983 1734
983 1914
984 985
984 986
985 1201
985 1344
986 1736
986 1916
987 988
987 989
988 1147
988 1347
989 1738
989 1918
990 991
990 992
991 1213
991 1350
992 1740
992 1920
993 994
993 995
994 1246
994 1353
995 1742
995 1922
996 997
996 998
997 1186
997 1356
998 1744
998 1924
999 1000
999 1001
1000 1099
1000 1359
1001 1746
1001 1926
1002 1003
1002 1004
1003 1123
1003 1362
1004 1748
1004 1928
1005 1006
1005 1007
1006 1177
1006 1365
1007 1750
1007 1930
1008 1009
1008 1010
1009 1207
1009 1368
1010 1752
1010 1932
1011 1012
1011 1013
1012 1150
1012 1371
1013 1754
1013 1934
1014 1015
1014 1016
1015 1108
1015 1374
1016 1756
1016 1936
1017 1018
1017 1019
1018 1117
1018 1377
1019 1758
1019 1938
1020 1021
1020 1022
1021 1165
1021 1380
1022 1760
1022 1940
1023 1024
1023 1025
1024 1129
1024 1383
1025 1762
1025 1942
1026 1027
1026 1028
1027 1189
1027 1386
1028 1764
1028 1944
1029 1030
1029 1031
1030 1159
1030 1389
1031 1766
1031 1946
1032 1033
1032 1034
1033 1171
1033 1392
1034 1768
1034 1948
1035 1036
1035 1037
1036 1162
1036 1395
1037 1770
1037 1950
1038 1039
1038 1040
1039 1126
1039 1398
1040 1772
1040 1952
1041 1042
1041 1043
1042 1141
1042 1401
1043 1774
1043 1954
1044 1045
1044 1046
1045 1138
1045 1404
1046 1776
1046 1956
1047 1048
1047 1049
1048 1144
1048 1407
1049 1778
1049 1958
1050 1051
1050 1052
1051 1105
1051 1410
1052 1780
1052 1960
1053 1054
1053 1055
1054 1084
1054 1413
1055 1782
1055 1962
1056 1057
1056 1058
1057 1102
1057 1416
1058 1784
1058 1964
1059 1060
1059 1061
1060 1120
1060 1419
1061 1786
1061 1966
1062 1063
1062 1064
1063 1096
1063 1422
1064 1788
1064 1968
1065 1066
1065 1067
1066 1174
1066 1425
1067 1790
1067 1970
1068 1069
1068 1070
1069 1087
1069 1428
1070 1792
1070 1972
1071 1072
1071 1073
1072 1090
1072 1431
1073 1794
1073 1974
1074 1075
1074 1076
1075 1093
1075 1434
1076 1796
1076 1976
1077 1078
1077 1079
1078 1081
1078 1437
1079 1798
1079 1978
1080 1081
1080 1082
1081 1440
1082 1800
1082 1980
1083 1084
1083 1085
1084 1443
1085 1801
1085 1982
1086 1087
1086 1088
1087 1446
1088 1802
1088 1984
1089 1090
1089 1091
1090 1449
1091 1803
1091 1986
1092 1093
1092 1094
1093 1452
1094 1804
1094 1988
1095 1096
1095 1097
1096 1455
1097 1805
1097 1990
1098 1099
1098 1100
1099 1458
1100 1806
1100 1992
1101 1102
1101 1103
1102 1461
1103 1807
1103 1994
1104 1105
1104 1106
1105 1464
1106 1808
1106 1996
1107 1108
1107 1109
1108 1467
1109 1809
1109 1998
1110 1111
1110 1112
1111 1470
1112 1810
1112 2000
1113 1114
1113 1115
1114 1473
1115 1811
1115 2002
1116 1117
1116 1118
1117 1476
1118 1812
1118 2004
1119 1120
1119 1121
1120 1479
1121 1813
1121 2006
1122 1123
1122 1124
1123 1482
1124 1814
1124 2008
1125 1126
1125 1127
1126 1485
1127 1815
1127 2010
1128 1129
1128 1130
1129 1488
1130 1816
1130 2012
1131 1132
1131 1133
1132 1491
1133 1817
1133 2014
1134 1135
1134 1136
1135 1494
1136 1818
1136 2016
1137 1138
1137 1139
1138 1497
1139 1819
1139 2018
1140 1141
1140 1142
1141 1500
1142 1820
1142 2020
1143 1144
1143 1145
1144 1503
1145 1821
1145 2022
1146 1147
1146 1148
1147 1506
1148 1822
1148 2024
1149 1150
1149 1151
1150 1509
1151 1823
1151 2026
1152 1153
1152 1154
1153 1512
1154 1824
1154 2028
1155 1156
1155 1157
1156 1515
1157 1825
1157 2030
1158 1159
1158 1160
1159 1518
1160 1826
1160 2032
1161 1162
1161 1163
1162 1521
1163 1827
1163 2034
1164 1165
1164 1166
1165 1524
1166 1828
1166 2036
1167 1168
1167 1169
1168 1527
1169 1829
1169 2038
1170 1171
1170 1172
1171 1530
1172 1830
1172 2040
1173 1174
1173 1175
1174 1533
1175 1831
1175 2042
1176 1177
1176 1178
1177 1536
1178 1832
1178 2044
1179 1180
1179 1181
1180 1539
1181 1833
1181 2046
1182 1183
1182 1184
1183 1542
1184 1834
1184 2048
1185 1186
1185 1187
1186 1545
1187 1835
1187 2050
1188 1189
1188 1190
1189 1548
1190 1836
1190 2052
1191 1192
1191 1193
1192 1551
1193 1837
1193 2054
1194 1195
1194 1196
1195 1554
1196 1838
1196 2056
1197 1198
1197 1199
1198 1557
1199 1839
1199 2058
1200 1201
1200 1202
1201 1560
1202 1840
1202 2060
1203 1204
1203 1205
1204 1563
1205 1841
1205 2062
1206 1207
1206 1208
1207 1566
1208 1842
1208 2064
1209 1210
1209 1211
1210 1569
1211 1843
1211 2066
1212 1213
1212 1214
1213 1572
1214 1844
1214 2068
1215 1216
1215 1217
1216 1575
1217 1845
1217 2070
1218 1219
1218 1220
1219 1578
1220 1846
1220 2072
1221 1222
1221 1223
1222 1581
1223 1847
1223 2074
1224 1225
1224 1226
1225 1584
1226 1848
1226 2076
1227 1228
1227 1229
1228 1587
1229 1849
1229 2078
1230 1231
1230 1232
1231 1590
1232 1850
1232 2080
1233 1234
1233 1235
1234 1593
1235 1851
1235 2082
1236 1237
1236 1238
1237 1596
1238 1852
1238 2084
1239 1240
1239 1241
1240 1599
1241 1853
1241 2086
1242 1243
1242 1244
1243 1602
1244 1854
1244 2088
1245 1246
1245 1247
1246 1605
1247 1855
1247 2090
1248 1249
1248 1250
1249 1608
1250 1856
1250 2092
1251 1252
1251 1253
1252 1611
1253 1857
1253 2094
1254 1255
1254 1256
1255 1614
1256 1858
1256 2096
1257 1258
1257 1259
1258 1617
1259 1859
1259 2098
1260 1261
1260 1262
1261 1609
1261 1618
1262 1610
1262 1860
1263 1264
1263 1265
1264 1594
1264 1615
1265 1616
1265 1862
1266 1267
1266 1268
1267 1609
1267 1612
1268 1613
1268 1864
1269 1270
1269 1271
1270 1612
1270 1618
1271 1619
1271 1866
1272 1273
1272 1274
1273 1597
1273 1615
1274 1598
1274 1868
1275 1276
1275 1277
1276 1591
1276 1603
1277 1592
1277 1870
1278 1279
1278 1280
1279 1540
1279 1600
1280 1601
1280 1872
1281 1282
1281 1283
1282 1594
1282 1597
1283 1595
1283 1874
1284 1285
1284 1286
1285 1543
1285 1591
1286 1544
1286 1876
1287 1288
1287 1289
1288 1555
1288 1564
1289 1565
1289 1878
1290 1291
1290 1292
1291 1495
1291 1552
1292 1553
1292 1880
1293 1294
1293 1295
1294 1492
1294 1546
1295 1547
1295 1882
1296 1297
1296 1298
1297 1528
1297 1558
1298 1529
1298 1884
1299 1300
1299 1301
1300 1573
1300 1600
1301 1574
1301 1886
1302 1303
1302 1304
1303 1543
1303 1603
1304 1604
1304 1888
1305 1306
1305 1307
1306 1579
1306 1582
1307 1583
1307 1890
1308 1309
1308 1310
1309 1564
1309 1606
1310 1607
1310 1892
1311 1312
1311 1313
1312 1474
1312 1522
1313 1523
1313 1894
1314 1315
1314 1316
1315 1471
1315 1504
1316 1505
1316 1896
1317 1318
1317 1319
1318 1561
1318 1585
1319 1562
1319 1898
1320 1321
1320 1322
1321 1549
1321 1582
1322 1550
1322 1900
1323 1324
1323 1325
1324 1495
1324 1588
1325 1496
1325 1902
1326 1327
1326 1328
1327 1519
1327 1528
1328 1520
1328 1904
1329 1330
1329 1331
1330 1552
1330 1588
1331 1589
1331 1906
1332 1333
1332 1334
1333 1516
1333 1585
1334 1586
1334 1908
1335 1336
1335 1337
1336 1513
1336 1525
1337 1526
1337 1910
1338 1339
1338 1340
1339 1507
1339 1570
1340 1508
1340 1912
1341 1342
1341 1343
1342 1492
1342 1576
1343 1493
1343 1914
1344 1345
1344 1346
1345 1516
1345 1561
1346 1517
1346 1916
1347 1348
1347 1349
1348 1477
1348 1507
1349 1478
1349 1918
1350 1351
1350 1352
1351 1540
1351 1573
1352 1541
1352 1920
1353 1354
1353 1355
1354 1555
1354 1606
1355 1556
1355 1922
1356 1357
1356 1358
1357 1546
1357 1576
1358 1577
1358 1924
1359 1360
1359 1361
1360 1459
1360 1531
1361 1532
1361 1926
1362 1363
1362 1364
1363 1465
1363 1483
1364 1466
1364 1928
1365 1366
1365 1367
1366 1474
1366 1537
1367 1475
1367 1930
1368 1369
1368 1370
1369 1501
1369 1567
1370 1502
1370 1932
1371 1372
1371 1373
1372 1471
1372 1510
1373 1472
1373 1934
1374 1375
1374 1376
1375 1468
1375 1534
1376 1535
1376 1936
1377 1378
1377 1379
1378 1477
1378 1570
1379 1571
1379 1938
1380 1381
1380 1382
1381 1498
1381 1525
1382 1499
1382 1940
1383 1384
1383 1385
1384 1468
1384 1489
1385 1469
1385 1942
1386 1387
1386 1388
1387 1549
1387 1579
1388 1580
1388 1944
1389 1390
1389 1391
1390 1519
1390 1558
1391 1559
1391 1946
1392 1393
1392 1394
1393 1480
1393 1531
1394 1481
1394 1948
1395 1396
1395 1397
1396 1522
1396 1537
1397 1538
1397 1950
1398 1399
1398 1400
1399 1486
1399 1567
1400 1568
1400 1952
1401 1402
1401 1403
1402 1486
1402 1501
1403 1487
1403 1954
1404 1405
1404 1406
1405 1498
1405 1513
1406 1514
1406 1956
1407 1408
1407 1409
1408 1504
1408 1510
1409 1511
1409 1958
1410 1411
1410 1412
1411 1456
1411 1465
1412 1457
1412 1960
1413 1414
1413 1415
1414 1444
1414 1462
1415 1463
1415 1962
1416 1417
1416 1418
1417 1453
1417 1462
1418 1454
1418 1964
1419 1420
1419 1421
1420 1459
1420 1480
1421 1460
1421 1966
1422 1423
1422 1424
1423 1456
1423 1483
1424 1484
1424 1968
1425 1426
1425 1427
1426 1489
1426 1534
1427 1490
1427 1970
1428 1429
1428 1430
1429 1441
1429 1447
1430 1442
1430 1972
1431 1432
1431 1433
1432 1447
1432 1450
1433 1448
1433 1974
1434 1435
1434 1436
1435 1444
1435 1453
1436 1445
1436 1976
1437 1438
1437 1439
1438 1441
1438 1450
1439 1451
1439 1978
1440 1441
1440 1442
1442 1980
1443 1444
1443 1445
1445 1982
1446 1447
1446 1448
1448 1984
1449 1450
1449 1451
1451 1986
1452 1453
1452 1454
1454 1988
1455 1456
1455 1457
1457 1990
1458 1459
1458 1460
1460 1992
1461 1462
1461 1463
1463 1994
1464 1465
1464 1466
1466 1996
1467 1468
1467 1469
1469 1998
1470 1471
1470 1472
1472 2000
1473 1474
1473 1475
1475 2002
1476 1477
1476 1478
1478 2004
1479 1480
1479 1481
1481 2006
1482 1483
1482 1484
1484 2008
1485 1486
1485 1487
1487 2010
1488 1489
1488 1490
1490 2012
1491 1492
1491 1493
1493 2014
1494 1495
1494 1496
1496 2016
1497 1498
1497 1499
1499 2018
1500 1501
1500 1502
1502 2020
1503 1504
1503 1505
1505 2022
1506 1507
1506 1508
1508 2024
1509 1510
1509 1511
1511 2026
1512 1513
1512 1514
1514 2028
1515 1516
1515 1517
1517 2030
1518 1519
1518 1520
1520 2032
1521 1522
1521 1523
1523 2034
1524 1525
1524 1526
1526 2036
1527 1528
1527 1529
1529 2038
1530 1531
1530 1532
1532 2040
1533 1534
1533 1535
1535 2042
1536 1537
1536 1538
1538 2044
1539 1540
1539 1541
1541 2046
1542 1543
1542 1544
1544 2048
1545 1546
1545 1547
1547 2050
1548 1549
1548 1550
1550 2052
1551 1552
1551 1553
1553 2054
1554 1555
1554 1556
1556 2056
1557 1558
1557 1559
1559 2058
1560 1561
1560 1562
1562 2060
1563 1564
1563 1565
1565 2062
1566 1567
1566 1568
1568 2064
1569 1570
1569 1571
1571 2066
1572 1573
1572 1574
1574 2068
1575 1576
1575 1577
1577 2070
1578 1579
1578 1580
1580 2072
1581 1582
1581 1583
1583 2074
1584 1585
1584 1586
1586 2076
1587 1588
1587 1589
1589 2078
1590 1591
1590 1592
1592 2080
1593 1594
1593 1595
1595 2082
1596 1597
1596 1598
1598 2084
1599 1600
1599 1601
1601 2086
1602 1603
1602 1604
1604 2088
1605 1606
1605 1607
1607 2090
1608 1609
1608 1610
1610 2092
1611 1612
1611 1613
1613 2094
1614 1615
1614 1616
1616 2096
1617 1618
1617 1619
1619 2098
1680 1681
1681 1858
1681 2100
1682 1683
1683 1856
1683 2101
1684 1685
1685 1853
1685 2102
1686 1687
1687 1850
1687 2103
1688 1689
1689 1848
1689 2104
1690 1691
1691 1859
1691 2105
1692 1693
1693 1857
1693 2106
1694 1695
1695 1849
1695 2107
1696 1697
1697 1826
1697 2108
1698 1699
1699 1844
1699 2109
1700 1701
1701 1855
1701 2110
1702 1703
1703 1828
1703 2111
1704 1705
1705 1821
1705 2112
1706 1707
1707 1841
1707 2113
1708 1709
1709 1836
1709 2114
1710 1711
1711 1840
1711 2115
1712 1713
1713 1837
1713 2116
1714 1715
1715 1830
1715 2117
1716 1717
1717 1829
1717 2118
1718 1719
1719 1847
1719 2119
1720 1721
1721 1854
1721 2120
1722 1723
1723 1812
1723 2121
1724 1725
1725 1834
1725 2122
1726 1727
1727 1851
1727 2123
1728 1729
1729 1852
1729 2124
1730 1731
1731 1835
1731 2125
1732 1733
1733 1808
1733 2126
1734 1735
1735 1833
1735 2127
1736 1737
1737 1811
1737 2128
1738 1739
1739 1818
1739 2129
1740 1741
1741 1817
1741 2130
1742 1743
1743 1842
1743 2131
1744 1745
1745 1839
1745 2132
1746 1747
1747 1827
1747 2133
1748 1749
1749 1822
1749 2134
1750 1751
1751 1825
1751 2135
1752 1753
1753 1814
1753 2136
1754 1755
1755 1816
1755 2137
1756 1757
1757 1846
1757 2138
1758 1759
1759 1832
1759 2139
1760 1761
1761 1815
1761 2140
1762 1763
1763 1813
1763 2141
1764 1765
1765 1831
1765 2142
1766 1767
1767 1845
1767 2143
1768 1769
1769 1809
1769 2144
1770 1771
1771 1843
1771 2145
1772 1773
1773 1838
1773 2146
1774 1775
1775 1819
1775 2147
1776 1777
1777 1804
1777 2148
1778 1779
1779 1807
1779 2149
1780 1781
1781 1803
1781 2150
1782 1783
1783 1823
1783 2151
1784 1785
1785 1824
1785 2152
1786 1787
1787 1802
1787 2153
1788 1789
1789 1820
1789 2154
1790 1791
1791 1810
1791 2155
1792 1793
1793 1801
1793 2156
1794 1795
1795 1806
1795 2157
1796 1797
1797 1800
1797 2158
1798 1799
1799 1805
1799 2159
1860 1861
1861 2093
1861 2100
1862 1863
1863 2097
1863 2101
1864 1865
1865 2095
1865 2102
1866 1867
1867 2099
1867 2103
1868 1869
1869 2085
1869 2104
1870 1871
1871 2081
1871 2105
1872 1873
1873 2087
1873 2106
1874 1875
1875 2083
1875 2107
1876 1877
1877 2049
1877 2108
1878 1879
1879 2063
1879 2109
1880 1881
1881 2055
1881 2110
1882 1883
1883 2051
1883 2111
1884 1885
1885 2039
1885 2112
1886 1887
1887 2069
1887 2113
1888 1889
1889 2089
1889 2114
1890 1891
1891 2075
1891 2115
1892 1893
1893 2091
1893 2116
1894 1895
1895 2035
1895 2117
1896 1897
1897 2023
1897 2118
1898 1899
1899 2061
1899 2119
1900 1901
1901 2053
1901 2120
1902 1903
1903 2017
1903 2121
1904 1905
1905 2033
1905 2122
1906 1907
1907 2079
1907 2123
1908 1909
1909 2077
1909 2124
1910 1911
1911 2037
1911 2125
1912 1913
1913 2025
1913 2126
1914 1915
1915 2015
1915 2127
1916 1917
1917 2031
1917 2128
1918 1919
1919 2005
1919 2129
1920 1921
1921 2047
1921 2130
1922 1923
1923 2057
1923 2131
1924 1925
1925 2071
1925 2132
1926 1927
1927 2041
1927 2133
1928 1929
1929 1997
1929 2134
1930 1931
1931 2003
1931 2135
1932 1933
1933 2021
1933 2136
1934 1935
1935 2001
1935 2137
1936 1937
1937 2043
1937 2138
1938 1939
1939 2067
1939 2139
1940 1941
1941 2019
1941 2140
1942 1943
1943 1999
1943 2141
1944 1945
1945 2073
1945 2142
1946 1947
1947 2059
1947 2143
1948 1949
1949 2007
1949 2144
1950 1951
1951 2045
1951 2145
1952 1953
1953 2065
1953 2146
1954 1955
1955 2011
1955 2147
1956 1957
1957 2029
1957 2148
1958 1959
1959 2027
1959 2149
1960 1961
1961 1991
1961 2150
1962 1963
1963 1995
1963 2151
1964 1965
1965 1989
1965 2152
1966 1967
1967 1993
1967 2153
1968 1969
1969 2009
1969 2154
1970 1971
1971 2013
1971 2155
1972 1973
1973 1981
1973 2156
1974 1975
1975 1985
1975 2157
1976 1977
1977 1983
1977 2158
1978 1979
1979 1987
1979 2159
1980 1981
1981 2158
1982 1983
1983 2156
1984 1985
1985 2153
1986 1987
1987 2150
1988 1989
1989 2148
1990 1991
1991 2159
1992 1993
1993 2157
1994 1995
1995 2149
1996 1997
1997 2126
1998 1999
1999 2144
2000 2001
2001 2155
2002 2003
2003 2128
2004 2005
2005 2121
2006 2007
2007 2141
2008 2009
2009 2136
2010 2011
2011 2140
2012 2013
2013 2137
2014 2015
2015 2130
2016 2017
2017 2129
2018 2019
2019 2147
2020 2021
2021 2154
2022 2023
2023 2112
2024 2025
2025 2134
2026 2027
2027 2151
2028 2029
2029 2152
2030 2031
2031 2135
2032 2033
2033 2108
2034 2035
2035 2133
2036 2037
2037 2111
2038 2039
2039 2118
2040 2041
2041 2117
2042 2043
2043 2142
2044 2045
2045 2139
2046 2047
2047 2127
2048 2049
2049 2122
2050 2051
2051 2125
2052 2053
2053 2114
2054 2055
2055 2116
2056 2057
2057 2146
2058 2059
2059 2132
2060 2061
2061 2115
2062 2063
2063 2113
2064 2065
2065 2131
2066 2067
2067 2145
2068 2069
2069 2109
2070 2071
2071 2143
2072 2073
2073 2138
2074 2075
2075 2119
2076 2077
2077 2104
2078 2079
2079 2107
2080 2081
2081 2103
2082 2083
2083 2123
2084 2085
2085 2124
2086 2087
2087 2102
2088 2089
2089 2120
2090 2091
2091 2110
2092 2093
2093 2101
2094 2095
2095 2106
2096 2097
2097 2100
2098 2099
2099 2105
