0 2
0 1
1 4
1 3
2 6
2 5
3 8
3 7
4 9
4 10
5 12
5 11
6 13
6 14
7 15
7 16
8 17
8 18
9 19
9 20
10 21
10 22
11 23
11 24
12 25
12 26
13 27
13 28
14 30
14 29
15 32
15 31
16 34
16 33
17 36
17 35
18 38
18 37
19 40
19 39
20 42
20 41
21 44
21 43
22 46
22 45
23 48
23 47
24 49
24 50
25 52
25 51
26 54
26 53
27 56
27 55
28 58
28 57
29 59
29 60
30 61
30 62
31 63
31 64
32 65
32 66
33 67
33 68
34 69
34 70
35 71
35 72
36 73
36 74
37 75
37 76
38 77
38 78
39 79
39 80
40 81
40 82
41 83
41 84
42 85
42 86
43 87
43 88
44 89
44 90
45 91
45 92
46 93
46 94
47 95
47 96
48 97
48 98
49 99
49 100
50 101
50 102
51 103
51 104
52 105
52 106
53 107
53 108
54 109
54 110
55 111
55 112
56 113
56 114
57 115
57 116
58 117
58 118
59 119
59 61
59 120
60 121
60 122
61 123
61 124
62 125
62 126