0 84
0 20
0 10
0 4
0 1
0 56
0 85
0 3
0 35
0 6
0 58
0 12
0 22
0 37
0 11
0 21
0 2
0 5
0 86
0 57
0 36
1 84
1 56
1 35
1 20
1 4
1 87
1 10
1 39
1 13
1 3
1 8
1 14
1 24
1 59
1 88
1 23
1 60
1 2
1 7
1 38
2 85
2 57
2 21
2 5
2 87
2 13
2 59
2 11
2 40
2 3
2 61
2 15
2 25
2 9
2 38
2 89
2 36
2 7
2 23
3 86
3 22
3 12
3 6
3 58
3 39
3 88
3 40
3 14
3 15
3 9
3 61
3 25
3 60
3 89
3 24
3 37
3 8
4 20
4 10
4 90
4 41
4 62
4 91
4 84
4 26
4 56
4 27
4 35
4 6
4 8
4 17
4 42
4 16
4 63
4 5
4 7
5 85
5 21
5 11
5 90
5 41
5 26
5 62
5 43
5 57
5 28
5 9
5 18
5 6
5 64
5 92
5 36
5 7
5 16
6 22
6 12
6 42
6 58
6 91
6 43
6 17
6 18
6 9
6 86
6 28
6 64
6 63
6 92
6 27
6 37
6 8
7 23
7 13
7 90
7 41
7 59
7 62
7 93
7 44
7 8
7 38
7 9
7 19
7 87
7 29
7 16
7 65
7 26
8 60
8 39
8 24
8 14
8 63
8 42
8 88
8 27
8 91
8 17
8 29
8 19
8 9
8 44
8 65
8 93
9 40
9 25
9 43
9 89
9 28
9 92
9 15
9 44
9 18
9 61
9 29
9 64
9 93
9 19
9 65
10 84
10 56
10 35
10 20
10 94
10 13
10 30
10 14
10 66
10 95
10 12
10 31
10 17
10 46
10 67
10 11
10 45
10 16
11 85
11 57
11 21
11 36
11 94
11 66
11 30
11 13
11 15
11 96
11 12
11 32
11 18
11 47
11 68
11 45
11 16
12 86
12 22
12 37
12 95
12 31
12 58
12 68
12 32
12 15
12 67
12 96
12 18
12 47
12 14
12 46
12 17
13 87
13 38
13 23
13 66
13 59
13 30
13 14
13 15
13 94
13 33
13 97
13 19
13 48
13 69
13 45
13 16
14 24
14 67
14 60
14 31
14 88
14 95
14 15
14 39
14 97
14 33
14 19
14 48
14 69
14 46
14 17
15 25
15 89
15 61
15 32
15 96
15 48
15 19
15 68
15 97
15 33
15 40
15 69
15 47
15 18
16 90
16 26
16 66
16 45
16 30
16 62
16 17
16 49
16 18
16 41
16 70
16 94
16 98
16 19
16 34
17 42
17 27
17 67
17 46
17 31
17 91
17 49
17 19
17 95
17 63
17 34
17 18
17 70
17 98
18 43
18 28
18 68
18 47
18 32
18 64
18 19
18 70
18 96
18 92
18 34
18 49
18 98
19 93
19 29
19 97
19 48
19 33
19 65
19 69
19 98
19 34
19 44
19 70
19 49
20 35
20 99
20 84
20 26
20 30
20 56
20 27
20 23
20 71
20 100
20 24
20 31
20 22
20 51
20 72
20 50
20 21
21 85
21 36
21 99
21 71
21 50
21 30
21 26
21 57
21 28
21 22
21 25
21 32
21 73
21 101
21 52
21 23
22 37
22 100
22 51
22 31
22 27
22 58
22 52
22 73
22 32
22 25
22 86
22 28
22 72
22 101
22 24
23 38
23 99
23 26
23 59
23 30
23 33
23 50
23 71
23 53
23 24
23 102
23 25
23 87
23 29
23 74
24 39
24 100
24 60
24 31
24 27
24 88
24 72
24 53
24 33
24 29
24 51
24 74
24 25
24 102
25 40
25 101
25 28
25 89
25 52
25 61
25 32
25 29
25 74
25 73
25 102
25 33
25 53
26 90
26 41
26 99
26 71
26 30
26 62
26 50
26 34
26 75
26 103
26 29
26 27
26 28
26 54
27 42
27 100
27 72
27 31
27 103
27 91
27 51
27 63
27 34
27 28
27 54
27 29
27 75
28 43
28 101
28 73
28 52
28 32
28 103
28 92
28 34
28 64
28 29
28 54
28 75
29 93
29 44
29 102
29 33
29 74
29 103
29 65
29 75
29 34
29 53
29 54
30 94
30 66
30 99
30 104
30 76
30 33
30 50
30 34
30 71
30 45
30 55
30 31
30 32
31 95
31 67
31 100
31 76
31 33
31 46
31 104
31 51
31 72
31 32
31 34
31 55
32 96
32 68
32 101
32 52
32 104
32 34
32 47
32 76
32 73
32 33
32 55
33 97
33 69
33 74
33 104
33 76
33 53
33 102
33 48
33 55
33 34
34 98
34 70
34 49
34 54
34 103
34 55
34 75
34 104
34 76
35 84
35 56
35 105
35 50
35 45
35 41
35 38
35 39
35 36
35 78
35 46
35 37
35 42
35 51
35 77
35 106
36 85
36 57
36 77
36 45
36 41
36 38
36 52
36 37
36 105
36 47
36 40
36 50
36 79
36 43
36 107
37 86
37 106
37 46
37 42
37 39
37 58
37 52
37 51
37 78
37 107
37 40
37 79
37 43
37 47
38 87
38 105
38 45
38 41
38 50
38 108
38 59
38 40
38 53
38 77
38 48
38 80
38 39
38 44
39 60
39 78
39 46
39 42
39 108
39 88
39 40
39 106
39 48
39 53
39 44
39 51
39 80
40 107
40 52
40 47
40 43
40 79
40 108
40 89
40 80
40 61
40 48
40 44
40 53
41 90
41 105
41 77
41 50
41 109
41 81
41 62
41 43
41 44
41 49
41 45
41 42
41 54
42 63
42 106
42 51
42 109
42 81
42 91
42 46
42 43
42 54
42 44
42 78
42 49
43 79
43 109
43 52
43 81
43 92
43 47
43 44
43 107
43 49
43 54
43 64
44 93
44 108
44 53
44 80
44 109
44 81
44 65
44 54
44 48
44 49
45 66
45 50
45 110
45 82
45 55
45 94
45 49
45 77
45 48
45 46
45 105
45 47
46 67
46 51
46 110
46 82
46 55
46 78
46 49
46 106
46 48
46 95
46 47
47 96
47 68
47 79
47 52
47 110
47 82
47 55
47 107
47 49
47 48
48 108
48 80
48 110
48 53
48 82
48 55
48 97
48 69
48 49
49 98
49 109
49 54
49 81
49 110
49 82
49 55
49 70
50 71
50 105
50 77
50 83
50 54
50 51
50 55
50 52
50 99
50 111
50 53
51 72
51 106
51 55
51 83
51 54
51 78
51 52
51 111
51 53
51 100
52 73
52 107
52 55
52 79
52 83
52 54
52 111
52 53
52 101
53 74
53 55
53 80
53 83
53 54
53 108
53 111
53 102
54 103
54 75
54 83
54 55
54 81
54 111
54 109
55 83
55 104
55 76
55 110
55 82
55 111
56 112
56 77
56 71
56 66
56 57
56 59
56 62
56 78
56 72
56 84
56 113
56 58
56 60
56 63
56 67
57 112
57 77
57 71
57 66
57 62
57 59
57 85
57 114
57 73
57 58
57 61
57 64
57 68
57 79
58 113
58 78
58 72
58 67
58 63
58 60
58 114
58 86
58 68
58 64
58 61
58 73
58 79
59 87
59 112
59 77
59 66
59 62
59 80
59 69
59 115
59 71
59 65
59 60
59 61
59 74
60 113
60 78
60 67
60 63
60 115
60 80
60 72
60 69
60 88
60 65
60 61
60 74
61 114
61 79
61 68
61 64
61 80
61 73
61 115
61 89
61 74
61 65
61 69
62 66
62 90
62 112
62 77
62 71
62 116
62 81
62 75
62 65
62 70
62 63
62 64
63 113
63 78
63 72
63 67
63 81
63 75
63 91
63 116
63 64
63 65
63 70
64 114
64 79
64 73
64 68
64 81
64 75
64 70
64 116
64 92
64 65
65 115
65 80
65 74
65 69
65 81
65 75
65 93
65 116
65 70
66 94
66 112
66 77
66 82
66 76
66 70
66 69
66 71
66 117
66 68
66 67
67 113
67 78
67 117
67 82
67 76
67 69
67 95
67 72
67 70
67 68
68 114
68 79
68 117
68 82
68 70
68 96
68 73
68 76
68 69
69 115
69 80
69 74
69 82
69 76
69 70
69 117
69 97
70 116
70 81
70 117
70 82
70 75
70 98
70 76
71 99
71 77
71 118
71 112
71 83
71 76
71 75
71 74
71 72
71 73
72 113
72 83
72 76
72 75
72 74
72 78
72 100
72 73
72 118
73 114
73 118
73 76
73 75
73 74
73 79
73 101
73 83
74 115
74 80
74 76
74 75
74 118
74 102
74 83
75 81
75 118
75 76
75 83
75 116
75 103
76 82
76 83
76 104
76 117
76 118
77 105
77 119
77 112
77 83
77 82
77 81
77 80
77 79
77 78
78 113
78 119
78 83
78 82
78 81
78 79
78 106
78 80
79 114
79 83
79 82
79 80
79 107
79 81
79 119
80 115
80 83
80 81
80 82
80 108
80 119
81 116
81 119
81 82
81 83
81 109
82 117
82 119
82 83
82 110
83 118
83 119
83 111
84 112
84 105
84 99
84 94
84 90
84 113
84 87
84 91
84 85
84 95
84 88
84 100
84 86
84 106
85 112
85 105
85 99
85 90
85 114
85 107
85 87
85 96
85 89
85 86
85 94
85 101
85 92
86 106
86 100
86 91
86 88
86 107
86 113
86 114
86 95
86 89
86 92
86 96
86 101
87 112
87 105
87 99
87 90
87 115
87 108
87 102
87 97
87 93
87 94
87 88
87 89
88 106
88 100
88 91
88 108
88 102
88 113
88 115
88 95
88 89
88 97
88 93
89 107
89 101
89 92
89 108
89 102
89 93
89 114
89 96
89 115
89 97
90 112
90 105
90 109
90 98
90 94
90 116
90 103
90 99
90 93
90 91
90 92
91 106
91 116
91 109
91 103
91 98
91 113
91 95
91 100
91 92
91 93
92 107
92 116
92 109
92 103
92 98
92 114
92 96
92 93
92 101
93 115
93 108
93 97
93 109
93 103
93 98
93 116
93 102
94 112
94 105
94 99
94 110
94 104
94 97
94 98
94 117
94 95
94 96
95 106
95 100
95 110
95 98
95 97
95 117
95 113
95 104
95 96
96 107
96 101
96 117
96 110
96 104
96 98
96 114
96 97
97 115
97 108
97 110
97 104
97 98
97 117
97 102
98 116
98 109
98 117
98 110
98 103
98 104
99 112
99 105
99 118
99 111
99 104
99 103
99 102
99 101
99 100
100 106
100 104
100 103
100 102
100 101
100 113
100 111
100 118
101 107
101 111
101 104
101 103
101 102
101 114
101 118
102 115
102 108
102 104
102 103
102 111
102 118
103 109
103 118
103 111
103 104
103 116
104 110
104 111
104 117
104 118
105 112
105 111
105 110
105 109
105 107
105 119
105 106
105 108
106 119
106 111
106 110
106 108
106 107
106 113
106 109
107 119
107 111
107 109
107 108
107 114
107 110
108 115
108 119
108 110
108 109
108 111
109 116
109 111
109 110
109 119
110 117
110 119
110 111
111 118
111 119
112 118
112 113
112 115
112 114
112 117
112 116
112 119
113 119
113 114
113 116
113 115
113 118
113 117
114 117
114 115
114 116
114 119
114 118
115 116
115 119
115 117
115 118
116 118
116 117
116 119
117 119
117 118
118 119