0 127
0 126
0 124
0 4
0 3
0 2
0 1
1 127
1 126
1 125
1 5
1 4
1 2
1 52
2 126
2 6
2 5
2 4
2 3
3 127
3 6
3 5
3 4
4 5
4 8
4 7
4 6
5 9
5 8
5 7
5 6
5 56
6 11
6 14
6 10
6 9
6 8
6 7
7 11
7 10
7 9
7 8
8 11
8 10
8 9
9 13
9 12
9 11
9 10
10 15
10 14
10 13
10 12
11 14
11 15
11 13
11 12
12 16
12 15
12 14
12 13
13 16
13 15
13 14
14 18
14 17
14 16
14 15
15 84
15 18
15 17
15 16
16 46
16 20
16 19
16 18
16 43
16 17
17 21
17 20
17 19
17 18
18 21
18 20
18 19
19 24
19 23
19 22
19 21
19 20
20 24
20 23
20 22
20 21
21 25
21 24
21 23
21 22
21 83
22 26
22 25
22 24
23 26
23 25
23 24
24 28
24 27
24 26
24 25
25 29
25 26
26 30
26 29
26 28
26 27
27 31
27 30
27 29
27 28
28 32
28 30
28 29
29 50
29 33
29 32
29 31
29 30
30 101
30 100
30 34
30 33
30 32
30 31
31 35
31 34
31 33
31 32
32 35
32 34
32 33
33 37
33 36
33 35
33 34
34 38
34 37
34 127
34 36
34 35
35 39
35 38
35 37
35 36
36 40
36 39
36 38
36 37
37 40
37 39
37 38
38 42
38 41
38 40
38 39
39 112
39 111
39 43
39 42
39 41
39 40
40 43
40 42
40 41
41 44
41 45
41 43
41 42
42 45
42 44
42 43
43 46
43 45
43 44
44 48
44 47
44 46
44 45
45 48
45 47
45 46
46 92
46 49
46 48
46 47
47 52
47 51
47 50
47 49
47 48
48 52
48 51
48 50
48 49
49 56
49 53
49 52
49 51
50 53
50 52
50 51
51 55
51 54
51 53
51 52
52 56
52 55
52 54
52 53
53 57
53 56
53 55
53 54
54 58
54 57
54 56
54 55
55 59
55 57
55 56
56 60
56 59
56 58
56 57
57 60
57 59
57 58
58 62
58 61
58 60
58 59
59 63
59 61
59 60
60 65
60 64
60 63
60 62
60 87
60 61
61 65
61 64
61 63
61 62
62 66
62 65
62 64
62 63
63 66
63 65
63 64
64 69
64 68
64 67
64 66
64 65
65 69
65 68
65 67
65 66
66 70
66 69
66 68
66 67
67 72
67 71
67 70
67 69
67 68
68 72
68 71
68 70
68 69
69 72
69 71
69 70
70 74
70 73
70 72
70 71
71 75
71 74
71 73
71 72
72 75
72 74
72 73
73 104
73 77
73 76
73 75
73 74
74 78
74 77
74 115
74 76
74 75
75 78
75 77
75 76
76 81
76 80
76 79
76 78
76 77
77 81
77 80
77 79
77 78
78 82
78 81
78 80
78 79
79 84
79 83
79 82
79 81
79 80
80 84
80 83
80 82
80 81
81 84
81 83
81 82
82 86
82 85
82 84
82 83
83 87
83 86
83 85
83 84
84 87
85 89
85 88
85 87
85 86
86 89
86 88
86 87
87 91
87 90
87 89
87 88
88 92
88 91
88 90
88 89
89 92
89 91
89 90
90 94
90 93
90 92
90 91
91 94
91 93
91 92
92 96
92 95
92 94
92 93
93 97
93 96
93 95
93 94
94 97
94 96
94 95
95 99
95 98
95 97
95 96
96 99
96 98
96 97
97 101
97 100
97 99
97 98
98 103
98 102
98 101
98 100
98 99
99 103
99 102
99 101
99 100
100 104
100 103
100 102
100 101
101 104
101 103
101 102
102 106
102 105
102 104
102 103
103 106
103 105
103 104
104 108
104 107
104 106
104 105
105 110
105 109
105 108
105 107
105 106
106 110
106 109
106 108
106 107
107 112
107 111
107 110
107 109
107 108
108 112
108 111
108 110
108 109
109 113
109 112
109 111
109 110
110 114
110 112
110 111
111 115
111 114
111 113
111 112
112 115
112 114
112 113
113 118
113 116
113 117
113 115
113 114
114 118
114 117
114 116
114 115
115 119
115 118
115 117
115 116
116 121
116 120
116 119
116 118
116 117
117 121
117 120
117 119
117 118
118 121
118 120
118 119
119 123
119 122
119 121
119 120
120 124
120 123
120 122
120 121
121 124
121 123
121 122
122 126
122 125
122 124
122 123
123 126
123 125
123 124
124 127
124 126
124 125
125 127
125 126
126 127