0 2
0 1
1 3
2 6
2 5
3 8
3 7
4 10
4 9
5 12
5 11
6 14
6 13
7 15
7 16
8 17
8 18
9 20
9 19
10 22
10 21
11 24
11 23
12 26
12 25
13 28
13 27
14 30
14 29
15 30
15 31
15 32
16 34
16 33
17 35
17 36
18 37
18 38
19 39
19 40
20 41
20 42
21 43
21 44
22 45
22 46
23 47
23 48
24 49
24 50
25 52
25 51
26 54
27 55
27 85
27 56
28 57
28 58
29 59
29 60
30 62
30 61
31 64
31 63
32 66
32 65
33 67
33 68
34 70
34 69
35 72
35 71
36 74
36 73
37 76
37 75
38 78
38 77
39 80
40 82
40 81
41 84
41 83
42 86
43 88
43 87
44 90
44 89
45 92
45 91
46 93
46 94
47 96
47 95
48 98
48 97
49 99
49 100
50 102
50 101
51 104
51 103
52 106
53 108
53 107
54 110
54 109
55 112
55 111
56 114
56 113
57 115
58 118
58 117
59 119
59 120
60 122
60 121
61 124
61 123
62 126
62 125