0 5
0 1
0 127
0 126
0 125
0 124
0 4
0 3
0 2
1 124
1 127
1 126
1 125
1 5
1 4
1 3
1 2
2 127
2 126
2 5
2 4
2 3
3 8
3 7
3 6
3 5
3 4
4 8
4 7
4 6
4 5
5 8
5 7
5 6
6 11
6 10
6 9
6 8
6 7
7 11
7 10
7 9
7 8
8 11
8 10
8 9
9 14
9 13
9 12
9 11
9 10
10 14
10 13
10 12
10 11
11 14
11 13
11 12
12 17
12 16
12 15
12 14
12 13
13 17
13 16
13 15
13 14
14 17
14 16
14 15
15 19
15 18
15 17
15 16
16 19
16 18
16 17
17 22
17 21
17 20
17 19
17 18
18 22
18 21
18 20
18 19
19 22
19 21
19 20
20 25
20 24
20 23
20 22
20 21
21 25
21 24
21 23
21 22
22 25
22 24
22 23
23 28
23 27
23 26
23 25
23 24
24 28
24 27
24 26
24 25
25 28
25 27
25 26
26 31
26 30
26 29
26 28
26 27
27 31
27 30
27 29
27 28
28 31
28 30
28 29
29 33
29 32
29 31
29 30
30 33
30 32
30 31
31 36
31 35
31 34
31 33
31 32
32 36
32 35
32 34
32 33
33 36
33 35
33 34
34 38
34 37
34 36
34 35
35 38
35 37
35 36
36 38
36 37
37 38
37 41
37 40
37 39
38 41
38 40
38 39
39 43
39 42
39 41
39 40
40 43
40 42
40 41
41 46
41 45
41 44
41 43
41 42
42 46
42 45
42 44
42 43
43 46
43 45
43 44
44 49
44 48
44 47
44 46
44 45
45 49
45 48
45 47
45 46
46 49
46 48
46 47
47 52
47 51
47 50
47 49
47 48
48 52
48 51
48 50
48 49
49 52
49 51
49 50
50 54
50 53
50 52
50 51
51 54
51 53
51 52
52 56
52 55
52 54
52 53
53 57
53 56
53 55
53 54
54 57
54 56
54 55
55 59
55 58
55 57
55 56
56 59
56 58
56 57
57 61
57 60
57 59
57 58
58 63
58 62
58 61
58 60
58 59
59 63
59 62
59 61
59 60
60 65
60 64
60 63
60 62
60 61
61 65
61 64
61 63
61 62
62 66
62 65
62 64
63 66
63 65
63 64
64 68
64 67
64 66
64 65
65 68
65 67
65 66
66 70
66 69
66 68
66 67
67 72
67 71
67 70
67 69
67 68
68 72
68 71
68 70
68 69
69 74
69 73
69 72
69 71
69 70
70 74
70 73
70 72
70 71
71 76
71 75
71 74
71 73
71 72
72 76
72 75
72 74
72 73
73 77
73 76
73 75
73 74
74 77
74 76
74 75
75 80
75 79
75 78
75 77
75 76
76 80
76 79
76 78
76 77
77 82
77 81
77 80
77 79
77 78
78 83
78 82
78 81
78 80
78 79
79 83
79 82
79 81
79 80
80 83
80 82
80 81
81 82
81 85
81 84
81 83
82 85
82 84
82 83
83 88
83 87
83 86
83 85
83 84
84 85
84 88
84 87
84 86
85 88
85 87
85 86
86 90
86 89
86 88
86 87
87 92
87 91
87 90
87 89
87 88
88 92
88 91
88 90
88 89
89 90
89 93
89 92
89 91
90 93
90 92
90 91
91 95
91 94
91 93
91 92
92 95
92 94
92 93
93 97
93 96
93 95
93 94
94 98
94 97
94 96
94 95
95 98
95 97
95 96
96 97
96 100
96 99
96 98
97 100
97 99
97 98
98 102
98 101
98 100
98 99
99 104
99 103
99 102
99 101
99 100
100 104
100 103
100 102
100 101
101 105
101 104
101 103
101 102
102 105
102 104
102 103
103 107
103 106
103 105
103 104
104 107
104 106
104 105
105 109
105 108
105 107
105 106
106 110
106 109
106 108
106 107
107 110
107 109
107 108
108 112
108 111
108 110
108 109
109 112
109 111
109 110
110 115
110 114
110 113
110 112
110 111
111 115
111 114
111 113
111 112
112 115
112 114
112 113
113 118
113 117
113 116
113 115
113 114
114 118
114 117
114 116
114 115
115 118
115 117
115 116
116 121
116 120
116 119
116 118
116 117
117 121
117 120
117 119
117 118
118 121
118 120
118 119
119 123
119 122
119 121
119 120
120 123
120 122
120 121
121 125
121 124
121 123
121 122
122 127
122 126
122 125
122 124
122 123
123 127
123 126
123 125
123 124
124 127
124 126
124 125
125 127
125 126
126 127